0 0.782813 0.452344 0.065625 0.073438
0 0.585156 0.415625 0.210938 0.234375
0 0.417969 0.348438 0.139063 0.315625
2 0.980469 0.550000 0.039062 0.031250
2 0.341406 0.532031 0.057813 0.035937
2 0.616406 0.552344 0.582812 0.098437
3 0.805469 0.497656 0.107813 0.029687
4 0.316406 0.501563 0.020313 0.081250
4 0.155469 0.421875 0.035937 0.187500
4 0.267969 0.414062 0.039062 0.206250
4 0.900781 0.254688 0.035937 0.181250
7 0.657813 0.492969 0.040625 0.085938
9 0.971875 0.526563 0.031250 0.068750
9 0.864062 0.528125 0.084375 0.087500
20 0.482812 0.495312 0.028125 0.087500
20 0.917969 0.495312 0.126562 0.384375
21 0.482812 0.495312 0.028125 0.087500
21 0.917969 0.495312 0.126562 0.384375
23 0.456250 0.517969 0.031250 0.032813
23 0.402344 0.507812 0.057813 0.031250
23 0.157031 0.554688 0.314063 0.303125
24 0.456250 0.517969 0.031250 0.032813
24 0.402344 0.507812 0.057813 0.031250
24 0.157031 0.554688 0.314063 0.303125