0 0.925781 0.403906 0.120313 0.142187
0 0.191406 0.183594 0.023438 0.032813
0 0.221875 0.200781 0.034375 0.073438
0 0.164844 0.193750 0.029687 0.087500
0 0.145313 0.192969 0.009375 0.085938
0 0.559375 0.269531 0.600000 0.401562
0 0.070312 0.142969 0.140625 0.214062
2 0.026562 0.800000 0.053125 0.084375
2 0.757031 0.596875 0.314063 0.118750
2 0.298438 0.322656 0.071875 0.048438
2 0.171875 0.547656 0.212500 0.554688
3 0.390625 0.333594 0.071875 0.042188
4 0.855469 0.544531 0.017188 0.151562
4 0.861719 0.341406 0.010937 0.107813
4 0.985156 0.378125 0.023438 0.200000
4 0.857031 0.122656 0.064062 0.189062
4 0.157812 0.153125 0.046875 0.281250
4 0.258594 0.358594 0.054688 0.717187
5 0.505469 0.392188 0.032813 0.028125
16 0.056250 0.760156 0.046875 0.173437
23 0.956250 0.532813 0.087500 0.112500
23 0.220312 0.460938 0.021875 0.131250
23 0.307031 0.478125 0.104688 0.203125
23 0.475000 0.452344 0.275000 0.257812
23 0.207813 0.260937 0.053125 0.065625
24 0.956250 0.532813 0.087500 0.112500
24 0.220312 0.460938 0.021875 0.131250
24 0.307031 0.478125 0.104688 0.203125
24 0.475000 0.452344 0.275000 0.257812
24 0.207813 0.260937 0.053125 0.065625