0 0.048438 0.501563 0.096875 0.162500
0 0.423438 0.427344 0.031250 0.070312
0 0.132031 0.456250 0.076563 0.150000
0 0.385156 0.426563 0.064062 0.093750
0 0.210938 0.435156 0.090625 0.157812
0 0.593750 0.335156 0.034375 0.035937
0 0.274219 0.384375 0.126562 0.228125
0 0.721094 0.345313 0.070312 0.171875
0 0.767188 0.234375 0.071875 0.178125
2 0.863281 0.797656 0.273438 0.326562
2 0.060937 0.570312 0.078125 0.025000
2 0.510938 0.534375 0.306250 0.100000
3 0.353125 0.522656 0.025000 0.079687
4 0.057813 0.435937 0.018750 0.053125
4 0.084375 0.451562 0.040625 0.231250
4 0.244531 0.415625 0.032813 0.168750
4 0.348438 0.372656 0.043750 0.217188
4 0.317188 0.257812 0.081250 0.456250
4 0.670312 0.296875 0.153125 0.593750
5 0.520312 0.490625 0.018750 0.046875
5 0.471094 0.492969 0.042188 0.051562
5 0.575781 0.479687 0.101562 0.065625
5 0.863281 0.542188 0.273438 0.228125
5 0.658594 0.460938 0.064062 0.068750
23 0.046875 0.548438 0.037500 0.043750
23 0.290625 0.496875 0.034375 0.037500
24 0.046875 0.548438 0.037500 0.043750
24 0.290625 0.496875 0.034375 0.037500