0 0.262500 0.515625 0.118750 0.121875
0 0.602344 0.438281 0.023438 0.045312
0 0.500781 0.399219 0.076563 0.129688
0 0.357031 0.403125 0.029687 0.159375
0 0.548438 0.353125 0.040625 0.171875
0 0.042188 0.462500 0.084375 0.390625
0 0.271875 0.389062 0.175000 0.246875
0 0.413281 0.367969 0.123438 0.235937
0 0.135937 0.421875 0.140625 0.371875
0 0.776563 0.242188 0.431250 0.484375
5 0.084375 0.825781 0.078125 0.154688
5 0.270313 0.646094 0.118750 0.110937
7 0.578125 0.500000 0.021875 0.053125
7 0.911719 0.546094 0.101562 0.157812
9 0.044531 0.631250 0.048438 0.068750
21 0.552344 0.481250 0.035937 0.040625
21 0.517188 0.480469 0.021875 0.051562
21 0.464844 0.472656 0.032813 0.035937
22 0.552344 0.481250 0.035937 0.040625
22 0.517188 0.480469 0.021875 0.051562
22 0.464844 0.472656 0.032813 0.035937