0 0.602344 0.553125 0.032813 0.046875
0 0.276562 0.565625 0.012500 0.084375
0 0.509375 0.548438 0.034375 0.062500
0 0.422656 0.548438 0.079687 0.084375
0 0.334375 0.519531 0.096875 0.164062
0 0.244531 0.517188 0.073438 0.171875
0 0.823438 0.371094 0.040625 0.029687
0 0.692187 0.425000 0.340625 0.218750
0 0.934375 0.422656 0.131250 0.235937
2 0.063281 0.665625 0.126562 0.050000
2 0.862500 0.668750 0.275000 0.100000
2 0.669531 0.596875 0.126562 0.009375
2 0.801562 0.594531 0.125000 0.007812
5 0.043750 0.637500 0.087500 0.050000
12 0.407813 0.635156 0.287500 0.014063
12 0.902344 0.611719 0.048438 0.017188
17 0.900781 0.786719 0.104688 0.285938
17 0.801562 0.732812 0.071875 0.212500
17 0.721094 0.693750 0.051562 0.159375
17 0.660937 0.664062 0.037500 0.118750
17 0.607031 0.639844 0.045312 0.092188
17 0.568750 0.622656 0.040625 0.067187
21 0.370312 0.589063 0.050000 0.037500
21 0.544531 0.590625 0.123438 0.056250
21 0.846094 0.575781 0.035937 0.029687
21 0.197656 0.630469 0.145313 0.160938
21 0.900000 0.565625 0.046875 0.050000
22 0.370312 0.589063 0.050000 0.037500
22 0.544531 0.590625 0.123438 0.056250
22 0.846094 0.575781 0.035937 0.029687
22 0.197656 0.630469 0.145313 0.160938
22 0.900000 0.565625 0.046875 0.050000