0 0.078125 0.766406 0.090625 0.079687
0 0.156250 0.746875 0.031250 0.084375
0 0.315625 0.717187 0.034375 0.046875
0 0.237500 0.725781 0.021875 0.067187
0 0.194531 0.732812 0.029687 0.084375
0 0.666406 0.632031 0.042188 0.070312
0 0.862500 0.626563 0.043750 0.081250
0 0.897656 0.626563 0.026562 0.084375
0 0.792188 0.612500 0.034375 0.059375
0 0.712500 0.620313 0.046875 0.081250
0 0.882812 0.517188 0.031250 0.056250
0 0.859375 0.417187 0.050000 0.090625
0 0.835938 0.221094 0.025000 0.073438
0 0.909375 0.322656 0.181250 0.645312
1 0.092969 0.285938 0.048438 0.034375
1 0.810937 0.173437 0.053125 0.028125
2 0.934375 0.740625 0.087500 0.015625
2 0.837500 0.712500 0.084375 0.062500
3 0.153906 0.814063 0.214062 0.121875
3 0.294531 0.766406 0.035937 0.054688
3 0.988281 0.697656 0.023438 0.079687
3 0.889844 0.699219 0.176563 0.082812
21 0.366406 0.742969 0.073438 0.082812
21 0.432812 0.723437 0.040625 0.065625
21 0.492188 0.689063 0.103125 0.062500
21 0.667188 0.705469 0.246875 0.126562
22 0.366406 0.742969 0.073438 0.082812
22 0.432812 0.723437 0.040625 0.065625
22 0.492188 0.689063 0.103125 0.062500
22 0.667188 0.705469 0.246875 0.126562