0 0.882031 0.542969 0.029687 0.029687
0 0.909375 0.535156 0.028125 0.035937
2 0.094531 0.738281 0.117188 0.039062
3 0.832031 0.573438 0.039062 0.028125
3 0.875000 0.567187 0.053125 0.031250
3 0.915625 0.564844 0.025000 0.029687
3 0.943750 0.562500 0.025000 0.031250
23 0.482031 0.610938 0.057813 0.031250
23 0.257812 0.703125 0.209375 0.221875
23 0.590625 0.605469 0.043750 0.042188
23 0.760156 0.589063 0.114062 0.053125
24 0.482031 0.610938 0.057813 0.031250
24 0.257812 0.703125 0.209375 0.221875
24 0.590625 0.605469 0.043750 0.042188
24 0.760156 0.589063 0.114062 0.053125