0 0.378125 0.648438 0.256250 0.062500
0 0.011719 0.592187 0.023438 0.056250
2 0.630469 0.706250 0.226562 0.028125
3 0.278125 0.675781 0.140625 0.032813
3 0.749219 0.677344 0.501563 0.054688
5 0.959375 0.711719 0.081250 0.017188
5 0.711719 0.704688 0.098437 0.025000
5 0.289062 0.695312 0.106250 0.015625
5 0.582031 0.696875 0.157812 0.025000
21 0.805469 0.707812 0.123438 0.050000
21 0.369531 0.687500 0.057813 0.043750
21 0.123438 0.756250 0.246875 0.278125
22 0.805469 0.707812 0.123438 0.050000
22 0.369531 0.687500 0.057813 0.043750
22 0.123438 0.756250 0.246875 0.278125