0 0.312500 0.755469 0.084375 0.057813
0 0.375000 0.723437 0.037500 0.100000
0 0.796094 0.411719 0.407813 0.823438
0 0.292187 0.409375 0.584375 0.818750
2 0.385156 0.828125 0.085938 0.025000
2 0.148438 0.839063 0.296875 0.046875
2 0.810937 0.817969 0.043750 0.023438
2 0.916406 0.829688 0.157812 0.068750
3 0.954688 0.797656 0.025000 0.026562
3 0.237500 0.817187 0.300000 0.075000
6 0.561719 0.761719 0.020313 0.035937
20 0.865625 0.796094 0.021875 0.076563
20 0.833594 0.791406 0.029687 0.082812
20 0.411719 0.776563 0.017188 0.065625
21 0.865625 0.796094 0.021875 0.076563
21 0.833594 0.791406 0.029687 0.082812
21 0.411719 0.776563 0.017188 0.065625
22 0.992969 0.860156 0.014063 0.170313
22 0.344531 0.764844 0.017188 0.032813
23 0.631250 0.778906 0.037500 0.042188
23 0.507031 0.771875 0.060937 0.043750
23 0.943750 0.785156 0.084375 0.076563
23 0.723437 0.793750 0.134375 0.096875
24 0.631250 0.778906 0.037500 0.042188
24 0.507031 0.771875 0.060937 0.043750
24 0.943750 0.785156 0.084375 0.076563
24 0.723437 0.793750 0.134375 0.096875