0 0.050000 0.545312 0.062500 0.056250
0 0.143750 0.497656 0.040625 0.032813
0 0.525781 0.423438 0.045312 0.043750
0 0.478125 0.428906 0.050000 0.054688
0 0.331250 0.444531 0.181250 0.107813
0 0.859375 0.310937 0.259375 0.200000
2 0.471875 0.468750 0.215625 0.081250
3 0.056250 0.561719 0.056250 0.035937
3 0.205469 0.510156 0.070312 0.045312
4 0.560156 0.363281 0.048438 0.176563
12 0.499219 0.700000 0.923438 0.600000
21 0.136719 0.546875 0.104688 0.071875
21 0.293750 0.485938 0.043750 0.025000
21 0.664062 0.428125 0.065625 0.050000
22 0.136719 0.546875 0.104688 0.071875
22 0.293750 0.485938 0.043750 0.025000
22 0.664062 0.428125 0.065625 0.050000