0 0.850000 0.482031 0.071875 0.098437
2 0.035937 0.835156 0.071875 0.054688
2 0.082812 0.822656 0.021875 0.032813
2 0.812500 0.838281 0.243750 0.070312
2 0.666406 0.799219 0.042188 0.035937
3 0.653906 0.757031 0.073438 0.085938
3 0.746875 0.762500 0.109375 0.137500
3 0.965625 0.753125 0.068750 0.128125
3 0.910156 0.757812 0.048438 0.137500
4 0.590625 0.550000 0.050000 0.331250
19 0.046875 0.810937 0.034375 0.056250
21 0.965625 0.847656 0.068750 0.123438
21 0.278906 0.775000 0.376563 0.134375
21 0.554688 0.778906 0.184375 0.179688
22 0.965625 0.847656 0.068750 0.123438
22 0.278906 0.775000 0.376563 0.134375
22 0.554688 0.778906 0.184375 0.179688