0 0.067187 0.594531 0.050000 0.032813
0 0.950000 0.632812 0.100000 0.209375
1 0.246094 0.203906 0.020313 0.026562
2 0.992188 0.760156 0.015625 0.045312
2 0.196094 0.707031 0.076563 0.014063
2 0.884375 0.736719 0.187500 0.076563
2 0.314844 0.696875 0.148438 0.018750
3 0.168750 0.648438 0.068750 0.040625
3 0.116406 0.645312 0.020313 0.040625
3 0.292969 0.639844 0.170313 0.051562
5 0.271094 0.683594 0.226562 0.042188
5 0.575781 0.660937 0.048438 0.015625
5 0.950781 0.675000 0.060937 0.078125
5 0.900000 0.672656 0.034375 0.076563
5 0.853906 0.670312 0.045312 0.075000
6 0.539844 0.639062 0.042188 0.090625
6 0.386719 0.641406 0.014063 0.107813
6 0.483594 0.632812 0.070312 0.125000
8 0.678125 0.645312 0.062500 0.062500
11 0.858594 0.605469 0.010937 0.054688
11 0.845313 0.600000 0.009375 0.065625
11 0.825781 0.622656 0.017188 0.110937
11 0.683594 0.621875 0.260937 0.112500
21 0.696875 0.713281 0.112500 0.126562
22 0.696875 0.713281 0.112500 0.126562