0 0.094531 0.717187 0.039062 0.137500
0 0.042188 0.715625 0.053125 0.165625
2 0.638281 0.810937 0.398438 0.378125
23 0.188281 0.713281 0.045312 0.042188
23 0.396875 0.664062 0.034375 0.034375
23 0.556250 0.626563 0.065625 0.040625
23 0.624219 0.611719 0.067187 0.039062
23 0.675000 0.600000 0.031250 0.031250
24 0.188281 0.713281 0.045312 0.042188
24 0.396875 0.664062 0.034375 0.034375
24 0.556250 0.626563 0.065625 0.040625
24 0.624219 0.611719 0.067187 0.039062
24 0.675000 0.600000 0.031250 0.031250