0 0.268750 0.594531 0.018750 0.067187
0 0.330469 0.592969 0.095312 0.073438
0 0.085156 0.565625 0.170313 0.112500
0 0.975781 0.542188 0.048438 0.078125
0 0.326562 0.533594 0.084375 0.060937
0 0.206250 0.512500 0.050000 0.046875
0 0.269531 0.504687 0.020313 0.037500
0 0.928906 0.528125 0.032813 0.090625
0 0.858594 0.523438 0.104688 0.081250
4 0.948438 0.539062 0.015625 0.081250
4 0.657813 0.511719 0.028125 0.120313
4 0.255469 0.514844 0.132812 0.273438
4 0.935937 0.340625 0.062500 0.237500
8 0.353125 0.604688 0.050000 0.040625
21 0.221094 0.617969 0.089063 0.026562
21 0.441406 0.659375 0.185938 0.150000
21 0.769531 0.701562 0.460938 0.284375
22 0.221094 0.617969 0.089063 0.026562
22 0.441406 0.659375 0.185938 0.150000
22 0.769531 0.701562 0.460938 0.284375