0 0.477344 0.477344 0.045312 0.039062
0 0.214844 0.358594 0.429688 0.301563
2 0.316406 0.554688 0.126562 0.065625
3 0.914062 0.521094 0.171875 0.023438
5 0.290625 0.527344 0.171875 0.060937
7 0.289062 0.505469 0.053125 0.026562
21 0.978125 0.538281 0.043750 0.039062
21 0.435156 0.529687 0.114062 0.075000
21 0.348438 0.503125 0.046875 0.025000
21 0.175781 0.702344 0.351562 0.595313
22 0.978125 0.538281 0.043750 0.039062
22 0.435156 0.529687 0.114062 0.075000
22 0.348438 0.503125 0.046875 0.025000
22 0.175781 0.702344 0.351562 0.595313