0 0.490625 0.585938 0.043750 0.056250
0 0.525781 0.558594 0.048438 0.048438
0 0.384375 0.609375 0.118750 0.175000
0 0.260937 0.579688 0.125000 0.225000
0 0.102344 0.575781 0.204687 0.292187
0 0.649219 0.455469 0.170313 0.129688
0 0.817187 0.290625 0.365625 0.581250
2 0.247656 0.839844 0.382812 0.320312
2 0.419531 0.659375 0.057813 0.040625
4 0.526563 0.577344 0.040625 0.101562
4 0.570312 0.550781 0.046875 0.154688
4 0.714063 0.419531 0.075000 0.214062
6 0.978906 0.557031 0.042188 0.064062
10 0.197656 0.685937 0.020313 0.046875
16 0.333594 0.692187 0.017188 0.046875
17 0.739844 0.748437 0.054688 0.121875
17 0.596875 0.697656 0.025000 0.057813
18 0.281250 0.566406 0.037500 0.073438
20 0.314063 0.666406 0.018750 0.054688
20 0.738281 0.661719 0.064062 0.217188
21 0.314063 0.666406 0.018750 0.054688
21 0.738281 0.661719 0.064062 0.217188
23 0.765625 0.718750 0.028125 0.046875
23 0.574219 0.639062 0.026562 0.025000
23 0.503125 0.632031 0.040625 0.057813
23 0.979688 0.610938 0.040625 0.065625
23 0.714844 0.614062 0.179688 0.259375
24 0.765625 0.718750 0.028125 0.046875
24 0.574219 0.639062 0.026562 0.025000
24 0.503125 0.632031 0.040625 0.057813
24 0.979688 0.610938 0.040625 0.065625
24 0.714844 0.614062 0.179688 0.259375