0 0.671094 0.702344 0.029687 0.073438
0 0.473438 0.743750 0.071875 0.162500
0 0.538281 0.706250 0.051562 0.103125
0 0.709375 0.691406 0.062500 0.104688
0 0.741406 0.684375 0.035937 0.118750
0 0.938281 0.640625 0.048438 0.100000
0 0.839844 0.641406 0.198437 0.210938
0 0.970313 0.624219 0.059375 0.245312
0 0.210938 0.654687 0.421875 0.493750
2 0.339062 0.882812 0.465625 0.234375
2 0.852344 0.763281 0.295312 0.045312
4 0.578906 0.659375 0.048438 0.206250
4 0.726562 0.586719 0.100000 0.335938
4 0.535937 0.593750 0.087500 0.381250
4 0.920312 0.509375 0.115625 0.359375
4 0.380469 0.461719 0.154688 0.885938
5 0.246875 0.889062 0.046875 0.062500
9 0.141406 0.877344 0.173437 0.160938
23 0.640625 0.750000 0.065625 0.065625
23 0.705469 0.735156 0.060937 0.042188
24 0.640625 0.750000 0.065625 0.065625
24 0.705469 0.735156 0.060937 0.042188