0 0.472656 0.725781 0.067187 0.064062
0 0.093750 0.731250 0.187500 0.171875
0 0.328125 0.703906 0.078125 0.123438
0 0.888281 0.648438 0.067187 0.128125
1 0.882031 0.406250 0.032813 0.059375
1 0.959375 0.332813 0.040625 0.075000
2 0.592969 0.794531 0.164062 0.067187
5 0.056250 0.800000 0.034375 0.021875
10 0.368750 0.778125 0.025000 0.059375
10 0.689063 0.789844 0.021875 0.085938
10 0.721875 0.786719 0.037500 0.085938
20 0.146875 0.775000 0.018750 0.056250
21 0.146875 0.775000 0.018750 0.056250
23 0.982812 0.796875 0.034375 0.068750
23 0.213281 0.802344 0.145313 0.085938
23 0.390625 0.764062 0.025000 0.034375
23 0.464844 0.769531 0.064062 0.054688
23 0.664062 0.777344 0.062500 0.089063
23 0.587500 0.758594 0.021875 0.054688
23 0.844531 0.753125 0.054688 0.071875
23 0.760938 0.764062 0.115625 0.093750
23 0.906250 0.742188 0.059375 0.075000
23 0.980469 0.730469 0.039062 0.054688
24 0.982812 0.796875 0.034375 0.068750
24 0.213281 0.802344 0.145313 0.085938
24 0.390625 0.764062 0.025000 0.034375
24 0.464844 0.769531 0.064062 0.054688
24 0.664062 0.777344 0.062500 0.089063
24 0.587500 0.758594 0.021875 0.054688
24 0.844531 0.753125 0.054688 0.071875
24 0.760938 0.764062 0.115625 0.093750
24 0.906250 0.742188 0.059375 0.075000
24 0.980469 0.730469 0.039062 0.054688