0 0.050000 0.462500 0.021875 0.090625
0 0.052344 0.382031 0.020313 0.048438
0 0.427344 0.369531 0.042188 0.045312
0 0.727344 0.306250 0.545312 0.612500
0 0.182031 0.252344 0.364063 0.504687
2 0.926562 0.612500 0.146875 0.065625
2 0.050781 0.546875 0.101562 0.093750
2 0.113281 0.519531 0.029687 0.048438
3 0.410938 0.457031 0.084375 0.017188
3 0.537500 0.446094 0.040625 0.023438
3 0.487500 0.451562 0.056250 0.034375
23 0.448437 0.468750 0.034375 0.025000
23 0.347656 0.463281 0.070312 0.039062
23 0.668750 0.521875 0.396875 0.187500
23 0.214062 0.463281 0.181250 0.195312
24 0.448437 0.468750 0.034375 0.025000
24 0.347656 0.463281 0.070312 0.039062
24 0.668750 0.521875 0.396875 0.187500
24 0.214062 0.463281 0.181250 0.195312