0 0.478125 0.428906 0.046875 0.054688
0 0.623437 0.428125 0.012500 0.056250
0 0.964844 0.404687 0.070312 0.021875
0 0.651563 0.414062 0.040625 0.078125
0 0.850781 0.355469 0.298438 0.264062
0 0.232813 0.360156 0.465625 0.720313
2 0.485938 0.754687 0.971875 0.490625
2 0.511719 0.473438 0.026562 0.034375
6 0.952344 0.453906 0.095312 0.089063
18 0.467969 0.382031 0.023438 0.039062
20 0.478125 0.475781 0.046875 0.089063
20 0.592969 0.573438 0.098437 0.346875
21 0.478125 0.475781 0.046875 0.089063
21 0.592969 0.573438 0.098437 0.346875
23 0.903906 0.498437 0.192188 0.093750
23 0.431250 0.476562 0.040625 0.096875
24 0.903906 0.498437 0.192188 0.093750
24 0.431250 0.476562 0.040625 0.096875