0 0.599219 0.651563 0.073438 0.053125
3 0.284375 0.810937 0.031250 0.028125
3 0.726562 0.635156 0.206250 0.079687
4 0.068750 0.811719 0.021875 0.151562
5 0.091406 0.864062 0.029687 0.043750
11 0.746094 0.650781 0.332813 0.148438
23 0.142187 0.848437 0.106250 0.065625
23 0.328906 0.800000 0.051562 0.031250
23 0.566406 0.749219 0.051562 0.057813
23 0.620313 0.726562 0.059375 0.043750
23 0.703906 0.710938 0.098437 0.109375
24 0.142187 0.848437 0.106250 0.065625
24 0.328906 0.800000 0.051562 0.031250
24 0.566406 0.749219 0.051562 0.057813
24 0.620313 0.726562 0.059375 0.043750
24 0.703906 0.710938 0.098437 0.109375