0 0.657813 0.601562 0.096875 0.056250
0 0.798438 0.579688 0.028125 0.040625
0 0.872656 0.509375 0.029687 0.059375
0 0.009375 0.465625 0.018750 0.140625
0 0.524219 0.416406 0.026562 0.048438
0 0.580469 0.403125 0.029687 0.028125
0 0.360156 0.396094 0.098437 0.139063
0 0.367969 0.285938 0.126562 0.225000
0 0.157031 0.310937 0.314063 0.500000
5 0.867969 0.539844 0.264062 0.214062
6 0.575781 0.611719 0.095312 0.154688
11 0.259375 0.621875 0.446875 0.131250
11 0.019531 0.622656 0.035937 0.135937
11 0.421094 0.559375 0.045312 0.065625
11 0.492188 0.557813 0.106250 0.140625
11 0.712500 0.382812 0.312500 0.456250
11 0.895312 0.238281 0.200000 0.476562
21 0.650781 0.621875 0.039062 0.021875
21 0.387500 0.689844 0.150000 0.157812
21 0.495312 0.642969 0.050000 0.070312
21 0.708594 0.627344 0.073438 0.067187
22 0.650781 0.621875 0.039062 0.021875
22 0.387500 0.689844 0.150000 0.157812
22 0.495312 0.642969 0.050000 0.070312
22 0.708594 0.627344 0.073438 0.067187