0 0.007812 0.565625 0.015625 0.053125
0 0.593750 0.467969 0.178125 0.073438
0 0.336719 0.440625 0.154688 0.212500
0 0.235937 0.360156 0.053125 0.054688
0 0.189844 0.346094 0.032813 0.035937
0 0.586719 0.352344 0.176563 0.167187
0 0.046094 0.290625 0.092188 0.168750
0 0.789844 0.236719 0.392188 0.473438
1 0.042188 0.420312 0.021875 0.037500
2 0.582031 0.556250 0.223438 0.028125
2 0.889062 0.555469 0.221875 0.067187
3 0.282031 0.564063 0.020313 0.031250
3 0.333594 0.555469 0.076563 0.042188
3 0.855469 0.530469 0.051562 0.060937
3 0.575000 0.509375 0.225000 0.068750
3 0.942187 0.507031 0.109375 0.079687
3 0.739062 0.465625 0.103125 0.068750
3 0.888281 0.436719 0.201563 0.085938
4 0.621875 0.425781 0.165625 0.232813
5 0.335938 0.571875 0.068750 0.021875
5 0.580469 0.533594 0.226562 0.067187
5 0.746875 0.510938 0.109375 0.062500
5 0.861719 0.495312 0.129688 0.078125
5 0.959375 0.463281 0.065625 0.042188
6 0.204687 0.570312 0.025000 0.043750
6 0.035156 0.571875 0.039062 0.068750
6 0.181250 0.560156 0.025000 0.064062
6 0.091406 0.565625 0.089063 0.087500
21 0.244531 0.740625 0.470313 0.465625
21 0.510938 0.501563 0.034375 0.021875
22 0.244531 0.740625 0.470313 0.465625
22 0.510938 0.501563 0.034375 0.021875