0 0.252344 0.750781 0.026562 0.042188
0 0.292187 0.733594 0.050000 0.057813
0 0.600000 0.705469 0.034375 0.089063
0 0.345313 0.668750 0.056250 0.081250
0 0.386719 0.669531 0.029687 0.085938
0 0.716406 0.668750 0.064062 0.146875
0 0.387500 0.559375 0.056250 0.103125
0 0.751563 0.439063 0.496875 0.603125
0 0.182031 0.434375 0.360938 0.715625
2 0.788281 0.754687 0.104688 0.037500
9 0.261719 0.803906 0.026562 0.032813
9 0.287500 0.796875 0.025000 0.037500
23 0.311719 0.771094 0.079687 0.054688
23 0.147656 0.861719 0.232813 0.276562
23 0.916406 0.748437 0.167187 0.096875
23 0.546094 0.828906 0.385937 0.257812
24 0.311719 0.771094 0.079687 0.054688
24 0.147656 0.861719 0.232813 0.276562
24 0.916406 0.748437 0.167187 0.096875
24 0.546094 0.828906 0.385937 0.257812