0 0.528906 0.526563 0.042188 0.068750
0 0.902344 0.540625 0.167187 0.134375
0 0.479687 0.498437 0.050000 0.065625
0 0.407813 0.492188 0.021875 0.059375
0 0.434375 0.503906 0.034375 0.098437
0 0.370312 0.479687 0.053125 0.062500
0 0.330469 0.458594 0.017188 0.035937
0 0.294531 0.453906 0.048438 0.039062
0 0.185156 0.425781 0.276562 0.170313
0 0.041406 0.417187 0.023438 0.156250
0 0.015625 0.421875 0.031250 0.175000
2 0.944531 0.884375 0.110937 0.231250
3 0.908594 0.620313 0.126562 0.056250
3 0.800781 0.582812 0.039062 0.031250
3 0.742969 0.592969 0.089063 0.070312
3 0.117188 0.514062 0.115625 0.031250
4 0.237500 0.427344 0.015625 0.070312
4 0.465625 0.447656 0.040625 0.235937
4 0.367969 0.338281 0.051562 0.123438
4 0.667188 0.428125 0.050000 0.312500
4 0.983594 0.517188 0.032813 0.590625
4 0.054688 0.269531 0.081250 0.526563
13 0.846875 0.470313 0.096875 0.031250
13 0.438281 0.447656 0.032813 0.045312
13 0.565625 0.469531 0.156250 0.092188
13 0.472656 0.445312 0.029687 0.046875
13 0.281250 0.441406 0.078125 0.051562
13 0.383594 0.441406 0.076563 0.060937
21 0.582812 0.557031 0.031250 0.051562
21 0.486719 0.547656 0.079687 0.045312
21 0.062500 0.487500 0.034375 0.025000
21 0.296094 0.522656 0.248438 0.126562
22 0.582812 0.557031 0.031250 0.051562
22 0.486719 0.547656 0.079687 0.045312
22 0.062500 0.487500 0.034375 0.025000
22 0.296094 0.522656 0.248438 0.126562