0 0.808594 0.675000 0.164062 0.046875
0 0.705469 0.679688 0.039062 0.059375
0 0.667969 0.684375 0.026562 0.068750
0 0.411719 0.603906 0.157812 0.254688
0 0.168750 0.592187 0.337500 0.246875
3 0.267188 0.720313 0.534375 0.078125
3 0.821875 0.682813 0.356250 0.109375
21 0.515625 0.752344 0.034375 0.035937
21 0.568750 0.758594 0.056250 0.067187
21 0.625000 0.744531 0.050000 0.048438
21 0.905469 0.794531 0.189062 0.254688
22 0.515625 0.752344 0.034375 0.035937
22 0.568750 0.758594 0.056250 0.067187
22 0.625000 0.744531 0.050000 0.048438
22 0.905469 0.794531 0.189062 0.254688