0 0.173437 0.483594 0.028125 0.039062
0 0.925000 0.422656 0.068750 0.101562
0 0.965625 0.398438 0.043750 0.078125
0 0.489063 0.307812 0.425000 0.315625
2 0.473438 0.563281 0.128125 0.023438
2 0.021094 0.575000 0.042188 0.087500
2 0.310937 0.553906 0.175000 0.048438
2 0.200000 0.537500 0.031250 0.021875
2 0.740625 0.528906 0.087500 0.017188
4 0.097656 0.391406 0.023438 0.276562
4 0.221094 0.282031 0.067187 0.535937
5 0.459375 0.537500 0.103125 0.025000
5 0.328125 0.539062 0.118750 0.034375
5 0.250000 0.524219 0.031250 0.023438
5 0.822656 0.496875 0.048438 0.015625
7 0.398438 0.542188 0.021875 0.065625
12 0.019531 0.808594 0.039062 0.382812
12 0.185938 0.595313 0.278125 0.037500
23 0.037500 0.519531 0.018750 0.032813
23 0.616406 0.533594 0.160938 0.073438
23 0.153125 0.514844 0.062500 0.067187
23 0.964063 0.485938 0.021875 0.037500
24 0.037500 0.519531 0.018750 0.032813
24 0.616406 0.533594 0.160938 0.073438
24 0.153125 0.514844 0.062500 0.067187
24 0.964063 0.485938 0.021875 0.037500