0 0.267188 0.471094 0.053125 0.026562
0 0.937500 0.256250 0.081250 0.184375
0 0.721875 0.232813 0.393750 0.465625
0 0.274219 0.251563 0.548438 0.503125
2 0.524219 0.769531 0.951562 0.460938
2 0.378125 0.504687 0.062500 0.021875
2 0.646875 0.464062 0.087500 0.031250
2 0.823438 0.422656 0.059375 0.042188
3 0.088281 0.564844 0.176563 0.201563
5 0.099219 0.641406 0.164062 0.145313
20 0.244531 0.513281 0.035937 0.104688
20 0.359375 0.481250 0.018750 0.050000
20 0.316406 0.506250 0.057813 0.118750
20 0.632031 0.427344 0.017188 0.054688
20 0.499219 0.492969 0.148438 0.204687
20 0.703125 0.422656 0.025000 0.079687
20 0.737500 0.420312 0.021875 0.078125
20 0.758594 0.414844 0.026562 0.073438
20 0.788281 0.409375 0.039062 0.078125
21 0.244531 0.513281 0.035937 0.104688
21 0.359375 0.481250 0.018750 0.050000
21 0.316406 0.506250 0.057813 0.118750
21 0.632031 0.427344 0.017188 0.054688
21 0.499219 0.492969 0.148438 0.204687
21 0.703125 0.422656 0.025000 0.079687
21 0.737500 0.420312 0.021875 0.078125
21 0.758594 0.414844 0.026562 0.073438
21 0.788281 0.409375 0.039062 0.078125
23 0.274219 0.507031 0.057813 0.057813
23 0.177344 0.512500 0.035937 0.068750
23 0.217188 0.506250 0.043750 0.068750
23 0.912500 0.395313 0.137500 0.143750
24 0.274219 0.507031 0.057813 0.057813
24 0.177344 0.512500 0.035937 0.068750
24 0.217188 0.506250 0.043750 0.068750
24 0.912500 0.395313 0.137500 0.143750