0 0.203906 0.704688 0.032813 0.087500
0 0.014844 0.675000 0.029687 0.040625
0 0.484375 0.592187 0.065625 0.071875
0 0.530469 0.585156 0.023438 0.064062
0 0.332813 0.571875 0.040625 0.096875
2 0.113281 0.778125 0.226562 0.056250
2 0.446094 0.708594 0.089063 0.020313
2 0.987500 0.657031 0.025000 0.023438
3 0.242969 0.671875 0.045312 0.046875
3 0.283594 0.669531 0.032813 0.048438
3 0.897656 0.603125 0.114062 0.118750
3 0.977344 0.584375 0.045312 0.153125
4 0.178125 0.707812 0.015625 0.103125
4 0.403906 0.603906 0.010937 0.139063
4 0.106250 0.624219 0.006250 0.239063
4 0.589063 0.567187 0.046875 0.212500
4 0.089844 0.593750 0.117188 0.356250
4 0.200000 0.496094 0.081250 0.420312
4 0.910937 0.464062 0.125000 0.437500
6 0.358594 0.705469 0.051562 0.039062
6 0.242188 0.704688 0.050000 0.062500
6 0.835938 0.627344 0.037500 0.026562
10 0.736719 0.731250 0.023438 0.059375
14 0.732031 0.695312 0.045312 0.093750
20 0.398438 0.694531 0.018750 0.054688
21 0.398438 0.694531 0.018750 0.054688
22 0.416406 0.693750 0.026562 0.040625
22 0.370312 0.686719 0.050000 0.067187
23 0.293750 0.732031 0.134375 0.085938
23 0.639062 0.666406 0.028125 0.026562
23 0.557813 0.705469 0.140625 0.117188
23 0.723437 0.655469 0.137500 0.076563
24 0.293750 0.732031 0.134375 0.085938
24 0.639062 0.666406 0.028125 0.026562
24 0.557813 0.705469 0.140625 0.117188
24 0.723437 0.655469 0.137500 0.076563