0 0.219531 0.716406 0.020313 0.064062
0 0.483594 0.414844 0.967187 0.829688
2 0.217188 0.809375 0.293750 0.256250
2 0.703125 0.630469 0.125000 0.029687
20 0.152344 0.727344 0.045312 0.139063
20 0.065625 0.818750 0.096875 0.362500
20 0.242969 0.699219 0.139063 0.154688
20 0.457813 0.632031 0.031250 0.042188
20 0.364063 0.664062 0.037500 0.121875
20 0.417969 0.651563 0.073438 0.128125
20 0.571094 0.596094 0.057813 0.070312
20 0.668750 0.582031 0.031250 0.092188
20 0.912500 0.502344 0.175000 0.407813
21 0.152344 0.727344 0.045312 0.139063
21 0.065625 0.818750 0.096875 0.362500
21 0.242969 0.699219 0.139063 0.154688
21 0.457813 0.632031 0.031250 0.042188
21 0.364063 0.664062 0.037500 0.121875
21 0.417969 0.651563 0.073438 0.128125
21 0.571094 0.596094 0.057813 0.070312
21 0.668750 0.582031 0.031250 0.092188
21 0.912500 0.502344 0.175000 0.407813
22 0.390625 0.622656 0.040625 0.032813
22 0.616406 0.592969 0.054688 0.110937
22 0.857812 0.514062 0.284375 0.478125
23 0.528125 0.608594 0.046875 0.067187
24 0.528125 0.608594 0.046875 0.067187