0 0.838281 0.703125 0.020313 0.062500
0 0.778906 0.693750 0.057813 0.068750
0 0.515625 0.682031 0.015625 0.054688
0 0.729688 0.671094 0.025000 0.079687
0 0.677344 0.667188 0.051562 0.087500
0 0.478125 0.664062 0.043750 0.106250
0 0.462500 0.662500 0.025000 0.106250
0 0.922656 0.592187 0.154688 0.334375
0 0.251563 0.490625 0.443750 0.609375
0 0.060156 0.292187 0.120313 0.584375
1 0.594531 0.314844 0.048438 0.014063
2 0.268750 0.817969 0.484375 0.210938
4 0.971875 0.678906 0.006250 0.160938
4 0.843750 0.639062 0.018750 0.196875
4 0.509375 0.532813 0.153125 0.440625
21 0.882031 0.728906 0.057813 0.048438
22 0.882031 0.728906 0.057813 0.048438