0 0.400000 0.475000 0.009375 0.068750
0 0.726562 0.442969 0.050000 0.051562
0 0.114062 0.432812 0.015625 0.075000
0 0.442188 0.393750 0.040625 0.212500
0 0.044531 0.368750 0.089063 0.200000
0 0.571094 0.381250 0.210938 0.250000
0 0.288281 0.355469 0.173437 0.310937
0 0.964844 0.296875 0.070312 0.246875
0 0.521094 0.203125 0.079687 0.100000
0 0.740625 0.121094 0.368750 0.242188
2 0.236719 0.767969 0.473438 0.464062
5 0.550781 0.482812 0.160938 0.050000
5 0.453125 0.474219 0.018750 0.067187
8 0.664062 0.472656 0.034375 0.054688
10 0.814063 0.587500 0.059375 0.081250
10 0.890625 0.662500 0.187500 0.412500
14 0.846875 0.578906 0.112500 0.382812
23 0.991406 0.551562 0.017188 0.134375
23 0.580469 0.492188 0.035937 0.053125
23 0.650781 0.496875 0.054688 0.065625
23 0.256250 0.539844 0.228125 0.154688
23 0.750000 0.528906 0.140625 0.139063
23 0.063281 0.567187 0.126562 0.218750
24 0.991406 0.551562 0.017188 0.134375
24 0.580469 0.492188 0.035937 0.053125
24 0.650781 0.496875 0.054688 0.065625
24 0.256250 0.539844 0.228125 0.154688
24 0.750000 0.528906 0.140625 0.139063
24 0.063281 0.567187 0.126562 0.218750