0 0.903125 0.325000 0.193750 0.331250
1 0.523438 0.113281 0.031250 0.026562
3 0.198437 0.692969 0.315625 0.157812
3 0.384375 0.625781 0.043750 0.026562
6 0.044531 0.700781 0.067187 0.220312
6 0.600781 0.519531 0.195312 0.317188
10 0.435937 0.667969 0.056250 0.079687
14 0.435156 0.614844 0.060937 0.107813
20 0.897656 0.489844 0.029687 0.051562
21 0.897656 0.489844 0.029687 0.051562
23 0.338281 0.635156 0.051562 0.048438
23 0.507812 0.609375 0.087500 0.103125
24 0.338281 0.635156 0.051562 0.048438
24 0.507812 0.609375 0.087500 0.103125