0 0.507031 0.512500 0.085938 0.040625
0 0.368750 0.509375 0.025000 0.034375
0 0.331250 0.505469 0.034375 0.035937
0 0.407813 0.491406 0.053125 0.082812
0 0.292187 0.436719 0.053125 0.026562
0 0.696875 0.442188 0.093750 0.200000
0 0.812500 0.391406 0.143750 0.276562
2 0.807813 0.799219 0.384375 0.401562
2 0.081250 0.544531 0.162500 0.017188
5 0.057031 0.491406 0.029687 0.026562
21 0.510156 0.540625 0.032813 0.028125
21 0.564063 0.530469 0.040625 0.064062
21 0.237500 0.507812 0.153125 0.131250
22 0.510156 0.540625 0.032813 0.028125
22 0.564063 0.530469 0.040625 0.064062
22 0.237500 0.507812 0.153125 0.131250