0 0.760938 0.260937 0.478125 0.503125
0 0.204687 0.269531 0.409375 0.539062
3 0.685937 0.548438 0.628125 0.240625
4 0.621094 0.339844 0.007812 0.120313
4 0.742188 0.337500 0.009375 0.215625
4 0.913281 0.273438 0.017188 0.262500
20 0.395313 0.532813 0.034375 0.125000
21 0.395313 0.532813 0.034375 0.125000
23 0.650781 0.570312 0.248438 0.153125
23 0.017969 0.508594 0.035937 0.029687
23 0.428906 0.539844 0.051562 0.095312
23 0.356250 0.538281 0.075000 0.101562
24 0.650781 0.570312 0.248438 0.153125
24 0.017969 0.508594 0.035937 0.029687
24 0.428906 0.539844 0.051562 0.095312
24 0.356250 0.538281 0.075000 0.101562