0 0.130469 0.665625 0.032813 0.090625
0 0.074219 0.662500 0.076563 0.093750
0 0.986719 0.647656 0.026562 0.089063
0 0.948438 0.659375 0.043750 0.115625
0 0.789844 0.649219 0.129688 0.139063
0 0.325000 0.625781 0.015625 0.095312
0 0.900781 0.643750 0.048438 0.153125
0 0.293750 0.623437 0.043750 0.153125
0 0.241406 0.585156 0.054688 0.229687
0 0.185156 0.502344 0.070312 0.417187
2 0.839844 0.768750 0.098437 0.043750
2 0.192969 0.854688 0.385937 0.290625
10 0.232031 0.728906 0.032813 0.064062
10 0.400781 0.710156 0.035937 0.032813
10 0.363281 0.710156 0.020313 0.042188
10 0.310156 0.714844 0.082812 0.089063
20 0.100000 0.695312 0.050000 0.137500
21 0.100000 0.695312 0.050000 0.137500
23 0.938281 0.781250 0.123438 0.215625
23 0.646094 0.711719 0.420312 0.192188
24 0.938281 0.781250 0.123438 0.215625
24 0.646094 0.711719 0.420312 0.192188