0 0.287500 0.729688 0.021875 0.043750
0 0.333594 0.694531 0.051562 0.082812
0 0.091406 0.691406 0.067187 0.126562
0 0.853906 0.622656 0.023438 0.035937
0 0.405469 0.645312 0.089063 0.143750
0 0.521094 0.607812 0.079687 0.193750
0 0.900781 0.480469 0.198437 0.282813
0 0.716406 0.390625 0.335938 0.609375
1 0.401562 0.277344 0.031250 0.020313
2 0.706250 0.754687 0.300000 0.062500
3 0.542188 0.720313 0.068750 0.046875
3 0.717969 0.704688 0.270313 0.084375
3 0.892188 0.673438 0.078125 0.062500
3 0.876563 0.607031 0.081250 0.070312
3 0.953125 0.603906 0.093750 0.085938
4 0.044531 0.647656 0.020313 0.198437
4 0.060937 0.644531 0.037500 0.195312
4 0.506250 0.457031 0.181250 0.648438
12 0.216406 0.834375 0.320312 0.062500
12 0.535937 0.878906 0.928125 0.242188
21 0.304688 0.777344 0.537500 0.185938
21 0.931250 0.691406 0.137500 0.101562
22 0.304688 0.777344 0.537500 0.185938
22 0.931250 0.691406 0.137500 0.101562