0 0.080469 0.448437 0.035937 0.046875
0 0.409375 0.440625 0.040625 0.043750
0 0.516406 0.392969 0.039062 0.023438
0 0.155469 0.421875 0.051562 0.109375
0 0.255469 0.421875 0.135937 0.118750
2 0.635938 0.518750 0.109375 0.046875
3 0.171875 0.500000 0.153125 0.059375
3 0.554688 0.474219 0.028125 0.026562
3 0.280469 0.476562 0.060937 0.034375
3 0.815625 0.500781 0.103125 0.092188
3 0.701562 0.475000 0.025000 0.046875
3 0.629687 0.473438 0.100000 0.043750
4 0.195312 0.364844 0.053125 0.239063
4 0.747656 0.329688 0.020313 0.278125
4 0.653906 0.338281 0.070312 0.367188
5 0.396875 0.471875 0.034375 0.021875
5 0.730469 0.442188 0.035937 0.090625
5 0.876563 0.433594 0.246875 0.129688
6 0.499219 0.465625 0.023438 0.025000
8 0.048438 0.494531 0.096875 0.123438
13 0.495312 0.412500 0.059375 0.031250
13 0.058594 0.403906 0.060937 0.051562
13 0.012500 0.405469 0.025000 0.054688
13 0.233594 0.382031 0.095312 0.079687
13 0.983594 0.345313 0.026562 0.034375
13 0.764844 0.342187 0.029687 0.034375
13 0.716406 0.356250 0.057813 0.062500
13 0.513281 0.375781 0.332813 0.110937
20 0.739062 0.513281 0.050000 0.129688
21 0.739062 0.513281 0.050000 0.129688
23 0.239063 0.505469 0.056250 0.035937
23 0.324219 0.494531 0.051562 0.026562
23 0.467187 0.507031 0.168750 0.120313
24 0.239063 0.505469 0.056250 0.035937
24 0.324219 0.494531 0.051562 0.026562
24 0.467187 0.507031 0.168750 0.120313