0 0.516406 0.258594 0.026562 0.048438
0 0.562500 0.265625 0.068750 0.065625
0 0.685156 0.224219 0.048438 0.045312
0 0.905469 0.205469 0.032813 0.029687
0 0.937500 0.201563 0.031250 0.034375
2 0.791406 0.434375 0.417187 0.265625
2 0.925000 0.285156 0.090625 0.023438
3 0.332813 0.303906 0.106250 0.035937
3 0.796094 0.257812 0.026562 0.025000
3 0.843750 0.250781 0.034375 0.026562
3 0.920312 0.238281 0.084375 0.039062
3 0.107031 0.266406 0.067187 0.107813
3 0.025781 0.257031 0.051562 0.092188
4 0.778125 0.219531 0.025000 0.251563
4 0.714844 0.194531 0.039062 0.276562
6 0.695312 0.264844 0.031250 0.029687
20 0.646875 0.313281 0.028125 0.057813
21 0.646875 0.313281 0.028125 0.057813
23 0.268750 0.304688 0.050000 0.043750
23 0.698438 0.285156 0.031250 0.035937
23 0.239063 0.532031 0.478125 0.595313
24 0.268750 0.304688 0.050000 0.043750
24 0.698438 0.285156 0.031250 0.035937
24 0.239063 0.532031 0.478125 0.595313