1 0.782813 0.170313 0.050000 0.015625
3 0.150000 0.734375 0.156250 0.028125
11 0.782031 0.679688 0.039062 0.059375
11 0.710938 0.679688 0.096875 0.059375
11 0.867188 0.665625 0.034375 0.043750
11 0.828906 0.675000 0.045312 0.068750
11 0.607812 0.651563 0.050000 0.050000
11 0.473438 0.673438 0.209375 0.100000
11 0.182812 0.667188 0.365625 0.143750
23 0.503125 0.732031 0.115625 0.064062
23 0.275000 0.749219 0.121875 0.101562
24 0.503125 0.732031 0.115625 0.064062
24 0.275000 0.749219 0.121875 0.101562