0 0.396094 0.574219 0.023438 0.032813
0 0.596094 0.561719 0.029687 0.051562
0 0.617969 0.557031 0.017188 0.048438
0 0.541406 0.556250 0.048438 0.078125
0 0.566406 0.442188 0.067187 0.162500
0 0.799219 0.327344 0.401562 0.498437
2 0.095312 0.720313 0.125000 0.046875
2 0.075781 0.681250 0.082812 0.025000
2 0.592969 0.599219 0.042188 0.020313
2 0.508594 0.600000 0.120313 0.040625
3 0.057813 0.661719 0.056250 0.042188
3 0.100000 0.649219 0.034375 0.039062
3 0.136719 0.641406 0.039062 0.035937
3 0.230469 0.624219 0.048438 0.029687
3 0.894531 0.514062 0.132812 0.062500
23 0.310156 0.617188 0.089063 0.050000
23 0.766406 0.532031 0.198437 0.076563
23 0.982031 0.497656 0.035937 0.023438
24 0.310156 0.617188 0.089063 0.050000
24 0.766406 0.532031 0.198437 0.076563
24 0.982031 0.497656 0.035937 0.023438