0 0.614062 0.582812 0.025000 0.056250
0 0.573438 0.546875 0.028125 0.087500
0 0.845313 0.487500 0.025000 0.056250
0 0.880469 0.494531 0.057813 0.135937
0 0.950781 0.467187 0.098437 0.175000
0 0.671875 0.478906 0.190625 0.257812
0 0.557031 0.303906 0.126562 0.117188
0 0.107813 0.429688 0.215625 0.743750
2 0.250781 0.850781 0.410938 0.298438
2 0.780469 0.668750 0.085938 0.028125
2 0.425000 0.658594 0.128125 0.032813
2 0.587500 0.621875 0.193750 0.068750
3 0.298438 0.643750 0.031250 0.028125
3 0.414844 0.630469 0.145313 0.048438
3 0.539844 0.614062 0.107813 0.053125
4 0.594531 0.585938 0.026562 0.103125
4 0.909375 0.482031 0.031250 0.179688
4 0.567187 0.401562 0.040625 0.212500
21 0.250000 0.650781 0.096875 0.064062
21 0.854688 0.573438 0.031250 0.025000
21 0.750000 0.576562 0.115625 0.053125
22 0.250000 0.650781 0.096875 0.064062
22 0.854688 0.573438 0.031250 0.025000
22 0.750000 0.576562 0.115625 0.053125