0 0.642969 0.389844 0.054688 0.045312
0 0.401562 0.354687 0.065625 0.028125
0 0.522656 0.307812 0.107813 0.059375
2 0.146094 0.717187 0.264062 0.496875
3 0.113281 0.558594 0.223438 0.135937
6 0.492969 0.413281 0.170313 0.179688
6 0.822656 0.305469 0.342187 0.329688
11 0.110937 0.472656 0.221875 0.160938
11 0.233594 0.437500 0.029687 0.096875
11 0.332813 0.404687 0.178125 0.087500
11 0.613281 0.374219 0.101562 0.095312
21 0.376563 0.457031 0.103125 0.064062
21 0.590625 0.443750 0.037500 0.062500
21 0.755469 0.444531 0.242188 0.164062
22 0.376563 0.457031 0.103125 0.064062
22 0.590625 0.443750 0.037500 0.062500
22 0.755469 0.444531 0.242188 0.164062