0 0.553906 0.321094 0.126562 0.270313
0 0.246094 0.325000 0.492188 0.631250
0 0.783594 0.277344 0.432812 0.554688
1 0.195312 0.157812 0.034375 0.021875
1 0.542969 0.142969 0.029687 0.079687
2 0.440625 0.939844 0.234375 0.120313
2 0.821875 0.856250 0.356250 0.231250
2 0.427344 0.533594 0.126562 0.051562
2 0.784375 0.542188 0.431250 0.131250
3 0.608594 0.502344 0.020313 0.067187
3 0.573438 0.503125 0.053125 0.103125
20 0.430469 0.505469 0.042188 0.054688
21 0.430469 0.505469 0.042188 0.054688
23 0.192188 0.592969 0.350000 0.179688
23 0.604688 0.444531 0.037500 0.054688
23 0.635938 0.428125 0.025000 0.071875
24 0.192188 0.592969 0.350000 0.179688
24 0.604688 0.444531 0.037500 0.054688
24 0.635938 0.428125 0.025000 0.071875