0 0.212500 0.723437 0.034375 0.056250
0 0.251563 0.702344 0.040625 0.039062
0 0.500000 0.373437 1.000000 0.746875
1 0.255469 0.578125 0.029687 0.031250
1 0.867969 0.463281 0.020313 0.032813
2 0.950781 0.701562 0.098437 0.037500
3 0.388281 0.730469 0.098437 0.026562
8 0.426563 0.702344 0.134375 0.114062
8 0.500000 0.679688 0.028125 0.075000
8 0.594531 0.666406 0.170313 0.085938
8 0.942969 0.616406 0.076563 0.048438
21 0.115625 0.744531 0.131250 0.051562
21 0.275000 0.746875 0.146875 0.071875
21 0.882031 0.658594 0.060937 0.076563
22 0.115625 0.744531 0.131250 0.051562
22 0.275000 0.746875 0.146875 0.071875
22 0.882031 0.658594 0.060937 0.076563