0 0.268750 0.469531 0.075000 0.045312
0 0.339844 0.425781 0.017188 0.126562
0 0.320312 0.407813 0.015625 0.159375
0 0.107813 0.396875 0.084375 0.184375
0 0.237500 0.371094 0.112500 0.139063
0 0.032813 0.402344 0.065625 0.251563
0 0.750781 0.321875 0.498437 0.643750
0 0.418750 0.266406 0.162500 0.532813
2 0.625000 0.865625 0.337500 0.268750
2 0.406250 0.607812 0.112500 0.209375
2 0.117969 0.526563 0.235937 0.075000
3 0.730469 0.757812 0.539062 0.484375
3 0.103906 0.499219 0.076563 0.029687
3 0.321094 0.510938 0.029687 0.056250
11 0.264062 0.447656 0.059375 0.014063
23 0.259375 0.485938 0.050000 0.034375
24 0.259375 0.485938 0.050000 0.034375