0 0.026562 0.657031 0.025000 0.067187
0 0.255469 0.580469 0.167187 0.070312
0 0.354687 0.565625 0.034375 0.050000
0 0.645312 0.542969 0.081250 0.057813
0 0.799219 0.508594 0.154688 0.098437
0 0.894531 0.477344 0.039062 0.064062
0 0.932031 0.475000 0.042188 0.068750
0 0.974219 0.460938 0.051562 0.062500
0 0.081250 0.520312 0.162500 0.321875
2 0.982031 0.562500 0.035937 0.018750
3 0.142969 0.628125 0.042188 0.018750
3 0.260937 0.622656 0.165625 0.060937
3 0.360156 0.606250 0.035937 0.043750
3 0.835938 0.540625 0.096875 0.040625
3 0.902344 0.530469 0.029687 0.035937
3 0.960938 0.503906 0.078125 0.064062
5 0.979688 0.540625 0.040625 0.031250
21 0.136719 0.645312 0.032813 0.043750
21 0.778125 0.547656 0.037500 0.039062
21 0.502344 0.578125 0.298438 0.425000
22 0.136719 0.645312 0.032813 0.043750
22 0.778125 0.547656 0.037500 0.039062
22 0.502344 0.578125 0.298438 0.425000