0 0.732031 0.650000 0.014063 0.043750
0 0.536719 0.595313 0.048438 0.040625
0 0.195312 0.622656 0.031250 0.095312
0 0.601562 0.592187 0.021875 0.065625
0 0.624219 0.607031 0.023438 0.104688
0 0.237500 0.604688 0.053125 0.128125
0 0.287500 0.597656 0.050000 0.139063
0 0.683594 0.592969 0.048438 0.157812
0 0.172656 0.591406 0.045312 0.164062
0 0.119531 0.549219 0.054688 0.242188
0 0.046875 0.505469 0.093750 0.264062
0 0.849219 0.539062 0.179688 0.387500
0 0.975781 0.530469 0.048438 0.439063
1 0.132812 0.228906 0.040625 0.020313
1 0.071094 0.228125 0.042188 0.021875
2 0.978125 0.768750 0.043750 0.056250
2 0.801562 0.755469 0.396875 0.173437
2 0.173437 0.698438 0.196875 0.062500
3 0.425000 0.610156 0.021875 0.042188
10 0.820312 0.708594 0.056250 0.142187
23 0.483594 0.642969 0.042188 0.020313
23 0.420312 0.645312 0.046875 0.031250
23 0.368750 0.652344 0.050000 0.048438
23 0.040625 0.695312 0.081250 0.134375
23 0.556250 0.666406 0.100000 0.089063
23 0.301563 0.628906 0.071875 0.110937
24 0.483594 0.642969 0.042188 0.020313
24 0.420312 0.645312 0.046875 0.031250
24 0.368750 0.652344 0.050000 0.048438
24 0.040625 0.695312 0.081250 0.134375
24 0.556250 0.666406 0.100000 0.089063
24 0.301563 0.628906 0.071875 0.110937