0 0.337500 0.722656 0.050000 0.045312
0 0.450000 0.712500 0.143750 0.068750
0 0.562500 0.707812 0.106250 0.071875
6 0.137500 0.796875 0.221875 0.243750
6 0.670312 0.678125 0.131250 0.090625
6 0.775781 0.656250 0.089063 0.090625
6 0.878125 0.646875 0.153125 0.106250
13 0.514062 0.695312 0.078125 0.025000
13 0.957812 0.611719 0.084375 0.032813
23 0.496875 0.784375 0.090625 0.096875
23 0.251563 0.865625 0.387500 0.268750
23 0.684375 0.772656 0.250000 0.182812
23 0.923438 0.718750 0.153125 0.200000
24 0.496875 0.784375 0.090625 0.096875
24 0.251563 0.865625 0.387500 0.268750
24 0.684375 0.772656 0.250000 0.182812
24 0.923438 0.718750 0.153125 0.200000