0 0.295312 0.760156 0.059375 0.032813
0 0.375781 0.742969 0.017188 0.032813
0 0.683594 0.654687 0.035937 0.046875
0 0.875781 0.653906 0.029687 0.048438
0 0.775781 0.647656 0.035937 0.067187
0 0.919531 0.642969 0.026562 0.067187
0 0.944531 0.639844 0.035937 0.064062
0 0.725781 0.644531 0.054688 0.073438
0 0.823438 0.636719 0.059375 0.085938
3 0.882031 0.695312 0.235937 0.078125
6 0.120313 0.712500 0.240625 0.340625
11 0.292187 0.737500 0.146875 0.081250
11 0.400781 0.724219 0.067187 0.070312
11 0.776563 0.692969 0.031250 0.026562
11 0.673438 0.700781 0.056250 0.045312
11 0.633594 0.702344 0.023438 0.048438
11 0.553125 0.735938 0.168750 0.115625
11 0.450781 0.708594 0.032813 0.060937
11 0.850000 0.689844 0.118750 0.026562
11 0.731250 0.693750 0.050000 0.034375
21 0.317969 0.779687 0.060937 0.043750
21 0.386719 0.769531 0.029687 0.026562
21 0.487500 0.762500 0.031250 0.021875
21 0.442188 0.767969 0.040625 0.032813
21 0.585938 0.757812 0.031250 0.037500
22 0.317969 0.779687 0.060937 0.043750
22 0.386719 0.769531 0.029687 0.026562
22 0.487500 0.762500 0.031250 0.021875
22 0.442188 0.767969 0.040625 0.032813
22 0.585938 0.757812 0.031250 0.037500