0 0.952344 0.284375 0.039062 0.050000
0 0.917969 0.274219 0.023438 0.051562
0 0.288281 0.289062 0.070312 0.128125
0 0.935937 0.164844 0.040625 0.117188
0 0.132031 0.219531 0.264062 0.360938
0 0.897656 0.077344 0.079687 0.154688
0 0.765625 0.007812 0.109375 0.015625
0 0.539844 0.193750 0.632812 0.387500
2 0.093750 0.476562 0.062500 0.059375
2 0.260156 0.442969 0.048438 0.029687
2 0.664844 0.298438 0.154688 0.140625
4 0.734375 0.161719 0.046875 0.120313
4 0.261719 0.272656 0.092188 0.470313
7 0.080469 0.477344 0.023438 0.045312
8 0.250000 0.388281 0.050000 0.057813
8 0.290625 0.385937 0.031250 0.059375
8 0.317188 0.382812 0.034375 0.062500
8 0.355469 0.375781 0.048438 0.054688
12 0.637500 0.353906 0.050000 0.020313
20 0.036719 0.521094 0.073438 0.182812
20 0.243750 0.424219 0.028125 0.051562
20 0.196875 0.478125 0.078125 0.165625
20 0.353125 0.401562 0.028125 0.043750
20 0.447656 0.393750 0.045312 0.056250
21 0.036719 0.521094 0.073438 0.182812
21 0.243750 0.424219 0.028125 0.051562
21 0.196875 0.478125 0.078125 0.165625
21 0.353125 0.401562 0.028125 0.043750
21 0.447656 0.393750 0.045312 0.056250
23 0.032813 0.425781 0.031250 0.026562
23 0.067969 0.425000 0.035937 0.031250
23 0.162500 0.446875 0.078125 0.096875
23 0.554688 0.465625 0.168750 0.196875
23 0.489844 0.375781 0.064062 0.032813
23 0.826562 0.449219 0.346875 0.310937
23 0.737500 0.306250 0.031250 0.031250
24 0.032813 0.425781 0.031250 0.026562
24 0.067969 0.425000 0.035937 0.031250
24 0.162500 0.446875 0.078125 0.096875
24 0.554688 0.465625 0.168750 0.196875
24 0.489844 0.375781 0.064062 0.032813
24 0.826562 0.449219 0.346875 0.310937
24 0.737500 0.306250 0.031250 0.031250