2 0.598437 0.621875 0.128125 0.021875
2 0.835156 0.605469 0.329688 0.098437
3 0.887500 0.589844 0.021875 0.060937
3 0.923438 0.585938 0.046875 0.065625
3 0.958594 0.570312 0.017188 0.037500
6 0.360156 0.539062 0.220312 0.240625
12 0.364844 0.677344 0.460938 0.057813
23 0.149219 0.564063 0.020313 0.043750
23 0.092188 0.563281 0.084375 0.073438
23 0.036719 0.554688 0.026562 0.068750
24 0.149219 0.564063 0.020313 0.043750
24 0.092188 0.563281 0.084375 0.073438
24 0.036719 0.554688 0.026562 0.068750