0 0.200000 0.581250 0.050000 0.081250
0 0.294531 0.571094 0.051562 0.076563
0 0.384375 0.542969 0.031250 0.035937
0 0.458594 0.546094 0.035937 0.070312
0 0.450000 0.487500 0.031250 0.043750
0 0.486719 0.521094 0.051562 0.157812
0 0.521875 0.512500 0.050000 0.178125
0 0.092188 0.509375 0.184375 0.415625
0 0.585938 0.433594 0.109375 0.329688
0 0.796875 0.294531 0.350000 0.589063
4 0.500781 0.300000 0.110937 0.596875
21 0.066406 0.892188 0.039062 0.162500
21 0.142969 0.671875 0.170313 0.115625
21 0.278906 0.660937 0.107813 0.128125
21 0.400000 0.651563 0.137500 0.196875
21 0.630469 0.578125 0.051562 0.068750
21 0.795312 0.578125 0.259375 0.115625
21 0.960156 0.578906 0.079687 0.126562
22 0.066406 0.892188 0.039062 0.162500
22 0.142969 0.671875 0.170313 0.115625
22 0.278906 0.660937 0.107813 0.128125
22 0.400000 0.651563 0.137500 0.196875
22 0.630469 0.578125 0.051562 0.068750
22 0.795312 0.578125 0.259375 0.115625
22 0.960156 0.578906 0.079687 0.126562