0 0.816406 0.532813 0.035937 0.056250
0 0.420312 0.500000 0.059375 0.012500
0 0.485938 0.506250 0.031250 0.043750
0 0.728125 0.510938 0.021875 0.071875
0 0.609375 0.524219 0.209375 0.117188
2 0.949219 0.634375 0.101562 0.021875
4 0.983594 0.553906 0.014063 0.148438
4 0.135937 0.500000 0.012500 0.121875
4 0.135156 0.368750 0.023438 0.062500
4 0.986719 0.392188 0.014063 0.178125
21 0.886719 0.574219 0.042188 0.023438
21 0.150000 0.586719 0.109375 0.051562
21 0.851562 0.571875 0.021875 0.025000
21 0.804688 0.569531 0.025000 0.026562
21 0.769531 0.680469 0.389062 0.295312
21 0.402344 0.673438 0.292187 0.337500
22 0.886719 0.574219 0.042188 0.023438
22 0.150000 0.586719 0.109375 0.051562
22 0.851562 0.571875 0.021875 0.025000
22 0.804688 0.569531 0.025000 0.026562
22 0.769531 0.680469 0.389062 0.295312
22 0.402344 0.673438 0.292187 0.337500