0 0.314063 0.628125 0.043750 0.053125
0 0.657813 0.549219 0.046875 0.101562
0 0.783594 0.536719 0.117188 0.120313
0 0.928906 0.526563 0.029687 0.121875
1 0.373437 0.172656 0.031250 0.032813
2 0.047656 0.814063 0.032813 0.021875
2 0.264844 0.757031 0.270313 0.101562
2 0.282813 0.699219 0.162500 0.026562
2 0.654687 0.680469 0.065625 0.026562
3 0.219531 0.627344 0.026562 0.026562
3 0.653125 0.620313 0.062500 0.043750
3 0.782031 0.618750 0.123438 0.053125
3 0.958594 0.635156 0.082812 0.095312
5 0.876563 0.661719 0.043750 0.032813
5 0.782813 0.660156 0.121875 0.032813
5 0.653906 0.654687 0.064062 0.025000
6 0.350000 0.655469 0.028125 0.095312
6 0.496875 0.648438 0.253125 0.181250
18 0.875000 0.617969 0.040625 0.032813
23 0.778906 0.686719 0.151562 0.070312
24 0.778906 0.686719 0.151562 0.070312