0 0.396875 0.661719 0.034375 0.032813
0 0.628125 0.632031 0.062500 0.039062
0 0.978125 0.577344 0.031250 0.095312
0 0.864844 0.585156 0.110937 0.110937
0 0.939844 0.571094 0.073438 0.089063
2 0.190625 0.880469 0.287500 0.239063
2 0.104688 0.768750 0.125000 0.031250
2 0.971094 0.679688 0.057813 0.025000
2 0.729688 0.662500 0.512500 0.031250
3 0.288281 0.734375 0.248438 0.109375
4 0.374219 0.538281 0.073438 0.082812
4 0.289844 0.559375 0.060937 0.284375
4 0.974219 0.521094 0.051562 0.251563
4 0.660156 0.497656 0.070312 0.239063
4 0.021875 0.557031 0.043750 0.448437
4 0.780469 0.451562 0.060937 0.296875
13 0.085938 0.673438 0.078125 0.028125
13 0.138281 0.662500 0.020313 0.028125
13 0.175000 0.651563 0.046875 0.040625
13 0.321875 0.643750 0.025000 0.050000
13 0.277344 0.656250 0.064062 0.075000
13 0.371875 0.642969 0.021875 0.064062
13 0.342969 0.638281 0.023438 0.060937
13 0.425781 0.628125 0.092188 0.062500
13 0.671875 0.603125 0.028125 0.034375
13 0.619531 0.599219 0.073438 0.039062
23 0.721094 0.635938 0.029687 0.034375
24 0.721094 0.635938 0.029687 0.034375