0 0.728125 0.519531 0.062500 0.051562
0 0.646094 0.497656 0.017188 0.057813
0 0.664844 0.486719 0.023438 0.064062
0 0.450781 0.408594 0.042188 0.045312
0 0.296875 0.446094 0.059375 0.126562
0 0.235937 0.399219 0.034375 0.054688
0 0.056250 0.283594 0.093750 0.135937
0 0.167187 0.126562 0.078125 0.053125
2 0.854688 0.633594 0.290625 0.182812
2 0.160938 0.635938 0.321875 0.237500
3 0.917188 0.602344 0.165625 0.160938
3 0.778125 0.552344 0.115625 0.095312
3 0.196875 0.421094 0.103125 0.082812
3 0.069531 0.385937 0.139063 0.128125
4 0.846875 0.400000 0.065625 0.412500
5 0.193750 0.525000 0.106250 0.065625
5 0.067969 0.540625 0.135937 0.109375
21 0.681250 0.546094 0.068750 0.076563
21 0.536719 0.500781 0.026562 0.029687
21 0.597656 0.511719 0.079687 0.057813
21 0.361719 0.520312 0.079687 0.081250
22 0.681250 0.546094 0.068750 0.076563
22 0.536719 0.500781 0.026562 0.029687
22 0.597656 0.511719 0.079687 0.057813
22 0.361719 0.520312 0.079687 0.081250