0 0.060937 0.803125 0.050000 0.115625
0 0.104688 0.796875 0.046875 0.112500
0 0.267969 0.767188 0.026562 0.056250
0 0.537500 0.725000 0.025000 0.050000
0 0.046875 0.708594 0.043750 0.042188
0 0.528125 0.680469 0.034375 0.048438
0 0.180469 0.690625 0.064062 0.159375
0 0.954688 0.658594 0.081250 0.114062
0 0.078125 0.631250 0.156250 0.175000
0 0.632031 0.613281 0.179688 0.264062
0 0.865625 0.553906 0.193750 0.345313
2 0.095312 0.855469 0.078125 0.029687
3 0.223438 0.812500 0.081250 0.037500
3 0.657813 0.735156 0.075000 0.020313
4 0.985156 0.654687 0.023438 0.096875
4 0.959375 0.534375 0.021875 0.068750
4 0.892188 0.313281 0.075000 0.076563
8 0.298438 0.775781 0.046875 0.054688
23 0.339062 0.777344 0.028125 0.032813
23 0.388281 0.770312 0.051562 0.031250
23 0.567969 0.743750 0.026562 0.028125
23 0.604688 0.735938 0.031250 0.028125
24 0.339062 0.777344 0.028125 0.032813
24 0.388281 0.770312 0.051562 0.031250
24 0.567969 0.743750 0.026562 0.028125
24 0.604688 0.735938 0.031250 0.028125