0 0.234375 0.682813 0.031250 0.021875
0 0.495312 0.592969 0.037500 0.035937
0 0.547656 0.593750 0.020313 0.050000
0 0.567969 0.578125 0.026562 0.059375
0 0.158594 0.589844 0.317188 0.229687
0 0.741406 0.508594 0.095312 0.201563
0 0.885156 0.485156 0.214062 0.189062
2 0.504687 0.722656 0.053125 0.035937
2 0.300781 0.703906 0.089063 0.039062
2 0.778125 0.792969 0.443750 0.273438
3 0.685156 0.642188 0.067187 0.062500
4 0.430469 0.568750 0.029687 0.162500
4 0.594531 0.414062 0.157812 0.518750
4 0.758594 0.273438 0.089063 0.546875
4 0.487500 0.364063 0.143750 0.728125
5 0.861719 0.634375 0.276562 0.168750
21 0.121094 0.739062 0.185938 0.193750
21 0.402344 0.687500 0.123438 0.109375
21 0.603906 0.634375 0.057813 0.037500
21 0.694531 0.628125 0.070312 0.053125
22 0.121094 0.739062 0.185938 0.193750
22 0.402344 0.687500 0.123438 0.109375
22 0.603906 0.634375 0.057813 0.037500
22 0.694531 0.628125 0.070312 0.053125