0 0.058594 0.557031 0.114062 0.117188
0 0.229687 0.366406 0.459375 0.445312
0 0.768750 0.285156 0.462500 0.570312
2 0.547656 0.745313 0.904687 0.390625
2 0.594531 0.555469 0.039062 0.048438
18 0.810156 0.539844 0.064062 0.107813
20 0.110156 0.685156 0.073438 0.245312
20 0.564063 0.525781 0.031250 0.045312
20 0.659375 0.536719 0.140625 0.123438
20 0.960938 0.540625 0.078125 0.171875
21 0.110156 0.685156 0.073438 0.245312
21 0.564063 0.525781 0.031250 0.045312
21 0.659375 0.536719 0.140625 0.123438
21 0.960938 0.540625 0.078125 0.171875
23 0.052344 0.630469 0.082812 0.082812
23 0.199219 0.609375 0.167187 0.112500
23 0.377344 0.618750 0.170313 0.184375
23 0.485938 0.541406 0.021875 0.035937
24 0.052344 0.630469 0.082812 0.082812
24 0.199219 0.609375 0.167187 0.112500
24 0.377344 0.618750 0.170313 0.184375
24 0.485938 0.541406 0.021875 0.035937