0 0.698438 0.616406 0.018750 0.073438
0 0.760156 0.600000 0.089063 0.125000
0 0.983594 0.426563 0.032813 0.118750
0 0.364063 0.439844 0.728125 0.770312
0 0.942969 0.135937 0.048438 0.271875
2 0.385156 0.760938 0.076563 0.028125
2 0.953125 0.789844 0.093750 0.104688
2 0.547656 0.717187 0.101562 0.028125
3 0.886719 0.646094 0.035937 0.039062
8 0.775000 0.632812 0.078125 0.062500
12 0.475000 0.871094 0.815625 0.157812
21 0.228125 0.795312 0.134375 0.137500
21 0.072656 0.812500 0.092188 0.240625
21 0.704688 0.678125 0.065625 0.059375
21 0.750000 0.654687 0.046875 0.043750
21 0.825781 0.639062 0.029687 0.053125
22 0.228125 0.795312 0.134375 0.137500
22 0.072656 0.812500 0.092188 0.240625
22 0.704688 0.678125 0.065625 0.059375
22 0.750000 0.654687 0.046875 0.043750
22 0.825781 0.639062 0.029687 0.053125