0 0.884375 0.481250 0.021875 0.028125
0 0.509375 0.422656 0.031250 0.082812
0 0.448437 0.417969 0.046875 0.101562
0 0.573438 0.298438 0.190625 0.306250
2 0.932031 0.632031 0.085938 0.054688
2 0.673438 0.535937 0.100000 0.034375
4 0.935156 0.500000 0.017188 0.171875
4 0.050781 0.253125 0.039062 0.031250
8 0.034375 0.346875 0.068750 0.215625
9 0.384375 0.637500 0.059375 0.287500
9 0.306250 0.507031 0.037500 0.070312
12 0.743750 0.583594 0.275000 0.104688
13 0.116406 0.282813 0.039062 0.040625
15 0.367188 0.528125 0.140625 0.318750
15 0.393750 0.332813 0.037500 0.040625
17 0.499219 0.693750 0.076563 0.212500
17 0.430469 0.525781 0.017188 0.057813
20 0.983594 0.593750 0.032813 0.143750
20 0.902344 0.575000 0.032813 0.115625
20 0.099219 0.407031 0.048438 0.039062
21 0.983594 0.593750 0.032813 0.143750
21 0.902344 0.575000 0.032813 0.115625
21 0.099219 0.407031 0.048438 0.039062
23 0.503125 0.503906 0.078125 0.089063
23 0.274219 0.445312 0.032813 0.025000
24 0.503125 0.503906 0.078125 0.089063
24 0.274219 0.445312 0.032813 0.025000