0 0.463281 0.632031 0.026562 0.042188
0 0.637500 0.607031 0.050000 0.045312
0 0.604688 0.593750 0.025000 0.071875
0 0.500000 0.580469 0.075000 0.132812
0 0.695312 0.563281 0.071875 0.129688
0 0.558594 0.498437 0.067187 0.268750
0 0.210156 0.532031 0.089063 0.479687
0 0.328906 0.507812 0.235937 0.537500
1 0.194531 0.295312 0.026562 0.037500
1 0.225781 0.271875 0.032813 0.037500
2 0.414844 0.775781 0.420312 0.079687
2 0.642969 0.741406 0.029687 0.032813
2 0.677344 0.731250 0.045312 0.040625
2 0.726562 0.717969 0.059375 0.048438
3 0.400781 0.700000 0.117188 0.093750
3 0.718750 0.657031 0.053125 0.060937
3 0.651563 0.662500 0.096875 0.071875
3 0.529687 0.678906 0.153125 0.107813
5 0.403906 0.752344 0.120313 0.039062
5 0.515625 0.735938 0.100000 0.031250
5 0.587500 0.727344 0.043750 0.029687
5 0.673438 0.707031 0.037500 0.029687
6 0.107031 0.530469 0.214062 0.939063
21 0.867969 0.700000 0.264062 0.268750
22 0.867969 0.700000 0.264062 0.268750