0 0.373437 0.688281 0.037500 0.035937
0 0.852344 0.678906 0.023438 0.029687
0 0.883594 0.680469 0.035937 0.035937
0 0.048438 0.673438 0.031250 0.046875
0 0.121094 0.672656 0.089063 0.048438
0 0.260937 0.669531 0.137500 0.064062
3 0.951562 0.746875 0.096875 0.056250
3 0.141406 0.705469 0.042188 0.020313
3 0.040625 0.706250 0.046875 0.021875
4 0.089844 0.623437 0.054688 0.159375
4 0.021875 0.614062 0.025000 0.156250
4 0.175781 0.557813 0.029687 0.315625
4 0.903125 0.559375 0.100000 0.321875
4 0.932031 0.509375 0.135937 0.428125
23 0.282031 0.703906 0.029687 0.020313
23 0.234375 0.705469 0.034375 0.023438
23 0.090625 0.704688 0.068750 0.031250
23 0.828906 0.745313 0.154688 0.121875
23 0.979688 0.697656 0.021875 0.029687
23 0.639844 0.697656 0.089063 0.032813
23 0.010937 0.701562 0.021875 0.040625
23 0.478906 0.735938 0.185938 0.131250
24 0.282031 0.703906 0.029687 0.020313
24 0.234375 0.705469 0.034375 0.023438
24 0.090625 0.704688 0.068750 0.031250
24 0.828906 0.745313 0.154688 0.121875
24 0.979688 0.697656 0.021875 0.029687
24 0.639844 0.697656 0.089063 0.032813
24 0.010937 0.701562 0.021875 0.040625
24 0.478906 0.735938 0.185938 0.131250