0 0.911719 0.622656 0.023438 0.092188
0 0.317969 0.578906 0.007812 0.110937
0 0.500000 0.349219 1.000000 0.698438
2 0.187500 0.691406 0.375000 0.089063
6 0.625000 0.603906 0.053125 0.048438
7 0.375781 0.632812 0.020313 0.043750
20 0.280469 0.625000 0.017188 0.059375
20 0.257812 0.620313 0.021875 0.065625
20 0.891406 0.607031 0.017188 0.057813
20 0.970313 0.600781 0.028125 0.048438
21 0.280469 0.625000 0.017188 0.059375
21 0.257812 0.620313 0.021875 0.065625
21 0.891406 0.607031 0.017188 0.057813
21 0.970313 0.600781 0.028125 0.048438
23 0.566406 0.632812 0.123438 0.078125
23 0.816406 0.728125 0.367188 0.284375
24 0.566406 0.632812 0.123438 0.078125
24 0.816406 0.728125 0.367188 0.284375