0 0.691406 0.617969 0.045312 0.039062
0 0.436719 0.411719 0.070312 0.117188
0 0.366406 0.361719 0.089063 0.270313
0 0.169531 0.322656 0.339062 0.517188
0 0.738281 0.465625 0.523438 0.931250
2 0.090625 0.603125 0.028125 0.028125
2 0.584375 0.732031 0.700000 0.535937
21 0.383594 0.596094 0.051562 0.135937
21 0.189844 0.739062 0.373437 0.521875
21 0.364063 0.498437 0.034375 0.043750
21 0.402344 0.513281 0.039062 0.079687
21 0.476562 0.493750 0.118750 0.106250
22 0.383594 0.596094 0.051562 0.135937
22 0.189844 0.739062 0.373437 0.521875
22 0.364063 0.498437 0.034375 0.043750
22 0.402344 0.513281 0.039062 0.079687
22 0.476562 0.493750 0.118750 0.106250