0 0.564844 0.469531 0.023438 0.039062
0 0.589063 0.468750 0.021875 0.040625
0 0.621875 0.469531 0.040625 0.045312
0 0.713281 0.470313 0.092188 0.065625
0 0.535156 0.460156 0.032813 0.051562
0 0.420312 0.446875 0.150000 0.100000
0 0.880469 0.353125 0.239063 0.387500
0 0.164844 0.316406 0.329688 0.470313
2 0.136719 0.674219 0.273438 0.148438
2 0.282031 0.555469 0.176563 0.042188
2 0.425000 0.532813 0.106250 0.065625
3 0.720313 0.506250 0.075000 0.015625
5 0.188281 0.518750 0.114062 0.103125
5 0.027344 0.534375 0.054688 0.153125
9 0.085938 0.521875 0.065625 0.087500
13 0.675781 0.432031 0.145313 0.042188
18 0.335156 0.438281 0.067187 0.048438
23 0.985938 0.581250 0.028125 0.171875
23 0.597656 0.498437 0.032813 0.037500
23 0.542969 0.492188 0.048438 0.025000
23 0.410938 0.495312 0.025000 0.037500
24 0.985938 0.581250 0.028125 0.171875
24 0.597656 0.498437 0.032813 0.037500
24 0.542969 0.492188 0.048438 0.025000
24 0.410938 0.495312 0.025000 0.037500