0 0.382812 0.482812 0.021875 0.031250
0 0.010156 0.484375 0.020313 0.043750
0 0.177344 0.407031 0.064062 0.220312
0 0.244531 0.396875 0.051562 0.218750
0 0.799219 0.343750 0.251563 0.268750
0 0.956250 0.322656 0.087500 0.276562
0 0.464062 0.257812 0.393750 0.496875
2 0.301563 0.560937 0.603125 0.128125
2 0.925781 0.557813 0.148438 0.159375
4 0.963281 0.370312 0.017188 0.140625
4 0.478125 0.348438 0.012500 0.159375
4 0.215625 0.301563 0.031250 0.490625
9 0.567187 0.490625 0.025000 0.028125
20 0.445312 0.496094 0.025000 0.048438
20 0.603906 0.475781 0.014063 0.048438
20 0.547656 0.478906 0.017188 0.057813
20 0.398438 0.486719 0.021875 0.082812
20 0.500000 0.478906 0.015625 0.070312
20 0.976562 0.451562 0.028125 0.062500
21 0.445312 0.496094 0.025000 0.048438
21 0.603906 0.475781 0.014063 0.048438
21 0.547656 0.478906 0.017188 0.057813
21 0.398438 0.486719 0.021875 0.082812
21 0.500000 0.478906 0.015625 0.070312
21 0.976562 0.451562 0.028125 0.062500
23 0.060156 0.532813 0.054688 0.056250
23 0.250781 0.515625 0.042188 0.025000
23 0.365625 0.505469 0.053125 0.032813
23 0.791406 0.470313 0.029687 0.028125
23 0.873437 0.464062 0.046875 0.021875
24 0.060156 0.532813 0.054688 0.056250
24 0.250781 0.515625 0.042188 0.025000
24 0.365625 0.505469 0.053125 0.032813
24 0.791406 0.470313 0.029687 0.028125
24 0.873437 0.464062 0.046875 0.021875