0 0.030469 0.529687 0.029687 0.140625
0 0.010937 0.546094 0.021875 0.176563
0 0.301563 0.486719 0.031250 0.082812
0 0.407031 0.439063 0.145313 0.256250
0 0.853906 0.332813 0.073438 0.081250
0 0.646094 0.367969 0.323437 0.448437
0 0.892188 0.326562 0.215625 0.368750
0 0.746094 0.139844 0.042188 0.026562
0 0.107031 0.285938 0.214062 0.571875
2 0.053906 0.687500 0.107813 0.106250
2 0.846094 0.610938 0.032813 0.028125
2 0.650000 0.596875 0.315625 0.046875
2 0.457813 0.572656 0.043750 0.017188
2 0.204687 0.566406 0.056250 0.032813
4 0.208594 0.475000 0.026562 0.178125
4 0.331250 0.439063 0.025000 0.165625
4 0.581250 0.320312 0.631250 0.606250
9 0.925781 0.578125 0.148438 0.150000
15 0.913281 0.536719 0.089063 0.160938
18 0.485156 0.492969 0.010937 0.064062
21 0.934375 0.538281 0.040625 0.060937
21 0.093750 0.537500 0.059375 0.065625
21 0.342187 0.550000 0.190625 0.096875
21 0.975000 0.535937 0.050000 0.078125
21 0.864844 0.533594 0.051562 0.104688
22 0.934375 0.538281 0.040625 0.060937
22 0.093750 0.537500 0.059375 0.065625
22 0.342187 0.550000 0.190625 0.096875
22 0.975000 0.535937 0.050000 0.078125
22 0.864844 0.533594 0.051562 0.104688