0 0.457813 0.375000 0.056250 0.025000
0 0.068750 0.265625 0.040625 0.031250
0 0.275000 0.292969 0.021875 0.157812
0 0.189062 0.277344 0.143750 0.164062
0 0.389844 0.262500 0.201563 0.231250
2 0.304688 0.481250 0.084375 0.012500
2 0.128125 0.473438 0.256250 0.018750
3 0.851562 0.476562 0.053125 0.037500
3 0.791406 0.468750 0.054688 0.034375
3 0.712500 0.460156 0.075000 0.029687
3 0.305469 0.455469 0.085938 0.045312
3 0.460156 0.410938 0.060937 0.062500
3 0.420312 0.429688 0.012500 0.100000
3 0.396094 0.427344 0.035937 0.101562
3 0.365625 0.423438 0.018750 0.096875
3 0.307031 0.377344 0.085938 0.010937
3 0.179688 0.414844 0.156250 0.120313
5 0.461719 0.461719 0.064062 0.039062
5 0.049219 0.428906 0.098437 0.079687
11 0.985156 0.433594 0.029687 0.029687
21 0.502344 0.461719 0.020313 0.029687
21 0.439063 0.458594 0.018750 0.029687
21 0.876563 0.445312 0.009375 0.075000
21 0.950781 0.457031 0.098437 0.101562
21 0.892188 0.452344 0.015625 0.092188
22 0.502344 0.461719 0.020313 0.029687
22 0.439063 0.458594 0.018750 0.029687
22 0.876563 0.445312 0.009375 0.075000
22 0.950781 0.457031 0.098437 0.101562
22 0.892188 0.452344 0.015625 0.092188