0 0.537500 0.685937 0.037500 0.043750
0 0.638281 0.689844 0.035937 0.073438
0 0.729688 0.639844 0.021875 0.039062
0 0.962500 0.671094 0.075000 0.104688
0 0.596875 0.617188 0.071875 0.118750
0 0.367969 0.587500 0.054688 0.106250
0 0.613281 0.339844 0.023438 0.045312
0 0.096094 0.323437 0.192188 0.615625
6 0.307031 0.710938 0.079687 0.146875
10 0.581250 0.796094 0.046875 0.095312
10 0.553125 0.750000 0.018750 0.037500
10 0.964063 0.736719 0.031250 0.032813
10 0.842969 0.727344 0.035937 0.045312
10 0.035156 0.725781 0.070312 0.042188
10 0.986719 0.724219 0.026562 0.051562
10 0.095312 0.717187 0.028125 0.040625
14 0.219531 0.703125 0.029687 0.031250
14 0.071094 0.713281 0.032813 0.051562
14 0.964844 0.714063 0.039062 0.056250
14 0.023438 0.713281 0.046875 0.054688
14 0.577344 0.738281 0.070312 0.123438
14 0.466406 0.725000 0.029687 0.100000
20 0.914062 0.734375 0.025000 0.046875
20 0.737500 0.711719 0.025000 0.042188
21 0.914062 0.734375 0.025000 0.046875
21 0.737500 0.711719 0.025000 0.042188
22 0.910156 0.723437 0.082812 0.084375
22 0.512500 0.729688 0.065625 0.109375
23 0.172656 0.710156 0.076563 0.035937
23 0.113281 0.713281 0.032813 0.042188
23 0.385937 0.768750 0.178125 0.203125
24 0.172656 0.710156 0.076563 0.035937
24 0.113281 0.713281 0.032813 0.042188
24 0.385937 0.768750 0.178125 0.203125