0 0.289844 0.317969 0.039062 0.082812
0 0.017969 0.303906 0.035937 0.060937
0 0.102344 0.303125 0.029687 0.065625
0 0.403906 0.300781 0.057813 0.107813
0 0.340625 0.293750 0.068750 0.121875
0 0.176563 0.289844 0.053125 0.139063
0 0.232031 0.290625 0.073438 0.143750
0 0.710938 0.112500 0.284375 0.218750
2 0.211719 0.764844 0.417187 0.470313
2 0.666406 0.753906 0.501563 0.492188
2 0.789062 0.705469 0.421875 0.451562
2 0.513281 0.417187 0.039062 0.025000
2 0.132812 0.391406 0.265625 0.057813
2 0.357812 0.406250 0.296875 0.093750
3 0.120313 0.357031 0.106250 0.048438
3 0.025000 0.360156 0.050000 0.054688
3 0.493750 0.327344 0.056250 0.095312
3 0.785937 0.291406 0.428125 0.417187
4 0.202344 0.289062 0.029687 0.175000
4 0.119531 0.264062 0.035937 0.140625
4 0.370312 0.275781 0.025000 0.189062
4 0.052344 0.237500 0.085938 0.331250
4 0.238281 0.233594 0.101562 0.392188