0 0.104688 0.703125 0.103125 0.065625
0 0.462500 0.693750 0.040625 0.056250
0 0.525000 0.682813 0.025000 0.037500
0 0.498437 0.680469 0.037500 0.032813
0 0.317188 0.686719 0.021875 0.045312
0 0.228125 0.711719 0.078125 0.129688
0 0.406250 0.674219 0.037500 0.057813
0 0.358594 0.680469 0.067187 0.073438
0 0.286719 0.692187 0.042188 0.103125
0 0.646875 0.635156 0.053125 0.032813
0 0.728125 0.588281 0.059375 0.160938
0 0.214844 0.480469 0.295312 0.173437
0 0.017969 0.439844 0.035937 0.142187
0 0.810156 0.348438 0.379688 0.696875
2 0.821875 0.737500 0.356250 0.184375
3 0.660937 0.652344 0.056250 0.051562
12 0.435937 0.821875 0.743750 0.181250
13 0.609375 0.602344 0.112500 0.048438
21 0.127344 0.798438 0.182812 0.190625
21 0.339062 0.730469 0.118750 0.070312
21 0.419531 0.712500 0.048438 0.040625
21 0.496094 0.702344 0.048438 0.026562
21 0.694531 0.636719 0.026562 0.045312
21 0.578125 0.669531 0.112500 0.114062
21 0.720313 0.628125 0.028125 0.043750
22 0.127344 0.798438 0.182812 0.190625
22 0.339062 0.730469 0.118750 0.070312
22 0.419531 0.712500 0.048438 0.040625
22 0.496094 0.702344 0.048438 0.026562
22 0.694531 0.636719 0.026562 0.045312
22 0.578125 0.669531 0.112500 0.114062
22 0.720313 0.628125 0.028125 0.043750