0 0.279687 0.655469 0.028125 0.045312
3 0.448437 0.667188 0.031250 0.034375
6 0.559375 0.684375 0.075000 0.106250
11 0.493750 0.612500 0.078125 0.025000
11 0.283594 0.634375 0.476562 0.178125
21 0.031250 0.713281 0.050000 0.026562
21 0.721094 0.779687 0.254688 0.221875
21 0.464844 0.687500 0.032813 0.040625
21 0.335156 0.681250 0.054688 0.028125
21 0.502344 0.679688 0.035937 0.037500
21 0.141406 0.703125 0.117188 0.084375
21 0.404687 0.677344 0.053125 0.039062
22 0.031250 0.713281 0.050000 0.026562
22 0.721094 0.779687 0.254688 0.221875
22 0.464844 0.687500 0.032813 0.040625
22 0.335156 0.681250 0.054688 0.028125
22 0.502344 0.679688 0.035937 0.037500
22 0.141406 0.703125 0.117188 0.084375
22 0.404687 0.677344 0.053125 0.039062