0 0.545312 0.502344 0.028125 0.026562
0 0.211719 0.475000 0.057813 0.046875
0 0.150000 0.448437 0.050000 0.084375
0 0.793750 0.428906 0.040625 0.085938
0 0.085938 0.439063 0.056250 0.112500
0 0.840625 0.425000 0.034375 0.087500
0 0.678125 0.432031 0.153125 0.142187
2 0.906250 0.709375 0.128125 0.090625
2 0.059375 0.633594 0.118750 0.042188
2 0.706250 0.601562 0.090625 0.040625
3 0.145313 0.589063 0.056250 0.059375
3 0.620313 0.580469 0.084375 0.085938
3 0.328906 0.553125 0.048438 0.031250
3 0.900000 0.664062 0.200000 0.256250
3 0.553125 0.553125 0.015625 0.040625
3 0.526563 0.546875 0.021875 0.031250
4 0.510156 0.432812 0.026562 0.196875
4 0.347656 0.415625 0.026562 0.246875
4 0.555469 0.307812 0.042188 0.246875
4 0.285938 0.333594 0.040625 0.323437
4 0.758594 0.236719 0.045312 0.473438
4 0.126562 0.282031 0.084375 0.564063
5 0.325781 0.536719 0.048438 0.023438
5 0.152344 0.543750 0.045312 0.040625
5 0.062500 0.582031 0.125000 0.117188
5 0.764062 0.524219 0.471875 0.179688
6 0.464062 0.457813 0.081250 0.087500
21 0.439844 0.557813 0.157812 0.140625
21 0.237500 0.555469 0.140625 0.157812
22 0.439844 0.557813 0.157812 0.140625
22 0.237500 0.555469 0.140625 0.157812