0 0.480469 0.613281 0.026562 0.045312
0 0.431250 0.609375 0.043750 0.053125
0 0.622656 0.321094 0.110937 0.573438
0 0.798438 0.352344 0.403125 0.704688
1 0.849219 0.470313 0.051562 0.059375
1 0.593750 0.028125 0.050000 0.025000
2 0.435156 0.667969 0.035937 0.017188
4 0.032813 0.585938 0.025000 0.203125
4 0.253906 0.510938 0.020313 0.146875
7 0.272656 0.674219 0.014063 0.048438
23 0.362500 0.671875 0.112500 0.140625
23 0.120313 0.663281 0.018750 0.154688
23 0.203906 0.650000 0.135937 0.181250
23 0.729688 0.721875 0.540625 0.468750
24 0.362500 0.671875 0.112500 0.140625
24 0.120313 0.663281 0.018750 0.154688
24 0.203906 0.650000 0.135937 0.181250
24 0.729688 0.721875 0.540625 0.468750