0 0.319531 0.639844 0.020313 0.082812
0 0.814063 0.594531 0.037500 0.060937
0 0.862500 0.582031 0.037500 0.060937
0 0.963281 0.571875 0.029687 0.043750
0 0.726562 0.606250 0.100000 0.112500
0 0.912500 0.572656 0.021875 0.057813
0 0.025000 0.576562 0.034375 0.203125
1 0.148438 0.226562 0.043750 0.062500
2 0.376563 0.766406 0.037500 0.042188
2 0.225781 0.871094 0.345313 0.257812
3 0.110937 0.722656 0.128125 0.076563
7 0.270313 0.752344 0.053125 0.098437
8 0.954688 0.605469 0.090625 0.035937
10 0.707031 0.652344 0.048438 0.042188
21 0.323437 0.691406 0.021875 0.039062
21 0.583594 0.656250 0.029687 0.062500
21 0.764062 0.640625 0.037500 0.040625
21 0.645312 0.646094 0.046875 0.067187
21 0.442969 0.679688 0.192188 0.153125
21 0.890625 0.627344 0.218750 0.064062
22 0.323437 0.691406 0.021875 0.039062
22 0.583594 0.656250 0.029687 0.062500
22 0.764062 0.640625 0.037500 0.040625
22 0.645312 0.646094 0.046875 0.067187
22 0.442969 0.679688 0.192188 0.153125
22 0.890625 0.627344 0.218750 0.064062