0 0.114062 0.805469 0.040625 0.035937
0 0.152344 0.788281 0.023438 0.035937
0 0.231250 0.757031 0.134375 0.098437
0 0.380469 0.727344 0.164062 0.045312
0 0.624219 0.685937 0.026562 0.053125
0 0.591406 0.689844 0.045312 0.060937
0 0.815625 0.629687 0.368750 0.196875
3 0.675781 0.753125 0.107813 0.056250
3 0.542969 0.736719 0.035937 0.023438
3 0.594531 0.745313 0.064062 0.053125
3 0.442188 0.754687 0.159375 0.071875
3 0.762500 0.732812 0.059375 0.034375
3 0.953906 0.754687 0.092188 0.090625
3 0.853125 0.720313 0.106250 0.040625
4 0.625781 0.641406 0.039062 0.179688
4 0.132031 0.685156 0.051562 0.348438
5 0.557813 0.739062 0.081250 0.040625
5 0.860938 0.714844 0.081250 0.048438
5 0.951562 0.696875 0.096875 0.043750
23 0.107813 0.833594 0.053125 0.045312
23 0.821875 0.853125 0.356250 0.231250
24 0.107813 0.833594 0.053125 0.045312
24 0.821875 0.853125 0.356250 0.231250