0 0.460938 0.550781 0.043750 0.079687
0 0.432812 0.498437 0.037500 0.028125
0 0.796094 0.480469 0.029687 0.042188
0 0.031250 0.375000 0.062500 0.121875
0 0.025000 0.178906 0.050000 0.207813
0 0.178906 0.271094 0.239063 0.407813
2 0.060156 0.742188 0.060937 0.084375
2 0.250781 0.802344 0.364063 0.317188
2 0.925000 0.571094 0.150000 0.039062
3 0.415625 0.557031 0.025000 0.035937
3 0.280469 0.580469 0.170313 0.126562
3 0.763281 0.515625 0.107813 0.037500
3 0.829688 0.513281 0.021875 0.039062
3 0.862500 0.510156 0.037500 0.045312
3 0.934375 0.509375 0.118750 0.087500
5 0.046875 0.649219 0.075000 0.123438
5 0.201563 0.632812 0.112500 0.106250
5 0.318750 0.605469 0.075000 0.060937
5 0.880469 0.542188 0.032813 0.025000
5 0.957031 0.537500 0.035937 0.028125
7 0.195312 0.644531 0.031250 0.060937
8 0.537500 0.537500 0.040625 0.040625
9 0.071875 0.837500 0.071875 0.187500
10 0.375000 0.619531 0.028125 0.057813
10 0.427344 0.607812 0.042188 0.075000
18 0.880469 0.508594 0.020313 0.045312
18 0.976562 0.487500 0.021875 0.031250
21 0.510938 0.605469 0.112500 0.132812
21 0.761719 0.540625 0.089063 0.050000
21 0.625000 0.562500 0.096875 0.096875
22 0.510938 0.605469 0.112500 0.132812
22 0.761719 0.540625 0.089063 0.050000
22 0.625000 0.562500 0.096875 0.096875