0 0.047656 0.506250 0.026562 0.078125
0 0.078906 0.507812 0.029687 0.112500
0 0.106250 0.484375 0.018750 0.115625
0 0.957031 0.332031 0.085938 0.614062
0 0.510938 0.323437 0.934375 0.646875
1 0.986719 0.011719 0.026562 0.023438
2 0.575781 0.657813 0.848437 0.106250
7 0.121094 0.562500 0.042188 0.046875
20 0.211719 0.571094 0.032813 0.123438
20 0.030469 0.503125 0.032813 0.065625
21 0.211719 0.571094 0.032813 0.123438
21 0.030469 0.503125 0.032813 0.065625
23 0.083594 0.718750 0.167187 0.428125
24 0.083594 0.718750 0.167187 0.428125