0 0.385937 0.484375 0.053125 0.037500
0 0.751563 0.489844 0.018750 0.054688
0 0.696875 0.482812 0.087500 0.056250
0 0.735938 0.225781 0.050000 0.092188
0 0.098437 0.321875 0.196875 0.540625
0 0.207031 0.082812 0.048438 0.081250
0 0.311719 0.269531 0.154688 0.485938
2 0.305469 0.675000 0.117188 0.103125
2 0.450000 0.567187 0.131250 0.056250
3 0.209375 0.545312 0.050000 0.043750
3 0.278125 0.539844 0.037500 0.051562
3 0.342187 0.540625 0.059375 0.065625
3 0.409375 0.528125 0.081250 0.075000
4 0.271875 0.339062 0.103125 0.600000
5 0.350781 0.581250 0.054688 0.031250
5 0.429688 0.517188 0.100000 0.143750
6 0.860156 0.363281 0.279687 0.726562
7 0.270313 0.600000 0.021875 0.053125
9 0.546875 0.553906 0.031250 0.042188
15 0.531250 0.542969 0.021875 0.067187
21 0.575781 0.529687 0.045312 0.021875
21 0.707031 0.511719 0.098437 0.035937
21 0.133594 0.710156 0.267188 0.448437
22 0.575781 0.529687 0.045312 0.021875
22 0.707031 0.511719 0.098437 0.035937
22 0.133594 0.710156 0.267188 0.448437