0 0.047656 0.708594 0.032813 0.054688
0 0.739844 0.653906 0.014063 0.060937
0 0.048438 0.635938 0.040625 0.025000
0 0.140625 0.627344 0.034375 0.085938
0 0.876563 0.610156 0.021875 0.123438
0 0.849219 0.564844 0.026562 0.064062
0 0.104688 0.612500 0.015625 0.159375
0 0.789062 0.603906 0.090625 0.151562
0 0.080469 0.603906 0.029687 0.226562
0 0.058594 0.525000 0.032813 0.090625
0 0.010937 0.600781 0.021875 0.276562
0 0.332813 0.478125 0.328125 0.431250
0 0.750000 0.354687 0.500000 0.709375
0 0.050000 0.185938 0.100000 0.371875
4 0.795312 0.585938 0.206250 0.253125
23 0.680469 0.707812 0.064062 0.053125
23 0.837500 0.716406 0.162500 0.095312
23 0.315625 0.732812 0.528125 0.253125
24 0.680469 0.707812 0.064062 0.053125
24 0.837500 0.716406 0.162500 0.095312
24 0.315625 0.732812 0.528125 0.253125