11 0.446875 0.684375 0.503125 0.131250
21 0.096094 0.807031 0.098437 0.064062
21 0.313281 0.768750 0.057813 0.056250
21 0.507031 0.738281 0.067187 0.023438
21 0.622656 0.734375 0.032813 0.031250
21 0.571875 0.736719 0.059375 0.048438
21 0.955469 0.705469 0.089063 0.148438
22 0.096094 0.807031 0.098437 0.064062
22 0.313281 0.768750 0.057813 0.056250
22 0.507031 0.738281 0.067187 0.023438
22 0.622656 0.734375 0.032813 0.031250
22 0.571875 0.736719 0.059375 0.048438
22 0.955469 0.705469 0.089063 0.148438