0 0.904687 0.584375 0.043750 0.053125
0 0.824219 0.588281 0.129688 0.092188
0 0.572656 0.491406 0.082812 0.051562
0 0.563281 0.414844 0.082812 0.126562
2 0.153906 0.910937 0.176563 0.065625
2 0.175781 0.780469 0.164062 0.039062
2 0.332813 0.766406 0.100000 0.045312
2 0.330469 0.742969 0.107813 0.032813
2 0.947656 0.757812 0.104688 0.071875
2 0.411719 0.701562 0.039062 0.031250
2 0.703906 0.687500 0.154688 0.043750
3 0.967969 0.590625 0.064062 0.028125
11 0.979688 0.570312 0.040625 0.021875
21 0.435156 0.764844 0.117188 0.123438
21 0.596094 0.722656 0.139063 0.160938
22 0.435156 0.764844 0.117188 0.123438
22 0.596094 0.722656 0.139063 0.160938