0 0.167187 0.763281 0.056250 0.067187
0 0.221094 0.746094 0.054688 0.048438
0 0.286719 0.732031 0.064062 0.054688
0 0.453906 0.716406 0.035937 0.029687
0 0.395313 0.712500 0.031250 0.078125
0 0.729688 0.622656 0.540625 0.389062
2 0.700781 0.868750 0.598437 0.215625
4 0.094531 0.708594 0.032813 0.139063
4 0.426563 0.700000 0.034375 0.140625
4 0.381250 0.620313 0.059375 0.228125
4 0.446875 0.380469 0.109375 0.501563
8 0.358594 0.750781 0.089063 0.117188
20 0.466406 0.746094 0.020313 0.051562
20 0.738281 0.711719 0.060937 0.123438
21 0.466406 0.746094 0.020313 0.051562
21 0.738281 0.711719 0.060937 0.123438
23 0.206250 0.873437 0.334375 0.253125
23 0.449219 0.745313 0.020313 0.037500
23 0.483594 0.743750 0.023438 0.043750
23 0.653906 0.710938 0.123438 0.093750
23 0.863281 0.675000 0.273438 0.175000
24 0.206250 0.873437 0.334375 0.253125
24 0.449219 0.745313 0.020313 0.037500
24 0.483594 0.743750 0.023438 0.043750
24 0.653906 0.710938 0.123438 0.093750
24 0.863281 0.675000 0.273438 0.175000