0 0.081250 0.597656 0.015625 0.057813
0 0.408594 0.573438 0.042188 0.034375
0 0.346875 0.575781 0.021875 0.042188
0 0.327344 0.575781 0.017188 0.042188
0 0.293750 0.562500 0.050000 0.056250
0 0.539844 0.546094 0.067187 0.029687
0 0.977344 0.538281 0.045312 0.035937
0 0.033594 0.572656 0.067187 0.110937
0 0.175781 0.568750 0.185938 0.109375
0 0.917969 0.529687 0.042188 0.056250
0 0.847656 0.489844 0.073438 0.039062
1 0.057031 0.341406 0.026562 0.039062
2 0.058594 0.738281 0.048438 0.032813
2 0.142969 0.713281 0.114062 0.042188
2 0.297656 0.649219 0.076563 0.020313
4 0.342187 0.464844 0.050000 0.295312
4 0.917188 0.337500 0.031250 0.168750
4 0.239844 0.411719 0.085938 0.460938
5 0.393750 0.607031 0.068750 0.032813
23 0.298438 0.591406 0.043750 0.020313
23 0.599219 0.589063 0.064062 0.065625
23 0.496875 0.591406 0.062500 0.073438
23 0.661719 0.571094 0.045312 0.042188
23 0.850781 0.571875 0.170313 0.109375
24 0.298438 0.591406 0.043750 0.020313
24 0.599219 0.589063 0.064062 0.065625
24 0.496875 0.591406 0.062500 0.073438
24 0.661719 0.571094 0.045312 0.042188
24 0.850781 0.571875 0.170313 0.109375