0 0.053906 0.765625 0.039062 0.071875
0 0.125781 0.739844 0.079687 0.051562
0 0.209375 0.717969 0.068750 0.073438
0 0.250000 0.713281 0.021875 0.073438
0 0.288281 0.690625 0.057813 0.046875
0 0.341406 0.686719 0.026562 0.048438
0 0.375000 0.680469 0.031250 0.073438
0 0.425781 0.660156 0.085938 0.073438
0 0.717969 0.605469 0.035937 0.048438
0 0.813281 0.589844 0.029687 0.035937
0 0.662500 0.604688 0.071875 0.068750
0 0.422656 0.567187 0.023438 0.050000
0 0.842969 0.567969 0.042188 0.070312
0 0.392188 0.562500 0.037500 0.062500
0 0.376563 0.565625 0.037500 0.081250
0 0.882031 0.549219 0.054688 0.089063
0 0.353125 0.539844 0.025000 0.082812
0 0.469531 0.517188 0.179688 0.134375
0 0.177344 0.555469 0.354687 0.251563
0 0.691406 0.454688 0.289062 0.159375
0 0.842969 0.415625 0.054688 0.100000
0 0.871875 0.392969 0.031250 0.067187
0 0.917188 0.385937 0.062500 0.084375
2 0.933594 0.704688 0.132812 0.150000
5 0.451562 0.696875 0.053125 0.028125
5 0.672656 0.646875 0.060937 0.028125
5 0.721875 0.636719 0.034375 0.023438
5 0.795312 0.620313 0.056250 0.028125
5 0.845313 0.607812 0.046875 0.025000
5 0.893750 0.597656 0.037500 0.023438
8 0.040625 0.673438 0.034375 0.034375
11 0.045312 0.708594 0.037500 0.051562
11 0.158594 0.697656 0.192188 0.126562
11 0.522656 0.658594 0.023438 0.060937
11 0.792969 0.596094 0.026562 0.032813
11 0.382812 0.640625 0.259375 0.146875
11 0.633594 0.548438 0.051562 0.053125
11 0.973437 0.546094 0.043750 0.085938
11 0.714063 0.556250 0.068750 0.106250
11 0.831250 0.491406 0.034375 0.051562
21 0.160938 0.778906 0.168750 0.079687
21 0.323437 0.729688 0.112500 0.071875
21 0.410938 0.691406 0.043750 0.045312
21 0.653906 0.653125 0.029687 0.046875
22 0.160938 0.778906 0.168750 0.079687
22 0.323437 0.729688 0.112500 0.071875
22 0.410938 0.691406 0.043750 0.045312
22 0.653906 0.653125 0.029687 0.046875