0 0.369531 0.614844 0.067187 0.045312
0 0.625781 0.553125 0.039062 0.071875
0 0.735938 0.545312 0.040625 0.109375
0 0.160938 0.584375 0.181250 0.284375
0 0.771094 0.523438 0.048438 0.171875
0 0.835156 0.465625 0.089063 0.087500
2 0.336719 0.852344 0.276562 0.295312
2 0.505469 0.684375 0.026562 0.050000
3 0.399219 0.657031 0.126562 0.057813
4 0.692969 0.499219 0.054688 0.192188
4 0.753906 0.484375 0.089063 0.284375
5 0.419531 0.617188 0.076563 0.031250
8 0.893750 0.580469 0.212500 0.189062
21 0.654687 0.660937 0.206250 0.150000
21 0.954688 0.627344 0.090625 0.189062
22 0.654687 0.660937 0.206250 0.150000
22 0.954688 0.627344 0.090625 0.189062