0 0.213281 0.607031 0.054688 0.079687
0 0.095312 0.633594 0.175000 0.132812
0 0.313281 0.584375 0.139063 0.093750
0 0.692187 0.497656 0.056250 0.057813
0 0.813281 0.467187 0.192188 0.143750
2 0.911719 0.606250 0.073438 0.031250
4 0.164844 0.521875 0.054688 0.296875
4 0.580469 0.460156 0.054688 0.220312
4 0.689063 0.403906 0.100000 0.317188
4 0.900781 0.310937 0.151562 0.621875
5 0.307031 0.633594 0.082812 0.039062
21 0.677344 0.530469 0.026562 0.026562
21 0.901563 0.520312 0.068750 0.078125
21 0.989062 0.523438 0.021875 0.087500
21 0.964063 0.516406 0.043750 0.101562
22 0.677344 0.530469 0.026562 0.026562
22 0.901563 0.520312 0.068750 0.078125
22 0.989062 0.523438 0.021875 0.087500
22 0.964063 0.516406 0.043750 0.101562