0 0.587500 0.574219 0.062500 0.045312
0 0.923438 0.500781 0.153125 0.195312
1 0.559375 0.047656 0.034375 0.029687
2 0.812500 0.715625 0.375000 0.215625
3 0.654687 0.617969 0.050000 0.039062
4 0.634375 0.415625 0.075000 0.128125
4 0.711719 0.346094 0.270313 0.692187
16 0.945312 0.628906 0.015625 0.048438
18 0.799219 0.534375 0.057813 0.143750
23 0.575781 0.647656 0.123438 0.129688
23 0.803125 0.589063 0.053125 0.040625
23 0.339844 0.644531 0.139063 0.157812
23 0.871875 0.582031 0.059375 0.039062
24 0.575781 0.647656 0.123438 0.129688
24 0.803125 0.589063 0.053125 0.040625
24 0.339844 0.644531 0.139063 0.157812
24 0.871875 0.582031 0.059375 0.039062