0 0.080469 0.542969 0.160938 0.248438
0 0.228125 0.535156 0.159375 0.264062
0 0.580469 0.500781 0.548438 0.326562
2 0.142969 0.984375 0.035937 0.031250
2 0.516406 0.859375 0.695312 0.281250
2 0.986719 0.596875 0.026562 0.025000
3 0.166406 0.696094 0.123438 0.060937
3 0.048438 0.717187 0.096875 0.109375
3 0.320312 0.696094 0.028125 0.073438
3 0.540625 0.660937 0.071875 0.028125
3 0.917969 0.533594 0.051562 0.029687
3 0.959375 0.527344 0.021875 0.026562
4 0.161719 0.478906 0.057813 0.376563
9 0.219531 0.816406 0.439063 0.367188
20 0.956250 0.598437 0.046875 0.156250
21 0.956250 0.598437 0.046875 0.156250
23 0.457813 0.691406 0.087500 0.076563
23 0.829688 0.600781 0.046875 0.035937
24 0.457813 0.691406 0.087500 0.076563
24 0.829688 0.600781 0.046875 0.035937