0 0.844531 0.722656 0.032813 0.060937
0 0.796094 0.692969 0.017188 0.042188
0 0.846094 0.650000 0.054688 0.056250
0 0.795312 0.634375 0.043750 0.053125
0 0.111719 0.506250 0.032813 0.025000
0 0.016406 0.503125 0.032813 0.025000
0 0.600781 0.523438 0.026562 0.140625
0 0.333594 0.453906 0.117188 0.101562
0 0.521094 0.485156 0.117188 0.207813
0 0.119531 0.364063 0.073438 0.056250
0 0.040625 0.338281 0.071875 0.051562
0 0.777344 0.350781 0.445312 0.701562
1 0.596094 0.115625 0.035937 0.056250
2 0.483594 0.772656 0.967187 0.454688
2 0.339844 0.529687 0.064062 0.028125
7 0.782813 0.699219 0.015625 0.051562
7 0.764844 0.698438 0.017188 0.056250
7 0.758594 0.660156 0.057813 0.126562
20 0.446094 0.535937 0.154688 0.115625
20 0.583594 0.543750 0.035937 0.156250
21 0.446094 0.535937 0.154688 0.115625
21 0.583594 0.543750 0.035937 0.156250
23 0.093750 0.571875 0.187500 0.084375
23 0.298438 0.510938 0.031250 0.025000
24 0.093750 0.571875 0.187500 0.084375
24 0.298438 0.510938 0.031250 0.025000