0 0.289062 0.790625 0.028125 0.050000
0 0.342187 0.766406 0.028125 0.070312
0 0.314844 0.768750 0.029687 0.075000
0 0.379688 0.681250 0.050000 0.062500
0 0.329688 0.657813 0.025000 0.037500
0 0.655469 0.660156 0.032813 0.048438
0 0.289062 0.663281 0.056250 0.060937
0 0.823438 0.664844 0.053125 0.070312
0 0.529687 0.660937 0.231250 0.090625
0 0.743750 0.629687 0.096875 0.062500
0 0.800781 0.608594 0.026562 0.045312
0 0.147656 0.711719 0.235937 0.257812
0 0.728125 0.585156 0.065625 0.039062
4 0.353906 0.710938 0.035937 0.196875
4 0.324219 0.711719 0.029687 0.201563
4 0.342187 0.553906 0.034375 0.098437
23 0.550000 0.780469 0.187500 0.167187
24 0.550000 0.780469 0.187500 0.167187