0 0.940625 0.342187 0.118750 0.106250
0 0.264062 0.287500 0.043750 0.018750
0 0.514844 0.267188 0.026562 0.018750
0 0.306250 0.233594 0.040625 0.045312
0 0.367188 0.261719 0.156250 0.214062
0 0.832031 0.162500 0.207813 0.165625
0 0.675000 0.160938 0.015625 0.165625
0 0.634375 0.164062 0.009375 0.200000
0 0.193750 0.171094 0.053125 0.339062
0 0.047656 0.224219 0.095312 0.445312
2 0.395313 0.736719 0.762500 0.526563
2 0.935156 0.386719 0.129688 0.032813
2 0.539062 0.368750 0.068750 0.037500
3 0.689063 0.333594 0.028125 0.026562
3 0.721875 0.332813 0.031250 0.028125
4 0.735938 0.260937 0.031250 0.140625
8 0.553125 0.331250 0.018750 0.031250
8 0.875000 0.328125 0.015625 0.087500
8 0.805469 0.330469 0.120313 0.101562
12 0.526563 0.456250 0.043750 0.131250
12 0.478125 0.451562 0.037500 0.125000
12 0.392188 0.443750 0.118750 0.109375
13 0.577344 0.285938 0.051562 0.018750
21 0.764844 0.369531 0.092188 0.079687
21 0.596875 0.366406 0.084375 0.079687
22 0.764844 0.369531 0.092188 0.079687
22 0.596875 0.366406 0.084375 0.079687