0 0.498437 0.713281 0.059375 0.064062
0 0.430469 0.694531 0.032813 0.051562
0 0.323437 0.618750 0.134375 0.218750
0 0.730469 0.411719 0.539062 0.823438
2 0.073438 0.758594 0.146875 0.010937
2 0.717187 0.820312 0.565625 0.181250
3 0.771094 0.740625 0.132812 0.078125
3 0.669531 0.725000 0.032813 0.046875
3 0.594531 0.717187 0.017188 0.034375
4 0.063281 0.630469 0.020313 0.260937
4 0.579688 0.566406 0.015625 0.417187
5 0.267969 0.710156 0.054688 0.020313
5 0.171094 0.725781 0.026562 0.054688
5 0.553125 0.725781 0.043750 0.057813
5 0.220312 0.722656 0.034375 0.051562
5 0.604688 0.729688 0.034375 0.068750
5 0.194531 0.723437 0.020313 0.056250
5 0.017969 0.725000 0.035937 0.059375
5 0.046875 0.724219 0.021875 0.060937
5 0.667969 0.735156 0.079687 0.085938
5 0.107031 0.721875 0.082812 0.065625
8 0.321094 0.716406 0.045312 0.054688
21 0.353906 0.725781 0.023438 0.023438
21 0.272656 0.735938 0.098437 0.053125
21 0.407813 0.720313 0.062500 0.062500
22 0.353906 0.725781 0.023438 0.023438
22 0.272656 0.735938 0.098437 0.053125
22 0.407813 0.720313 0.062500 0.062500