0 0.185156 0.607031 0.045312 0.026562
0 0.058594 0.635156 0.095312 0.107813
0 0.588281 0.489844 0.057813 0.042188
0 0.763281 0.481250 0.051562 0.037500
0 0.690625 0.487500 0.084375 0.096875
0 0.634375 0.492188 0.050000 0.115625
0 0.807813 0.444531 0.034375 0.045312
0 0.672656 0.428125 0.051562 0.021875
0 0.908594 0.428906 0.182812 0.107813
2 0.608594 0.572656 0.085938 0.020313
2 0.900781 0.623437 0.198437 0.171875
4 0.822656 0.353125 0.039062 0.065625
4 0.882031 0.343750 0.032813 0.065625
6 0.245312 0.571094 0.081250 0.051562
18 0.773438 0.446875 0.084375 0.053125
21 0.286719 0.646094 0.476562 0.204687
21 0.703906 0.533594 0.076563 0.054688
21 0.859375 0.489844 0.234375 0.104688
22 0.286719 0.646094 0.476562 0.204687
22 0.703906 0.533594 0.076563 0.054688
22 0.859375 0.489844 0.234375 0.104688