0 0.582812 0.572656 0.278125 0.404687
0 0.839844 0.535937 0.320312 0.412500
11 0.424219 0.756250 0.101562 0.046875
23 0.518750 0.794531 0.093750 0.051562
23 0.417969 0.828906 0.104688 0.132812
23 0.611719 0.763281 0.057813 0.035937
23 0.717969 0.735156 0.092188 0.073438
23 0.912500 0.705469 0.175000 0.107813
24 0.518750 0.794531 0.093750 0.051562
24 0.417969 0.828906 0.104688 0.132812
24 0.611719 0.763281 0.057813 0.035937
24 0.717969 0.735156 0.092188 0.073438
24 0.912500 0.705469 0.175000 0.107813