0 0.157812 0.598437 0.040625 0.031250
0 0.215625 0.583594 0.050000 0.026562
0 0.281250 0.574219 0.040625 0.029687
0 0.336719 0.560937 0.057813 0.021875
0 0.198437 0.528125 0.053125 0.065625
0 0.558594 0.543750 0.092188 0.109375
0 0.412500 0.523438 0.090625 0.068750
0 0.021875 0.563281 0.043750 0.148438
0 0.717969 0.414062 0.045312 0.065625
0 0.753125 0.426563 0.034375 0.103125
0 0.793750 0.418750 0.081250 0.115625
0 0.633594 0.407031 0.114062 0.098437
0 0.932031 0.327344 0.101562 0.217188
0 0.085938 0.348438 0.171875 0.568750
2 0.414844 0.649219 0.139063 0.076563
2 0.552344 0.593750 0.117188 0.071875
2 0.898438 0.456250 0.068750 0.028125
3 0.191406 0.709375 0.320312 0.153125
3 0.740625 0.576562 0.321875 0.218750
4 0.107813 0.503125 0.106250 0.371875
4 0.161719 0.471094 0.092188 0.414062
8 0.658594 0.510938 0.110937 0.128125
8 0.727344 0.483594 0.045312 0.082812
10 0.970313 0.496875 0.021875 0.040625
12 0.480469 0.667188 0.210938 0.050000
13 0.647656 0.360938 0.051562 0.040625
13 0.735938 0.350781 0.025000 0.060937
13 0.709375 0.350781 0.034375 0.064062
13 0.827344 0.318750 0.167187 0.118750
13 0.961719 0.298438 0.048438 0.153125
14 0.967187 0.479687 0.031250 0.075000
20 0.082812 0.677344 0.040625 0.057813
20 0.485938 0.607031 0.050000 0.123438
20 0.564844 0.554688 0.029687 0.068750
20 0.828125 0.480469 0.040625 0.048438
21 0.082812 0.677344 0.040625 0.057813
21 0.485938 0.607031 0.050000 0.123438
21 0.564844 0.554688 0.029687 0.068750
21 0.828125 0.480469 0.040625 0.048438
23 0.035937 0.675781 0.037500 0.092188
23 0.094531 0.653906 0.092188 0.064062
23 0.167969 0.640625 0.048438 0.071875
23 0.218750 0.623437 0.050000 0.071875
23 0.285156 0.612500 0.042188 0.068750
23 0.339844 0.590625 0.060937 0.068750
23 0.434375 0.571875 0.131250 0.068750
23 0.673438 0.560156 0.084375 0.095312
23 0.785937 0.492969 0.056250 0.042188
23 0.967969 0.421875 0.048438 0.043750
24 0.035937 0.675781 0.037500 0.092188
24 0.094531 0.653906 0.092188 0.064062
24 0.167969 0.640625 0.048438 0.071875
24 0.218750 0.623437 0.050000 0.071875
24 0.285156 0.612500 0.042188 0.068750
24 0.339844 0.590625 0.060937 0.068750
24 0.434375 0.571875 0.131250 0.068750
24 0.673438 0.560156 0.084375 0.095312
24 0.785937 0.492969 0.056250 0.042188
24 0.967969 0.421875 0.048438 0.043750