0 0.412500 0.740625 0.025000 0.031250
0 0.171094 0.747656 0.032813 0.045312
0 0.479687 0.743750 0.100000 0.043750
0 0.110156 0.733594 0.064062 0.032813
0 0.046094 0.617969 0.029687 0.029687
0 0.014063 0.621094 0.028125 0.042188
0 0.718750 0.589063 0.375000 0.409375
0 0.950781 0.564844 0.098437 0.482812
1 0.775781 0.099219 0.048438 0.032813
13 0.059375 0.614844 0.040625 0.035937
21 0.991406 0.830469 0.017188 0.123438
21 0.561719 0.813281 0.267188 0.148438
21 0.311719 0.785937 0.170313 0.093750
21 0.106250 0.750000 0.075000 0.040625
21 0.857812 0.864062 0.212500 0.271875
21 0.007031 0.762500 0.014063 0.075000
21 0.201563 0.749219 0.050000 0.051562
22 0.991406 0.830469 0.017188 0.123438
22 0.561719 0.813281 0.267188 0.148438
22 0.311719 0.785937 0.170313 0.093750
22 0.106250 0.750000 0.075000 0.040625
22 0.857812 0.864062 0.212500 0.271875
22 0.007031 0.762500 0.014063 0.075000
22 0.201563 0.749219 0.050000 0.051562