0 0.226562 0.771875 0.134375 0.106250
0 0.103125 0.778906 0.109375 0.129688
0 0.846875 0.704688 0.043750 0.084375
0 0.778125 0.710156 0.100000 0.095312
0 0.814063 0.594531 0.034375 0.107813
0 0.937500 0.632812 0.125000 0.206250
0 0.545312 0.610156 0.496875 0.351562
2 0.130469 0.982031 0.110937 0.035937
2 0.109375 0.875781 0.100000 0.017188
2 0.959375 0.882812 0.081250 0.034375
2 0.665625 0.825000 0.259375 0.028125
2 0.945312 0.801562 0.109375 0.018750
3 0.105469 0.851562 0.104688 0.040625
3 0.179688 0.841406 0.028125 0.032813
3 0.505469 0.805469 0.070312 0.042188
3 0.664844 0.784375 0.242188 0.059375
3 0.960156 0.766406 0.079687 0.029687
3 0.813281 0.769531 0.045312 0.042188
5 0.507812 0.826562 0.065625 0.018750
5 0.601562 0.817187 0.109375 0.028125
5 0.721875 0.806250 0.121875 0.031250
5 0.817969 0.798438 0.042188 0.021875
5 0.968750 0.784375 0.062500 0.028125
5 0.860156 0.768750 0.026562 0.075000
5 0.903125 0.763281 0.050000 0.076563
7 0.484375 0.794531 0.053125 0.054688
12 0.589063 0.951562 0.631250 0.096875
12 0.963281 0.836719 0.073438 0.054688
17 0.203125 0.910937 0.059375 0.178125
20 0.789062 0.773438 0.034375 0.087500
21 0.789062 0.773438 0.034375 0.087500
23 0.339062 0.819531 0.275000 0.164062
24 0.339062 0.819531 0.275000 0.164062