0 0.057813 0.337500 0.018750 0.081250
0 0.358594 0.303125 0.010937 0.103125
0 0.789844 0.226562 0.420312 0.453125
0 0.250000 0.188281 0.484375 0.376563
2 0.945312 0.745313 0.109375 0.284375
2 0.080469 0.617969 0.160938 0.164062
2 0.819531 0.414844 0.360938 0.114062
2 0.329688 0.389844 0.334375 0.095312
3 0.253125 0.412500 0.162500 0.025000
3 0.392969 0.389062 0.076563 0.040625
5 0.021094 0.504687 0.042188 0.171875
23 0.101562 0.412500 0.143750 0.078125
23 0.532031 0.331250 0.073438 0.056250
23 0.607812 0.349219 0.068750 0.098437
24 0.101562 0.412500 0.143750 0.078125
24 0.532031 0.331250 0.073438 0.056250
24 0.607812 0.349219 0.068750 0.098437