0 0.676562 0.435937 0.037500 0.093750
0 0.898438 0.358594 0.031250 0.132812
0 0.925000 0.368750 0.021875 0.171875
0 0.850781 0.347656 0.057813 0.173437
0 0.930469 0.201563 0.014063 0.068750
0 0.959375 0.293750 0.040625 0.359375
0 0.990625 0.265625 0.018750 0.531250
0 0.759375 0.242188 0.121875 0.484375
0 0.345313 0.329688 0.690625 0.659375
2 0.983594 0.536719 0.032813 0.054688
2 0.957812 0.467969 0.040625 0.026562
3 0.154688 0.605469 0.309375 0.310937
4 0.793750 0.342187 0.034375 0.225000
4 0.882812 0.322656 0.021875 0.207813
4 0.913281 0.296875 0.060937 0.381250
4 0.833594 0.230469 0.039062 0.285938
4 0.708594 0.250781 0.045312 0.501563
9 0.582812 0.519531 0.028125 0.048438
18 0.693750 0.335938 0.012500 0.087500
23 0.032813 0.453906 0.065625 0.042188
23 0.970313 0.439063 0.015625 0.046875
23 0.866406 0.410938 0.029687 0.037500
24 0.032813 0.453906 0.065625 0.042188
24 0.970313 0.439063 0.015625 0.046875
24 0.866406 0.410938 0.029687 0.037500