0 0.419531 0.687500 0.035937 0.053125
0 0.696094 0.686719 0.070312 0.067187
0 0.360156 0.630469 0.048438 0.139063
0 0.182812 0.484375 0.365625 0.850000
2 0.175781 0.892188 0.173437 0.112500
2 0.858594 0.743750 0.282813 0.034375
3 0.693750 0.713281 0.050000 0.045312
3 0.855469 0.688281 0.185938 0.076563
4 0.417187 0.564063 0.053125 0.265625
4 0.372656 0.531250 0.079687 0.418750
10 0.077344 0.873437 0.064062 0.246875
11 0.502344 0.723437 0.042188 0.043750
13 0.551562 0.669531 0.025000 0.045312
13 0.573438 0.664062 0.021875 0.043750
13 0.520312 0.614844 0.125000 0.098437
13 0.591406 0.568750 0.076563 0.034375
13 0.667969 0.563281 0.070312 0.076563
23 0.575000 0.740625 0.081250 0.056250
23 0.396094 0.817187 0.273438 0.253125
24 0.575000 0.740625 0.081250 0.056250
24 0.396094 0.817187 0.273438 0.253125