0 0.398438 0.421875 0.031250 0.050000
0 0.989062 0.413281 0.021875 0.092188
0 0.392188 0.315625 0.040625 0.109375
0 0.296875 0.335938 0.137500 0.253125
0 0.013281 0.331250 0.026562 0.325000
0 0.125781 0.326562 0.201563 0.328125
0 0.903125 0.273438 0.131250 0.546875
0 0.646094 0.282031 0.395313 0.564063
2 0.654687 0.733594 0.600000 0.532813
3 0.835156 0.753906 0.329688 0.492188
3 0.395313 0.528906 0.025000 0.154688
4 0.339062 0.358594 0.015625 0.160938
4 0.431250 0.360938 0.012500 0.246875
4 0.235937 0.345313 0.031250 0.275000
4 0.043750 0.246094 0.059375 0.492188
6 0.150000 0.441406 0.128125 0.176563
11 0.438281 0.418750 0.010937 0.096875
11 0.385937 0.384375 0.028125 0.028125
11 0.351562 0.408594 0.028125 0.079687
21 0.342187 0.454688 0.034375 0.040625
21 0.278125 0.468750 0.081250 0.137500
22 0.342187 0.454688 0.034375 0.040625
22 0.278125 0.468750 0.081250 0.137500