0 0.760938 0.630469 0.018750 0.076563
0 0.207813 0.585156 0.015625 0.035937
0 0.875000 0.571094 0.031250 0.026562
0 0.908594 0.565625 0.032813 0.028125
0 0.935937 0.557031 0.031250 0.029687
0 0.755469 0.605469 0.051562 0.132812
0 0.569531 0.578125 0.020313 0.125000
0 0.678125 0.560937 0.068750 0.128125
0 0.352344 0.534375 0.070312 0.121875
0 0.417187 0.534375 0.040625 0.159375
0 0.498437 0.506250 0.112500 0.143750
0 0.252344 0.500000 0.057813 0.134375
0 0.184375 0.506250 0.075000 0.181250
0 0.894531 0.461719 0.039062 0.098437
0 0.851562 0.439063 0.090625 0.184375
0 0.057031 0.444531 0.098437 0.310937
0 0.819531 0.303125 0.039062 0.068750
0 0.782813 0.261719 0.009375 0.160938
0 0.827344 0.164844 0.064062 0.092188
0 0.828906 0.079687 0.079687 0.068750
0 0.889844 0.059375 0.042188 0.118750
0 0.774219 0.039062 0.010937 0.078125
0 0.666406 0.167187 0.204687 0.334375
0 0.038281 0.017969 0.076563 0.035937
2 0.340625 0.685937 0.071875 0.050000
2 0.809375 0.733594 0.371875 0.157812
3 0.691406 0.626563 0.032813 0.050000
3 0.346875 0.615625 0.081250 0.100000
3 0.932031 0.630469 0.135937 0.157812
4 0.646094 0.640625 0.010937 0.068750
4 0.717969 0.642188 0.010937 0.134375
4 0.223438 0.592187 0.012500 0.046875
4 0.659375 0.580469 0.009375 0.092188
4 0.391406 0.578906 0.014063 0.120313
4 0.233594 0.517969 0.029687 0.085938
4 0.610938 0.493750 0.009375 0.125000
4 0.450000 0.500000 0.056250 0.146875
4 0.639844 0.455469 0.010937 0.170313
4 0.711719 0.442969 0.007812 0.154688
4 0.789062 0.367188 0.065625 0.734375
4 0.135156 0.304688 0.154688 0.609375
5 0.321094 0.636719 0.039062 0.067187
17 0.847656 0.697656 0.017188 0.051562
20 0.633594 0.641406 0.017188 0.051562
20 0.745313 0.644531 0.025000 0.073438
20 0.314063 0.648438 0.034375 0.084375
20 0.253906 0.628125 0.023438 0.043750
20 0.906250 0.658594 0.046875 0.126562
21 0.633594 0.641406 0.017188 0.051562
21 0.745313 0.644531 0.025000 0.073438
21 0.314063 0.648438 0.034375 0.084375
21 0.253906 0.628125 0.023438 0.043750
21 0.906250 0.658594 0.046875 0.126562
23 0.596875 0.644531 0.056250 0.070312
23 0.466406 0.696875 0.201563 0.221875
23 0.149219 0.754687 0.298438 0.393750
24 0.596875 0.644531 0.056250 0.070312
24 0.466406 0.696875 0.201563 0.221875
24 0.149219 0.754687 0.298438 0.393750