0 0.391406 0.366406 0.132812 0.076563
0 0.139063 0.307031 0.278125 0.517188
0 0.782813 0.412500 0.434375 0.825000
0 0.571875 0.247656 0.150000 0.495312
2 0.796875 0.757031 0.406250 0.398438
2 0.603906 0.525781 0.095312 0.029687
2 0.609375 0.495312 0.065625 0.025000
3 0.275781 0.535937 0.035937 0.043750
5 0.294531 0.486719 0.035937 0.039062
5 0.528125 0.443750 0.037500 0.065625
5 0.432031 0.444531 0.167187 0.132812
21 0.129688 0.586719 0.250000 0.157812
21 0.331250 0.518750 0.071875 0.065625
21 0.473438 0.490625 0.093750 0.068750
22 0.129688 0.586719 0.250000 0.157812
22 0.331250 0.518750 0.071875 0.065625
22 0.473438 0.490625 0.093750 0.068750