0 0.754687 0.421875 0.025000 0.065625
0 0.856250 0.410156 0.028125 0.057813
0 0.801562 0.403125 0.062500 0.078125
0 0.972656 0.350000 0.029687 0.071875
0 0.914062 0.360938 0.093750 0.121875
0 0.924219 0.150000 0.082812 0.300000
2 0.438281 0.955469 0.473438 0.089063
2 0.099219 0.676562 0.142187 0.050000
2 0.200781 0.664844 0.051562 0.042188
2 0.275000 0.656250 0.034375 0.040625
2 0.521094 0.581250 0.448437 0.178125
3 0.725000 0.556250 0.021875 0.078125
3 0.674219 0.527344 0.064062 0.064062
5 0.430469 0.560937 0.317188 0.168750
6 0.962500 0.425000 0.075000 0.096875
9 0.136719 0.903125 0.176563 0.193750
9 0.093750 0.759375 0.021875 0.031250
15 0.078125 0.964844 0.018750 0.070312
15 0.078906 0.791406 0.085938 0.085938
23 0.822656 0.442969 0.235937 0.070312
24 0.822656 0.442969 0.235937 0.070312