0 0.473438 0.610938 0.068750 0.034375
0 0.817969 0.528906 0.098437 0.060937
0 0.883594 0.475781 0.048438 0.085938
0 0.957812 0.375000 0.084375 0.200000
3 0.653906 0.592969 0.264062 0.082812
3 0.284375 0.554688 0.187500 0.240625
3 0.095312 0.390625 0.190625 0.425000
4 0.820312 0.400000 0.025000 0.071875
5 0.548438 0.607812 0.109375 0.046875
6 0.753906 0.550781 0.104688 0.039062
23 0.460938 0.653125 0.103125 0.062500
23 0.150781 0.739844 0.239063 0.242188
23 0.567187 0.639062 0.050000 0.046875
24 0.460938 0.653125 0.103125 0.062500
24 0.150781 0.739844 0.239063 0.242188
24 0.567187 0.639062 0.050000 0.046875