0 0.852344 0.204687 0.035937 0.128125
0 0.817187 0.205469 0.065625 0.173437
0 0.940625 0.158594 0.031250 0.114062
0 0.893750 0.146875 0.096875 0.184375
2 0.100000 0.602344 0.140625 0.054688
2 0.268750 0.550781 0.156250 0.051562
2 0.813281 0.437500 0.204687 0.071875
2 0.953906 0.450000 0.092188 0.106250
3 0.667188 0.403906 0.025000 0.026562
3 0.699219 0.394531 0.026562 0.032813
3 0.730469 0.384375 0.032813 0.034375
3 0.859375 0.318750 0.075000 0.125000
3 0.939844 0.287500 0.082812 0.153125
5 0.223438 0.528906 0.081250 0.051562
5 0.339844 0.507031 0.039062 0.026562
5 0.296875 0.510938 0.053125 0.050000
5 0.960156 0.376563 0.057813 0.046875
5 0.834375 0.358594 0.146875 0.110937