0 0.627344 0.265625 0.245312 0.484375
0 0.850000 0.210156 0.281250 0.420312
2 0.728125 0.757031 0.543750 0.470313
2 0.667188 0.498437 0.193750 0.021875
2 0.917969 0.484375 0.164062 0.021875
3 0.700000 0.477344 0.109375 0.042188
3 0.911719 0.442969 0.176563 0.076563
4 0.449219 0.438281 0.067187 0.195312
4 0.467969 0.410938 0.057813 0.268750
4 0.838281 0.285938 0.048438 0.175000
4 0.768750 0.392969 0.259375 0.785937
5 0.069531 0.660156 0.095312 0.057813
5 0.197656 0.580469 0.079687 0.098437
20 0.144531 0.599219 0.051562 0.092188
21 0.144531 0.599219 0.051562 0.092188
23 0.725781 0.450781 0.051562 0.029687
23 0.867188 0.420312 0.096875 0.034375
24 0.725781 0.450781 0.051562 0.029687
24 0.867188 0.420312 0.096875 0.034375