0 0.053125 0.625781 0.040625 0.082812
0 0.259375 0.610938 0.025000 0.106250
0 0.020313 0.611719 0.037500 0.117188
0 0.357031 0.553125 0.029687 0.053125
0 0.472656 0.532813 0.104688 0.075000
0 0.539062 0.512500 0.031250 0.043750
0 0.574219 0.549219 0.045312 0.154688
0 0.603125 0.530469 0.043750 0.160938
0 0.630469 0.518750 0.042188 0.143750
0 0.018750 0.454688 0.037500 0.065625
0 0.819531 0.485156 0.360938 0.239063
0 0.271094 0.406250 0.054688 0.125000
0 0.125000 0.372656 0.250000 0.617188
2 0.849219 0.614844 0.048438 0.017188
2 0.957812 0.610938 0.046875 0.018750
3 0.149219 0.722656 0.254688 0.123438
3 0.832031 0.575000 0.335938 0.109375
4 0.553906 0.537500 0.051562 0.193750
4 0.270313 0.511719 0.050000 0.207813
4 0.628125 0.451562 0.081250 0.356250
4 0.235156 0.325781 0.067187 0.135937
11 0.492188 0.592969 0.087500 0.060937
23 0.632031 0.609375 0.051562 0.056250
23 0.388281 0.682031 0.235937 0.232813
24 0.632031 0.609375 0.051562 0.056250
24 0.388281 0.682031 0.235937 0.232813