0 0.955469 0.434375 0.070312 0.168750
0 0.276562 0.287500 0.553125 0.562500
0 0.790625 0.236719 0.387500 0.473438
2 0.132812 0.677344 0.206250 0.098437
2 0.853906 0.706250 0.292187 0.478125
3 0.035156 0.585156 0.067187 0.070312
3 0.125000 0.575781 0.118750 0.073438
5 0.050781 0.660156 0.073438 0.095312
5 0.142187 0.637500 0.125000 0.087500
8 0.450781 0.460156 0.164062 0.189062
8 0.617969 0.421875 0.129688 0.175000
20 0.739844 0.487500 0.129688 0.246875
20 0.850000 0.394531 0.021875 0.157812
20 0.926562 0.451562 0.146875 0.437500
21 0.739844 0.487500 0.129688 0.246875
21 0.850000 0.394531 0.021875 0.157812
21 0.926562 0.451562 0.146875 0.437500
23 0.023438 0.534375 0.046875 0.037500
24 0.023438 0.534375 0.046875 0.037500