0 0.425000 0.552344 0.037500 0.029687
0 0.071094 0.508594 0.032813 0.048438
0 0.065625 0.471094 0.025000 0.042188
0 0.855469 0.457031 0.289062 0.420312
2 0.817187 0.690625 0.365625 0.093750
2 0.299219 0.642969 0.204687 0.117188
4 0.667188 0.610938 0.025000 0.084375
4 0.067187 0.615625 0.034375 0.131250
4 0.141406 0.617969 0.042188 0.185938
4 0.204687 0.598437 0.043750 0.178125
4 0.642969 0.452344 0.042188 0.217188
4 0.064844 0.343750 0.129688 0.384375
23 0.140625 0.784375 0.228125 0.212500
23 0.324219 0.658594 0.039062 0.039062
23 0.347656 0.684375 0.089063 0.103125
23 0.401562 0.621875 0.028125 0.028125
23 0.585938 0.634375 0.100000 0.131250
23 0.425781 0.600781 0.060937 0.070312
24 0.140625 0.784375 0.228125 0.212500
24 0.324219 0.658594 0.039062 0.039062
24 0.347656 0.684375 0.089063 0.103125
24 0.401562 0.621875 0.028125 0.028125
24 0.585938 0.634375 0.100000 0.131250
24 0.425781 0.600781 0.060937 0.070312