0 0.175781 0.507031 0.039062 0.054688
0 0.671094 0.457813 0.076563 0.068750
0 0.371094 0.480469 0.054688 0.120313
0 0.436719 0.467969 0.076563 0.098437
0 0.341406 0.481250 0.026562 0.134375
0 0.739062 0.417969 0.053125 0.067187
0 0.806250 0.395313 0.075000 0.065625
0 0.895312 0.372656 0.096875 0.095312
0 0.970313 0.325781 0.028125 0.092188
0 0.256250 0.410156 0.159375 0.410938
0 0.093750 0.313281 0.187500 0.470313
2 0.196094 0.698438 0.335938 0.237500
4 0.404687 0.476562 0.021875 0.084375
4 0.501563 0.437500 0.071875 0.200000
4 0.324219 0.408594 0.048438 0.242188
4 0.460938 0.414844 0.053125 0.264062
4 0.835938 0.323437 0.040625 0.228125
4 0.361719 0.249219 0.064062 0.214062
4 0.243750 0.351562 0.218750 0.665625
5 0.075781 0.667969 0.110937 0.076563
5 0.293750 0.592969 0.053125 0.029687
17 0.440625 0.603906 0.021875 0.060937
21 0.412500 0.575000 0.131250 0.131250
21 0.580469 0.563281 0.157812 0.170313
21 0.842969 0.561719 0.314063 0.339062
22 0.412500 0.575000 0.131250 0.131250
22 0.580469 0.563281 0.157812 0.170313
22 0.842969 0.561719 0.314063 0.339062