0 0.051562 0.482812 0.103125 0.028125
0 0.110937 0.566406 0.221875 0.220312
0 0.209375 0.281250 0.418750 0.525000
0 0.845313 0.149219 0.250000 0.298438
0 0.608594 0.152344 0.248438 0.304688
0 0.456250 0.153125 0.103125 0.306250
2 0.219531 0.729688 0.392188 0.540625
2 0.456250 0.477344 0.025000 0.039062
3 0.414844 0.359375 0.029687 0.106250
3 0.345313 0.363281 0.103125 0.114062
3 0.471875 0.357031 0.090625 0.107813
3 0.743750 0.372656 0.459375 0.170313
4 0.724219 0.152344 0.042188 0.304688
5 0.359375 0.428906 0.084375 0.029687
5 0.568750 0.413281 0.259375 0.042188
17 0.013281 0.544531 0.026562 0.064062
23 0.875781 0.373437 0.235937 0.143750
24 0.875781 0.373437 0.235937 0.143750