0 0.490625 0.721875 0.053125 0.059375
0 0.705469 0.670312 0.142187 0.096875
0 0.800781 0.669531 0.051562 0.098437
0 0.854688 0.639062 0.025000 0.056250
0 0.839063 0.646094 0.025000 0.082812
0 0.932813 0.591406 0.134375 0.092188
0 0.156250 0.588281 0.312500 0.464062
4 0.717969 0.491406 0.170313 0.501563
13 0.559375 0.688281 0.137500 0.082812
13 0.637500 0.654687 0.025000 0.037500
13 0.686719 0.645312 0.067187 0.028125
21 0.516406 0.742188 0.042188 0.043750
21 0.340625 0.771875 0.121875 0.118750
21 0.624219 0.723437 0.029687 0.031250
21 0.675781 0.715625 0.070312 0.062500
21 0.912500 0.713281 0.175000 0.214062
22 0.516406 0.742188 0.042188 0.043750
22 0.340625 0.771875 0.121875 0.118750
22 0.624219 0.723437 0.029687 0.031250
22 0.675781 0.715625 0.070312 0.062500
22 0.912500 0.713281 0.175000 0.214062