0 0.506250 0.650781 0.037500 0.051562
0 0.464062 0.649219 0.028125 0.048438
0 0.361719 0.642969 0.010937 0.060937
0 0.410938 0.639062 0.071875 0.068750
0 0.493750 0.633594 0.028125 0.070312
0 0.576562 0.645312 0.040625 0.106250
0 0.601562 0.618750 0.090625 0.134375
0 0.925000 0.576562 0.150000 0.084375
0 0.752344 0.611719 0.201563 0.154688
0 0.439844 0.556250 0.126562 0.093750
0 0.178125 0.605469 0.356250 0.448437
2 0.214062 0.864062 0.428125 0.240625
2 0.433594 0.716406 0.039062 0.020313
3 0.902344 0.686719 0.032813 0.035937
3 0.979688 0.685156 0.040625 0.039062
4 0.642188 0.577344 0.025000 0.217188
5 0.768750 0.700781 0.103125 0.048438
5 0.431250 0.690625 0.031250 0.034375
5 0.392969 0.682031 0.039062 0.017188
5 0.824219 0.685156 0.051562 0.029687
5 0.871094 0.682031 0.032813 0.026562
5 0.946875 0.698438 0.106250 0.065625
8 0.551562 0.683594 0.025000 0.023438
20 0.389062 0.715625 0.031250 0.046875
21 0.389062 0.715625 0.031250 0.046875
23 0.977344 0.723437 0.045312 0.037500
23 0.521094 0.703906 0.032813 0.020313
23 0.864844 0.714063 0.092188 0.046875
23 0.617969 0.751563 0.157812 0.131250
24 0.977344 0.723437 0.045312 0.037500
24 0.521094 0.703906 0.032813 0.020313
24 0.864844 0.714063 0.092188 0.046875
24 0.617969 0.751563 0.157812 0.131250