1 0.314063 0.431250 0.031250 0.040625
1 0.254688 0.257812 0.031250 0.018750
3 0.290625 0.647656 0.056250 0.045312
3 0.196875 0.632031 0.050000 0.035937
4 0.846094 0.632812 0.020313 0.175000
4 0.732031 0.587500 0.042188 0.153125
4 0.965625 0.590625 0.018750 0.303125
11 0.627344 0.670312 0.170313 0.050000
20 0.249219 0.690625 0.020313 0.071875
21 0.249219 0.690625 0.020313 0.071875
22 0.153125 0.690625 0.053125 0.065625
23 0.920312 0.722656 0.090625 0.054688
23 0.635938 0.714063 0.156250 0.068750
24 0.920312 0.722656 0.090625 0.054688
24 0.635938 0.714063 0.156250 0.068750