0 0.136719 0.618750 0.029687 0.081250
0 0.364063 0.587500 0.021875 0.040625
0 0.181250 0.588281 0.046875 0.051562
0 0.016406 0.577344 0.026562 0.045312
0 0.517969 0.564844 0.048438 0.076563
0 0.558594 0.559375 0.020313 0.068750
0 0.600000 0.555469 0.037500 0.110937
0 0.629687 0.506250 0.021875 0.112500
0 0.825781 0.531250 0.348438 0.371875
1 0.506250 0.112500 0.043750 0.028125
2 0.827344 0.824219 0.345313 0.239063
2 0.589063 0.664062 0.071875 0.034375
4 0.543750 0.522656 0.021875 0.307812
4 0.643750 0.483594 0.050000 0.504687
16 0.682813 0.707031 0.025000 0.048438
21 0.272656 0.658594 0.048438 0.051562
21 0.422656 0.657813 0.192188 0.109375
21 0.083594 0.786719 0.167187 0.385937
22 0.272656 0.658594 0.048438 0.051562
22 0.422656 0.657813 0.192188 0.109375
22 0.083594 0.786719 0.167187 0.385937