0 0.686719 0.720313 0.032813 0.043750
0 0.453906 0.728906 0.054688 0.092188
0 0.689844 0.639062 0.042188 0.084375
0 0.332031 0.568750 0.035937 0.028125
0 0.381250 0.561719 0.025000 0.042188
0 0.218750 0.661719 0.421875 0.342187
0 0.723437 0.456250 0.056250 0.081250
2 0.825781 0.850781 0.051562 0.035937
2 0.097656 0.841406 0.092188 0.029687
2 0.286719 0.816406 0.182812 0.039062
2 0.904687 0.797656 0.031250 0.067187
2 0.952344 0.846094 0.095312 0.167187
2 0.441406 0.779687 0.104688 0.050000
2 0.816406 0.777344 0.123438 0.095312
2 0.683594 0.767969 0.132812 0.092188
3 0.529687 0.705469 0.053125 0.045312
4 0.434375 0.770312 0.018750 0.056250
4 0.482031 0.634375 0.054688 0.246875
4 0.394531 0.490625 0.098437 0.337500
4 0.687500 0.443750 0.171875 0.768750
4 0.929688 0.171875 0.093750 0.343750
5 0.889844 0.723437 0.039062 0.087500
5 0.807031 0.703125 0.129688 0.115625
5 0.953125 0.546094 0.093750 0.423438
21 0.510938 0.741406 0.021875 0.035937
22 0.510938 0.741406 0.021875 0.035937