0 0.553125 0.369531 0.031250 0.073438
0 0.487500 0.354687 0.075000 0.106250
0 0.426563 0.306250 0.050000 0.203125
0 0.979688 0.199219 0.040625 0.398438
0 0.760156 0.229687 0.376563 0.459375
0 0.200781 0.221094 0.401562 0.442188
2 0.893750 0.971875 0.087500 0.056250
2 0.802344 0.707031 0.395313 0.360938
2 0.978906 0.457031 0.042188 0.017188
2 0.146875 0.451562 0.293750 0.053125
2 0.726562 0.450000 0.425000 0.065625
21 0.544531 0.427344 0.067187 0.073438
21 0.474219 0.407031 0.048438 0.032813
21 0.350781 0.421875 0.192188 0.068750
22 0.544531 0.427344 0.067187 0.073438
22 0.474219 0.407031 0.048438 0.032813
22 0.350781 0.421875 0.192188 0.068750