0 0.460938 0.587500 0.059375 0.056250
0 0.514062 0.581250 0.053125 0.071875
0 0.177344 0.583594 0.107813 0.248438
0 0.071875 0.590625 0.143750 0.271875
0 0.294531 0.570312 0.160938 0.256250
0 0.934375 0.478906 0.112500 0.107813
0 0.704688 0.468750 0.343750 0.265625
2 0.134375 0.752344 0.200000 0.104688
2 0.332031 0.678125 0.042188 0.028125
2 0.948438 0.607812 0.103125 0.031250
3 0.846094 0.560156 0.307812 0.092188
6 0.439063 0.617188 0.031250 0.040625
7 0.551562 0.605469 0.021875 0.032813
12 0.116406 0.834375 0.139063 0.100000
21 0.485156 0.619531 0.064062 0.042188
21 0.531250 0.610156 0.025000 0.026562
21 0.639062 0.601562 0.168750 0.078125
21 0.820312 0.603125 0.165625 0.109375
22 0.485156 0.619531 0.064062 0.042188
22 0.531250 0.610156 0.025000 0.026562
22 0.639062 0.601562 0.168750 0.078125
22 0.820312 0.603125 0.165625 0.109375