0 0.664062 0.485938 0.037500 0.059375
0 0.428906 0.477344 0.048438 0.051562
0 0.239844 0.460156 0.029687 0.067187
0 0.132812 0.453906 0.021875 0.076563
0 0.107031 0.446094 0.026562 0.092188
0 0.082812 0.441406 0.021875 0.101562
0 0.015625 0.429688 0.031250 0.125000
0 0.053906 0.425000 0.042188 0.134375
0 0.202344 0.407031 0.110937 0.173437
2 0.825000 0.537500 0.150000 0.028125
2 0.246875 0.617188 0.493750 0.221875
3 0.413281 0.485156 0.017188 0.032813
3 0.367969 0.484375 0.039062 0.031250
3 0.313281 0.482812 0.023438 0.028125
5 0.142969 0.558594 0.285938 0.095312
5 0.308594 0.521875 0.023438 0.031250
5 0.393750 0.516406 0.115625 0.029687
5 0.827344 0.513281 0.126562 0.051562
5 0.908594 0.511719 0.032813 0.054688
8 0.726562 0.475000 0.078125 0.106250
21 0.722656 0.512500 0.057813 0.053125
21 0.540625 0.503906 0.034375 0.039062
21 0.949219 0.539844 0.101562 0.114062
21 0.585156 0.492188 0.014063 0.037500
22 0.722656 0.512500 0.057813 0.053125
22 0.540625 0.503906 0.034375 0.039062
22 0.949219 0.539844 0.101562 0.114062
22 0.585156 0.492188 0.014063 0.037500