0 0.360156 0.539844 0.023438 0.032813
0 0.438281 0.525000 0.048438 0.031250
0 0.495312 0.517188 0.028125 0.043750
0 0.584375 0.507031 0.028125 0.042188
0 0.612500 0.500000 0.018750 0.034375
0 0.640625 0.499219 0.037500 0.035937
0 0.707031 0.489063 0.029687 0.025000
0 0.903125 0.417969 0.193750 0.148438
2 0.292187 0.700000 0.087500 0.037500
2 0.671094 0.589844 0.657813 0.085938
3 0.328125 0.583594 0.437500 0.076563
3 0.553125 0.564844 0.018750 0.045312
3 0.596875 0.560156 0.068750 0.051562
3 0.772656 0.535156 0.282813 0.082812
12 0.165625 0.735938 0.228125 0.062500
12 0.470313 0.664844 0.246875 0.048438
21 0.338281 0.558594 0.057813 0.017188
21 0.459375 0.543750 0.103125 0.031250
21 0.609375 0.526563 0.028125 0.021875
21 0.576562 0.528906 0.037500 0.026562
21 0.655469 0.518750 0.057813 0.031250
21 0.764062 0.503125 0.156250 0.043750
21 0.921875 0.480469 0.156250 0.048438
22 0.338281 0.558594 0.057813 0.017188
22 0.459375 0.543750 0.103125 0.031250
22 0.609375 0.526563 0.028125 0.021875
22 0.576562 0.528906 0.037500 0.026562
22 0.655469 0.518750 0.057813 0.031250
22 0.764062 0.503125 0.156250 0.043750
22 0.921875 0.480469 0.156250 0.048438