0 0.424219 0.451562 0.014063 0.150000
0 0.382031 0.413281 0.026562 0.217188
0 0.550781 0.303125 0.057813 0.209375
0 0.990625 0.192188 0.018750 0.384375
0 0.825781 0.235937 0.320312 0.471875
0 0.192969 0.302344 0.385937 0.604688
2 0.198437 0.585156 0.396875 0.089063
2 0.423438 0.549219 0.103125 0.079687
4 0.404687 0.502344 0.018750 0.135937
4 0.403125 0.371875 0.015625 0.078125
4 0.475000 0.420312 0.062500 0.234375
4 0.352344 0.401562 0.010937 0.315625
4 0.985938 0.191406 0.018750 0.382812
4 0.413281 0.142187 0.092188 0.284375
7 0.254688 0.522656 0.031250 0.067187
21 0.635938 0.514844 0.328125 0.182812
21 0.899219 0.485938 0.201563 0.212500
22 0.635938 0.514844 0.328125 0.182812
22 0.899219 0.485938 0.201563 0.212500