0 0.405469 0.657031 0.045312 0.051562
0 0.352344 0.657813 0.042188 0.053125
0 0.471094 0.656250 0.079687 0.065625
0 0.836719 0.654687 0.060937 0.075000
0 0.040625 0.664844 0.081250 0.157812
0 0.714844 0.624219 0.282813 0.142187
2 0.040625 0.789844 0.081250 0.076563
2 0.915625 0.728125 0.043750 0.028125
2 0.654687 0.716406 0.431250 0.042188
2 0.153125 0.694531 0.050000 0.045312
4 0.504687 0.498437 0.040625 0.412500
4 0.013281 0.111719 0.026562 0.176563
4 0.865625 0.450781 0.078125 0.901563
18 0.100000 0.684375 0.062500 0.050000
21 0.396875 0.676562 0.028125 0.021875
21 0.213281 0.689844 0.054688 0.057813
21 0.945312 0.709375 0.109375 0.184375
22 0.396875 0.676562 0.028125 0.021875
22 0.213281 0.689844 0.054688 0.057813
22 0.945312 0.709375 0.109375 0.184375