0 0.988281 0.668750 0.023438 0.053125
0 0.542188 0.382812 0.106250 0.212500
0 0.903125 0.285938 0.193750 0.571875
0 0.159375 0.357812 0.318750 0.715625
3 0.748437 0.550000 0.128125 0.131250
5 0.730469 0.613281 0.010937 0.057813
5 0.706250 0.601562 0.031250 0.075000
5 0.366406 0.547656 0.120313 0.070312
9 0.652344 0.590625 0.104688 0.096875
10 0.597656 0.549219 0.032813 0.048438
23 0.530469 0.532813 0.057813 0.056250
23 0.892969 0.592969 0.210938 0.207813
24 0.530469 0.532813 0.057813 0.056250
24 0.892969 0.592969 0.210938 0.207813