0 0.023438 0.627344 0.046875 0.039062
0 0.848437 0.578906 0.018750 0.035937
0 0.875000 0.585938 0.028125 0.065625
0 0.692187 0.596094 0.040625 0.085938
0 0.728906 0.584375 0.039062 0.087500
0 0.914062 0.571094 0.040625 0.064062
0 0.645312 0.586719 0.043750 0.114062
0 0.792969 0.550781 0.070312 0.098437
0 0.492188 0.533594 0.081250 0.239063
0 0.104688 0.522656 0.178125 0.270313
0 0.528906 0.446094 0.145313 0.407813
0 0.794531 0.331250 0.107813 0.181250
0 0.665625 0.342969 0.137500 0.204687
2 0.053125 0.771094 0.106250 0.035937
2 0.702344 0.712500 0.098437 0.018750
2 0.163281 0.660156 0.060937 0.014063
2 0.468750 0.652344 0.131250 0.020313
2 0.642188 0.648438 0.053125 0.015625
12 0.449219 0.801562 0.779687 0.150000
12 0.585938 0.671094 0.165625 0.017188
21 0.035937 0.674219 0.071875 0.089063
21 0.725000 0.635156 0.040625 0.026562
21 0.413281 0.629687 0.035937 0.031250
21 0.885938 0.618750 0.103125 0.053125
21 0.817187 0.618750 0.025000 0.053125
21 0.974219 0.613281 0.051562 0.048438
21 0.285938 0.670312 0.190625 0.206250
22 0.035937 0.674219 0.071875 0.089063
22 0.725000 0.635156 0.040625 0.026562
22 0.413281 0.629687 0.035937 0.031250
22 0.885938 0.618750 0.103125 0.053125
22 0.817187 0.618750 0.025000 0.053125
22 0.974219 0.613281 0.051562 0.048438
22 0.285938 0.670312 0.190625 0.206250