0 0.251563 0.825000 0.040625 0.043750
0 0.207813 0.824219 0.028125 0.082812
0 0.284375 0.796875 0.028125 0.068750
0 0.720313 0.630469 0.025000 0.079687
0 0.274219 0.499219 0.548438 0.845313
0 0.832031 0.316406 0.335938 0.632812
2 0.228906 0.892969 0.323437 0.210938
2 0.756250 0.725000 0.028125 0.025000
6 0.847656 0.591406 0.304688 0.448437
7 0.359375 0.785156 0.034375 0.067187
8 0.600000 0.610156 0.121875 0.082812
17 0.185156 0.850781 0.032813 0.070312
17 0.301563 0.807031 0.018750 0.048438
21 0.444531 0.759375 0.123438 0.150000
21 0.650000 0.781250 0.265625 0.309375
22 0.444531 0.759375 0.123438 0.150000
22 0.650000 0.781250 0.265625 0.309375