0 0.667188 0.553125 0.028125 0.046875
0 0.366406 0.546094 0.042188 0.035937
0 0.325781 0.543750 0.032813 0.040625
0 0.514844 0.495312 0.067187 0.106250
0 0.709375 0.483594 0.050000 0.201563
0 0.617188 0.479687 0.137500 0.193750
0 0.808594 0.448437 0.242188 0.309375
0 0.975781 0.422656 0.048438 0.314063
0 0.240625 0.292187 0.481250 0.584375
2 0.881250 0.685156 0.237500 0.085938
2 0.711719 0.635938 0.070312 0.046875
2 0.712500 0.591406 0.056250 0.023438
2 0.085938 0.589844 0.171875 0.057813
4 0.942187 0.390625 0.025000 0.490625
5 0.985938 0.599219 0.028125 0.042188
7 0.990625 0.610156 0.018750 0.060937
7 0.823438 0.591406 0.168750 0.185938
18 0.257031 0.439844 0.026562 0.029687
23 0.582812 0.560937 0.059375 0.028125
23 0.237500 0.553906 0.028125 0.026562
23 0.195312 0.551562 0.050000 0.028125
23 0.512500 0.551562 0.034375 0.037500
24 0.582812 0.560937 0.059375 0.028125
24 0.237500 0.553906 0.028125 0.026562
24 0.195312 0.551562 0.050000 0.028125
24 0.512500 0.551562 0.034375 0.037500