0 0.485156 0.653125 0.017188 0.037500
0 0.110937 0.633594 0.028125 0.064062
0 0.200000 0.646875 0.084375 0.109375
0 0.142187 0.637500 0.034375 0.115625
0 0.063281 0.602344 0.126562 0.054688
0 0.207031 0.513281 0.079687 0.026562
2 0.207813 0.789062 0.415625 0.146875
2 0.886719 0.718750 0.226562 0.028125
2 0.446875 0.696094 0.090625 0.023438
4 0.373437 0.561719 0.021875 0.089063
4 0.360938 0.374219 0.153125 0.717187
11 0.764062 0.671094 0.065625 0.048438
11 0.860156 0.660937 0.148438 0.112500
11 0.967187 0.657031 0.065625 0.129688
18 0.431250 0.653906 0.031250 0.048438
21 0.053125 0.683594 0.028125 0.029687
21 0.239063 0.679688 0.018750 0.037500
21 0.563281 0.694531 0.098437 0.070312
21 0.135937 0.679688 0.025000 0.040625
21 0.373437 0.677344 0.040625 0.039062
21 0.107031 0.678906 0.026562 0.042188
22 0.053125 0.683594 0.028125 0.029687
22 0.239063 0.679688 0.018750 0.037500
22 0.563281 0.694531 0.098437 0.070312
22 0.135937 0.679688 0.025000 0.040625
22 0.373437 0.677344 0.040625 0.039062
22 0.107031 0.678906 0.026562 0.042188