0 0.257031 0.322656 0.073438 0.042188
0 0.176563 0.326562 0.087500 0.062500
0 0.339844 0.282813 0.089063 0.093750
0 0.090625 0.276562 0.065625 0.181250
0 0.206250 0.228906 0.200000 0.098437
0 0.035937 0.262500 0.071875 0.240625
0 0.752344 0.156250 0.392188 0.312500
2 0.510156 0.673438 0.979688 0.653125
2 0.922656 0.308594 0.107813 0.032813
2 0.774219 0.302344 0.217188 0.035937
3 0.053125 0.521094 0.106250 0.279687
3 0.125000 0.470313 0.059375 0.196875
3 0.210938 0.438281 0.131250 0.160938
3 0.332031 0.405469 0.107813 0.176563
6 0.546875 0.300781 0.056250 0.076563
7 0.452344 0.342187 0.035937 0.103125
11 0.032813 0.382812 0.065625 0.021875
11 0.233594 0.410938 0.179688 0.165625
11 0.394531 0.345313 0.042188 0.062500
23 0.619531 0.299219 0.098437 0.073438
24 0.619531 0.299219 0.098437 0.073438