0 0.189062 0.610938 0.090625 0.134375
0 0.071875 0.598437 0.106250 0.193750
1 0.055469 0.203906 0.045312 0.020313
2 0.061719 0.796875 0.123438 0.037500
2 0.277344 0.746094 0.114062 0.039062
2 0.785937 0.714844 0.428125 0.095312
3 0.975000 0.680469 0.050000 0.017188
3 0.917969 0.678906 0.054688 0.017188
3 0.867969 0.677344 0.042188 0.014063
5 0.068750 0.777344 0.109375 0.042188
5 0.157812 0.759375 0.031250 0.028125
5 0.278125 0.724219 0.125000 0.060937
12 0.610938 0.985938 0.778125 0.028125
12 0.598437 0.747656 0.246875 0.007812
23 0.378906 0.718750 0.089063 0.065625
23 0.439844 0.705469 0.026562 0.054688
23 0.473438 0.682031 0.037500 0.035937
24 0.378906 0.718750 0.089063 0.065625
24 0.439844 0.705469 0.026562 0.054688
24 0.473438 0.682031 0.037500 0.035937