0 0.803125 0.591406 0.037500 0.039062
0 0.425781 0.584375 0.020313 0.046875
0 0.457031 0.583594 0.039062 0.048438
0 0.702344 0.574219 0.032813 0.035937
0 0.733594 0.572656 0.026562 0.042188
0 0.401562 0.580469 0.031250 0.057813
0 0.967969 0.565625 0.064062 0.081250
0 0.769531 0.457031 0.092188 0.220312
0 0.839063 0.382031 0.040625 0.129688
0 0.922656 0.352344 0.145313 0.245312
0 0.335156 0.396094 0.195312 0.564063
0 0.125000 0.377344 0.250000 0.657813
1 0.754687 0.439063 0.043750 0.034375
1 0.816406 0.025781 0.032813 0.026562
2 0.514062 0.729688 0.971875 0.181250
3 0.463281 0.619531 0.042188 0.032813
3 0.538281 0.615625 0.026562 0.031250
3 0.646094 0.609375 0.076563 0.031250
3 0.582812 0.610156 0.046875 0.032813
3 0.751563 0.603125 0.053125 0.040625
5 0.495312 0.661719 0.040625 0.023438
5 0.571875 0.651563 0.053125 0.021875
5 0.649219 0.646875 0.054688 0.018750
5 0.438281 0.657031 0.070312 0.048438
5 0.528125 0.646875 0.031250 0.034375
5 0.609375 0.640625 0.021875 0.034375
5 0.754687 0.636719 0.050000 0.035937
5 0.692969 0.637500 0.032813 0.037500
8 0.649219 0.571875 0.064062 0.053125
9 0.393750 0.658594 0.068750 0.085938
20 0.308594 0.639844 0.054688 0.220312
21 0.308594 0.639844 0.054688 0.220312
23 0.587500 0.589063 0.034375 0.025000
23 0.939844 0.593750 0.076563 0.056250
24 0.587500 0.589063 0.034375 0.025000
24 0.939844 0.593750 0.076563 0.056250