0 0.417969 0.121875 0.035937 0.025000
0 0.105469 0.127344 0.210938 0.104688
0 0.130469 0.066406 0.064062 0.029687
0 0.208594 0.060937 0.085938 0.050000
0 0.399219 0.053125 0.057813 0.090625
0 0.672656 0.078906 0.514062 0.157812
3 0.302344 0.221875 0.035937 0.134375
3 0.314844 0.164062 0.023438 0.031250
3 0.620313 0.107031 0.034375 0.032813
3 0.671094 0.162500 0.051562 0.156250
3 0.887500 0.129688 0.100000 0.140625
8 0.054688 0.352344 0.109375 0.289062
10 0.611719 0.220312 0.020313 0.043750
21 0.025000 0.525000 0.050000 0.190625
21 0.983594 0.471875 0.032813 0.112500
21 0.204687 0.401562 0.243750 0.365625
21 0.504687 0.172656 0.215625 0.089063
21 0.927344 0.150781 0.051562 0.104688
22 0.025000 0.525000 0.050000 0.190625
22 0.983594 0.471875 0.032813 0.112500
22 0.204687 0.401562 0.243750 0.365625
22 0.504687 0.172656 0.215625 0.089063
22 0.927344 0.150781 0.051562 0.104688