0 0.343750 0.476562 0.034375 0.037500
0 0.239844 0.484375 0.114062 0.053125
0 0.921094 0.441406 0.020313 0.032813
0 0.714844 0.459375 0.067187 0.090625
0 0.772656 0.445312 0.026562 0.065625
0 0.535937 0.418750 0.056250 0.090625
0 0.472656 0.425000 0.067187 0.137500
0 0.836719 0.408594 0.067187 0.129688
0 0.271875 0.311719 0.240625 0.232813
2 0.682813 0.833594 0.531250 0.332813
2 0.892188 0.791406 0.215625 0.264062
2 0.257812 0.821875 0.478125 0.356250
2 0.369531 0.547656 0.114062 0.014063
2 0.617188 0.539062 0.050000 0.018750
3 0.218750 0.610156 0.428125 0.120313
3 0.198437 0.546875 0.215625 0.021875
3 0.365625 0.530469 0.112500 0.017188
3 0.553125 0.527344 0.059375 0.104688
3 0.507031 0.565625 0.117188 0.187500
3 0.872656 0.551562 0.254688 0.196875
23 0.568750 0.502344 0.028125 0.032813
23 0.603906 0.495312 0.039062 0.028125
24 0.568750 0.502344 0.028125 0.032813
24 0.603906 0.495312 0.039062 0.028125