0 0.110937 0.590625 0.050000 0.084375
0 0.042188 0.564844 0.084375 0.095312
0 0.192188 0.564844 0.137500 0.167187
0 0.030469 0.446094 0.039062 0.035937
0 0.281250 0.429688 0.396875 0.418750
0 0.718750 0.374219 0.231250 0.360938
0 0.850000 0.245312 0.234375 0.490625
2 0.304688 0.687500 0.115625 0.040625
2 0.739062 0.576562 0.259375 0.075000
2 0.923438 0.517188 0.109375 0.050000
5 0.289844 0.667969 0.114062 0.051562
5 0.739844 0.546094 0.223438 0.079687
5 0.915625 0.498437 0.121875 0.068750
6 0.547656 0.581250 0.020313 0.043750
7 0.355469 0.652344 0.026562 0.042188
7 0.654687 0.541406 0.025000 0.029687
12 0.385156 0.673438 0.104688 0.034375
12 0.589063 0.628906 0.096875 0.029687
12 0.847656 0.600000 0.304688 0.096875
23 0.136719 0.739844 0.251563 0.267188
23 0.575781 0.593750 0.042188 0.043750
23 0.484375 0.633594 0.121875 0.151562
23 0.985938 0.464844 0.028125 0.085938
24 0.136719 0.739844 0.251563 0.267188
24 0.575781 0.593750 0.042188 0.043750
24 0.484375 0.633594 0.121875 0.151562
24 0.985938 0.464844 0.028125 0.085938