0 0.827344 0.514844 0.026562 0.051562
0 0.929688 0.486719 0.112500 0.107813
0 0.191406 0.480469 0.042188 0.123438
0 0.256250 0.475000 0.087500 0.115625
0 0.175000 0.449219 0.018750 0.064062
0 0.071875 0.448437 0.143750 0.075000
2 0.207031 0.663281 0.414062 0.207813
3 0.021094 0.510938 0.042188 0.043750
4 0.107813 0.406250 0.043750 0.018750
4 0.028125 0.383594 0.056250 0.098437
5 0.033594 0.492969 0.067187 0.023438
7 0.198437 0.593750 0.034375 0.056250
7 0.315625 0.568750 0.012500 0.043750
23 0.887500 0.545312 0.056250 0.028125
23 0.378906 0.542188 0.017188 0.031250
23 0.331250 0.545312 0.046875 0.050000
23 0.247656 0.558594 0.089063 0.079687
23 0.084375 0.572656 0.168750 0.135937
23 0.551562 0.562500 0.281250 0.146875
24 0.887500 0.545312 0.056250 0.028125
24 0.378906 0.542188 0.017188 0.031250
24 0.331250 0.545312 0.046875 0.050000
24 0.247656 0.558594 0.089063 0.079687
24 0.084375 0.572656 0.168750 0.135937
24 0.551562 0.562500 0.281250 0.146875