0 0.600000 0.261719 0.015625 0.085938
0 0.791406 0.256250 0.417187 0.512500
0 0.292187 0.178906 0.584375 0.357812
2 0.015625 0.443750 0.031250 0.028125
2 0.736719 0.454688 0.026562 0.137500
2 0.780469 0.692187 0.439063 0.615625
2 0.043750 0.360156 0.087500 0.026562
2 0.137500 0.346094 0.065625 0.039062
2 0.196875 0.332813 0.037500 0.040625
2 0.232031 0.326562 0.029687 0.037500
2 0.608594 0.314844 0.029687 0.023438
2 0.748437 0.308594 0.034375 0.029687
2 0.708594 0.308594 0.017188 0.032813
2 0.296875 0.307812 0.093750 0.059375
2 0.538281 0.300781 0.092188 0.048438
3 0.578125 0.385937 0.015625 0.071875
3 0.609375 0.368750 0.028125 0.056250
3 0.696875 0.360156 0.043750 0.057813
8 0.439063 0.256250 0.031250 0.059375
12 0.079687 0.499219 0.159375 0.064062
12 0.406250 0.475000 0.325000 0.062500
12 0.030469 0.407031 0.060937 0.029687
15 0.781250 0.302344 0.015625 0.060937
20 0.939063 0.559375 0.121875 0.284375
20 0.210938 0.427344 0.056250 0.145313
20 0.772656 0.353125 0.026562 0.093750
20 0.112500 0.332813 0.028125 0.053125
20 0.653906 0.351562 0.048438 0.150000
20 0.706250 0.444531 0.084375 0.342187
20 0.683594 0.300000 0.014063 0.053125
21 0.939063 0.559375 0.121875 0.284375
21 0.210938 0.427344 0.056250 0.145313
21 0.772656 0.353125 0.026562 0.093750
21 0.112500 0.332813 0.028125 0.053125
21 0.653906 0.351562 0.048438 0.150000
21 0.706250 0.444531 0.084375 0.342187
21 0.683594 0.300000 0.014063 0.053125
23 0.098437 0.430469 0.153125 0.139063
23 0.798438 0.302344 0.021875 0.048438
23 0.360938 0.296875 0.037500 0.043750
23 0.476562 0.274219 0.034375 0.051562
23 0.416406 0.277344 0.051562 0.057813
24 0.098437 0.430469 0.153125 0.139063
24 0.798438 0.302344 0.021875 0.048438
24 0.360938 0.296875 0.037500 0.043750
24 0.476562 0.274219 0.034375 0.051562
24 0.416406 0.277344 0.051562 0.057813