0 0.435937 0.631250 0.062500 0.034375
2 0.648438 0.835156 0.440625 0.329688
2 0.178125 0.797656 0.356250 0.260937
4 0.771094 0.593750 0.007812 0.125000
15 0.367188 0.633594 0.031250 0.045312
21 0.628906 0.685156 0.070312 0.057813
21 0.570312 0.673438 0.028125 0.034375
21 0.532813 0.671094 0.037500 0.035937
21 0.877344 0.715625 0.245312 0.153125
21 0.476562 0.654687 0.040625 0.037500
22 0.628906 0.685156 0.070312 0.057813
22 0.570312 0.673438 0.028125 0.034375
22 0.532813 0.671094 0.037500 0.035937
22 0.877344 0.715625 0.245312 0.153125
22 0.476562 0.654687 0.040625 0.037500