0 0.599219 0.384375 0.051562 0.165625
0 0.539844 0.395313 0.064062 0.206250
0 0.815625 0.307812 0.368750 0.615625
0 0.250781 0.500000 0.501563 1.000000
3 0.444531 0.579688 0.014063 0.153125
3 0.466406 0.546875 0.026562 0.112500
4 0.570312 0.408594 0.012500 0.198437
4 0.507031 0.382812 0.010937 0.384375
4 0.593750 0.294531 0.090625 0.504687
5 0.443750 0.587500 0.043750 0.206250
5 0.552344 0.493750 0.039062 0.021875
5 0.221094 0.514844 0.054688 0.073438
5 0.343750 0.499219 0.134375 0.054688
5 0.685156 0.521094 0.098437 0.114062
5 0.603125 0.487500 0.043750 0.046875
5 0.762500 0.497656 0.068750 0.151562
20 0.518750 0.539062 0.031250 0.131250
21 0.518750 0.539062 0.031250 0.131250
23 0.364063 0.693750 0.056250 0.093750
23 0.217188 0.655469 0.056250 0.267188
24 0.364063 0.693750 0.056250 0.093750
24 0.217188 0.655469 0.056250 0.267188