0 0.239063 0.708594 0.031250 0.026562
0 0.271094 0.677344 0.026562 0.089063
0 0.555469 0.628125 0.048438 0.053125
0 0.521875 0.628125 0.018750 0.053125
0 0.392969 0.653125 0.176563 0.103125
0 0.501563 0.628906 0.021875 0.060937
0 0.288281 0.568750 0.064062 0.040625
0 0.089063 0.658594 0.168750 0.226562
0 0.876563 0.569531 0.246875 0.079687
21 0.657813 0.626563 0.081250 0.040625
21 0.735156 0.614844 0.039062 0.020313
21 0.783594 0.607031 0.051562 0.035937
21 0.919531 0.598437 0.104688 0.078125
22 0.657813 0.626563 0.081250 0.040625
22 0.735156 0.614844 0.039062 0.020313
22 0.783594 0.607031 0.051562 0.035937
22 0.919531 0.598437 0.104688 0.078125