0 0.120313 0.721094 0.050000 0.020313
0 0.057031 0.724219 0.054688 0.029687
0 0.635156 0.663281 0.029687 0.035937
0 0.576562 0.598437 0.043750 0.053125
0 0.839844 0.586719 0.048438 0.057813
0 0.769531 0.594531 0.079687 0.076563
0 0.053125 0.537500 0.106250 0.112500
2 0.276562 0.800000 0.453125 0.209375
2 0.932031 0.671094 0.135937 0.023438
3 0.762500 0.646094 0.025000 0.029687
3 0.839844 0.636719 0.057813 0.085938
3 0.891406 0.610938 0.029687 0.043750
3 0.925000 0.611719 0.046875 0.057813
3 0.975781 0.607812 0.048438 0.106250
3 0.991406 0.575000 0.017188 0.056250
4 0.708594 0.588281 0.079687 0.182812
5 0.794531 0.641406 0.067187 0.079687
5 0.940625 0.622656 0.075000 0.089063
11 0.317969 0.696875 0.070312 0.037500
20 0.686719 0.670312 0.079687 0.043750
21 0.537500 0.696094 0.071875 0.039062
21 0.867188 0.639062 0.034375 0.050000
22 0.537500 0.696094 0.071875 0.039062
22 0.867188 0.639062 0.034375 0.050000