0 0.605469 0.607812 0.220312 0.256250
0 0.966406 0.449219 0.067187 0.101562
0 0.729688 0.428125 0.018750 0.068750
0 0.794531 0.422656 0.057813 0.164062
0 0.893750 0.375781 0.162500 0.295312
0 0.257812 0.420312 0.515625 0.659375
0 0.532031 0.203906 0.264062 0.407813
2 0.532813 0.810156 0.146875 0.139063
2 0.858594 0.704688 0.167187 0.150000
2 0.727344 0.609375 0.070312 0.037500
4 0.719531 0.344531 0.032813 0.079687
4 0.463281 0.436719 0.201563 0.848437
7 0.778125 0.597656 0.050000 0.085938
21 0.265625 0.854688 0.471875 0.290625
21 0.763281 0.802344 0.382812 0.367188
21 0.700000 0.564063 0.037500 0.053125
21 0.776563 0.552344 0.131250 0.107813
21 0.925000 0.505469 0.150000 0.101562
22 0.265625 0.854688 0.471875 0.290625
22 0.763281 0.802344 0.382812 0.367188
22 0.700000 0.564063 0.037500 0.053125
22 0.776563 0.552344 0.131250 0.107813
22 0.925000 0.505469 0.150000 0.101562