0 0.325781 0.446094 0.035937 0.029687
0 0.281250 0.446094 0.050000 0.029687
0 0.389062 0.438281 0.081250 0.067187
0 0.231250 0.405469 0.021875 0.107813
0 0.835156 0.289062 0.329688 0.387500
0 0.117969 0.282031 0.235937 0.564063
2 0.106250 0.565625 0.212500 0.081250
2 0.335938 0.754687 0.581250 0.490625
2 0.976562 0.509375 0.046875 0.015625
2 0.921094 0.482031 0.070312 0.007812
2 0.492188 0.477344 0.081250 0.023438
3 0.809375 0.496094 0.090625 0.067187
3 0.332813 0.476562 0.050000 0.031250
3 0.277344 0.478125 0.057813 0.034375
3 0.714844 0.484375 0.048438 0.078125
3 0.545312 0.451562 0.050000 0.031250
3 0.465625 0.446094 0.025000 0.029687
3 0.500000 0.453906 0.034375 0.048438
21 0.621875 0.518750 0.165625 0.175000
22 0.621875 0.518750 0.165625 0.175000