0 0.155469 0.560156 0.120313 0.139063
0 0.058594 0.567187 0.117188 0.246875
0 0.681250 0.314063 0.637500 0.628125
2 0.239844 0.661719 0.095312 0.076563
2 0.682813 0.771875 0.634375 0.356250
4 0.027344 0.423438 0.039062 0.075000
11 0.335156 0.560937 0.076563 0.062500
22 0.163281 0.627344 0.032813 0.045312
22 0.211719 0.605469 0.042188 0.026562
23 0.117188 0.727344 0.181250 0.210938
23 0.355469 0.599219 0.026562 0.039062
23 0.303125 0.613281 0.050000 0.070312
24 0.117188 0.727344 0.181250 0.210938
24 0.355469 0.599219 0.026562 0.039062
24 0.303125 0.613281 0.050000 0.070312