0 0.555469 0.660156 0.045312 0.057813
0 0.898438 0.625000 0.031250 0.028125
0 0.949219 0.594531 0.060937 0.045312
0 0.985938 0.573438 0.028125 0.068750
0 0.819531 0.298438 0.357812 0.540625
1 0.055469 0.203125 0.042188 0.025000
21 0.453906 0.757812 0.110937 0.075000
21 0.695312 0.716406 0.090625 0.076563
21 0.748437 0.675781 0.034375 0.026562
21 0.789844 0.670312 0.039062 0.025000
21 0.910937 0.641406 0.178125 0.070312
22 0.453906 0.757812 0.110937 0.075000
22 0.695312 0.716406 0.090625 0.076563
22 0.748437 0.675781 0.034375 0.026562
22 0.789844 0.670312 0.039062 0.025000
22 0.910937 0.641406 0.178125 0.070312