0 0.724219 0.476562 0.023438 0.028125
0 0.610938 0.319531 0.028125 0.101562
0 0.264844 0.317969 0.529687 0.623437
0 0.775000 0.261719 0.353125 0.523438
2 0.330469 0.604688 0.548438 0.106250
2 0.807813 0.513281 0.100000 0.017188
3 0.516406 0.554688 0.032813 0.034375
4 0.038281 0.495312 0.048438 0.321875
18 0.091406 0.566406 0.035937 0.060937
21 0.143750 0.601562 0.037500 0.053125
21 0.641406 0.523438 0.082812 0.043750
21 0.729688 0.510938 0.059375 0.050000
22 0.143750 0.601562 0.037500 0.053125
22 0.641406 0.523438 0.082812 0.043750
22 0.729688 0.510938 0.059375 0.050000