0 0.083594 0.550000 0.023438 0.078125
0 0.436719 0.504687 0.026562 0.068750
0 0.117188 0.525781 0.040625 0.114062
0 0.534375 0.483594 0.078125 0.042188
0 0.957812 0.421094 0.034375 0.039062
0 0.750781 0.445312 0.029687 0.093750
0 0.282031 0.438281 0.264062 0.270313
2 0.328125 0.616406 0.556250 0.173437
3 0.969531 0.448437 0.057813 0.043750
4 0.606250 0.427344 0.025000 0.126562
4 0.626563 0.367188 0.031250 0.121875
4 0.875781 0.339062 0.076563 0.262500
5 0.275781 0.610156 0.114062 0.064062
5 0.371875 0.593750 0.081250 0.059375
6 0.692187 0.482031 0.143750 0.192188
6 0.820312 0.464062 0.084375 0.162500
12 0.172656 0.732031 0.270313 0.089063
12 0.722656 0.581250 0.532813 0.156250
23 0.042969 0.707031 0.039062 0.067187
23 0.050781 0.625000 0.039062 0.065625
23 0.084375 0.609375 0.031250 0.037500
23 0.121875 0.607812 0.025000 0.037500
23 0.196875 0.595313 0.040625 0.046875
23 0.301563 0.570312 0.046875 0.021875
23 0.375000 0.555469 0.093750 0.029687
23 0.782813 0.495312 0.025000 0.043750
23 0.904687 0.488281 0.112500 0.064062
24 0.042969 0.707031 0.039062 0.067187
24 0.050781 0.625000 0.039062 0.065625
24 0.084375 0.609375 0.031250 0.037500
24 0.121875 0.607812 0.025000 0.037500
24 0.196875 0.595313 0.040625 0.046875
24 0.301563 0.570312 0.046875 0.021875
24 0.375000 0.555469 0.093750 0.029687
24 0.782813 0.495312 0.025000 0.043750
24 0.904687 0.488281 0.112500 0.064062