0 0.143750 0.735938 0.078125 0.034375
0 0.217188 0.726562 0.034375 0.040625
0 0.064844 0.727344 0.060937 0.060937
0 0.390625 0.622656 0.187500 0.114062
2 0.533594 0.694531 0.135937 0.039062
3 0.048438 0.770312 0.021875 0.028125
10 0.160938 0.767188 0.059375 0.053125
21 0.078125 0.905469 0.062500 0.189062
21 0.077344 0.770312 0.042188 0.062500
21 0.146094 0.753125 0.079687 0.056250
21 0.210938 0.746875 0.018750 0.053125
21 0.257812 0.728906 0.031250 0.035937
21 0.383594 0.709375 0.126562 0.071875
21 0.642188 0.680469 0.087500 0.092188
22 0.078125 0.905469 0.062500 0.189062
22 0.077344 0.770312 0.042188 0.062500
22 0.146094 0.753125 0.079687 0.056250
22 0.210938 0.746875 0.018750 0.053125
22 0.257812 0.728906 0.031250 0.035937
22 0.383594 0.709375 0.126562 0.071875
22 0.642188 0.680469 0.087500 0.092188