0 0.225781 0.792188 0.073438 0.037500
0 0.092969 0.753125 0.185938 0.081250
0 0.627344 0.735156 0.120313 0.135937
0 0.306250 0.708594 0.221875 0.139063
0 0.845313 0.639062 0.309375 0.418750
2 0.092969 0.827344 0.185938 0.032813
2 0.771094 0.896094 0.457813 0.198437
2 0.522656 0.783594 0.070312 0.017188
3 0.021094 0.807813 0.042188 0.040625
3 0.066406 0.796875 0.048438 0.034375
3 0.133594 0.786719 0.026562 0.026562
12 0.198437 0.849219 0.396875 0.048438
12 0.595313 0.795312 0.040625 0.015625
13 0.103906 0.692187 0.207813 0.093750
13 0.341406 0.673438 0.304688 0.125000
23 0.442188 0.808594 0.093750 0.107813
24 0.442188 0.808594 0.093750 0.107813