0 0.405469 0.635938 0.054688 0.046875
2 0.286719 0.791406 0.457813 0.170313
2 0.885938 0.624219 0.228125 0.023438
4 0.039844 0.688281 0.026562 0.164062
4 0.607812 0.530469 0.059375 0.214062
4 0.819531 0.514844 0.070312 0.192188
4 0.654687 0.518750 0.065625 0.237500
4 0.425781 0.500781 0.092188 0.389062
4 0.178906 0.500781 0.082812 0.420312
4 0.121094 0.471094 0.104688 0.504687
4 0.065625 0.121875 0.034375 0.106250
4 0.898438 0.301563 0.203125 0.603125
5 0.107031 0.711719 0.029687 0.026562
5 0.064062 0.704688 0.050000 0.062500
5 0.187500 0.687500 0.025000 0.037500
5 0.251563 0.671875 0.037500 0.040625
5 0.346875 0.635938 0.078125 0.068750
21 0.578125 0.732812 0.137500 0.159375
22 0.578125 0.732812 0.137500 0.159375