0 0.225781 0.707031 0.042188 0.026562
0 0.732031 0.585156 0.107813 0.079687
0 0.339844 0.614844 0.673438 0.264062
1 0.714063 0.062500 0.062500 0.053125
2 0.574219 0.679688 0.117188 0.037500
3 0.305469 0.722656 0.039062 0.026562
5 0.117188 0.756250 0.162500 0.071875
5 0.341406 0.698438 0.173437 0.053125
5 0.540625 0.663281 0.071875 0.032813
8 0.645312 0.624219 0.034375 0.029687
21 0.198437 0.750000 0.025000 0.053125
21 0.284375 0.735156 0.068750 0.051562
21 0.232031 0.741406 0.048438 0.064062
21 0.473438 0.701562 0.103125 0.128125
21 0.742969 0.632812 0.073438 0.037500
22 0.198437 0.750000 0.025000 0.053125
22 0.284375 0.735156 0.068750 0.051562
22 0.232031 0.741406 0.048438 0.064062
22 0.473438 0.701562 0.103125 0.128125
22 0.742969 0.632812 0.073438 0.037500