0 0.256250 0.688281 0.065625 0.039062
0 0.398438 0.620313 0.053125 0.034375
0 0.642188 0.607031 0.050000 0.035937
0 0.388281 0.550781 0.051562 0.029687
0 0.159375 0.632031 0.312500 0.254688
0 0.791406 0.469531 0.307812 0.267188
0 0.943750 0.440625 0.112500 0.234375
2 0.212500 0.743750 0.321875 0.196875
2 0.730469 0.660156 0.110937 0.042188
2 0.645312 0.625781 0.046875 0.029687
2 0.405469 0.629687 0.060937 0.040625
2 0.596094 0.617969 0.054688 0.057813
3 0.067969 0.782031 0.057813 0.051562
3 0.139844 0.769531 0.020313 0.060937
3 0.188281 0.737500 0.082812 0.071875
3 0.299219 0.681250 0.145313 0.121875
3 0.708594 0.584375 0.054688 0.043750
3 0.873437 0.595313 0.165625 0.068750
3 0.976562 0.567969 0.046875 0.045312
4 0.353125 0.550781 0.046875 0.204687
5 0.086719 0.789844 0.079687 0.095312
5 0.160156 0.764062 0.076563 0.096875
5 0.744531 0.621094 0.104688 0.054688
12 0.841406 0.707031 0.304688 0.117188
12 0.989062 0.684375 0.021875 0.075000
23 0.385156 0.666406 0.070312 0.079687
23 0.510156 0.667969 0.067187 0.101562
23 0.558594 0.619531 0.076563 0.064062
24 0.385156 0.666406 0.070312 0.079687
24 0.510156 0.667969 0.067187 0.101562
24 0.558594 0.619531 0.076563 0.064062