0 0.221875 0.535937 0.056250 0.062500
0 0.297656 0.525781 0.073438 0.064062
0 0.317188 0.417969 0.084375 0.054688
0 0.060937 0.428906 0.118750 0.123438
0 0.971875 0.365625 0.025000 0.043750
0 0.928125 0.107813 0.050000 0.215625
0 0.732031 0.260156 0.476562 0.520312
2 0.060937 0.631250 0.090625 0.021875
2 0.239844 0.581250 0.076563 0.037500
2 0.617969 0.528125 0.273438 0.068750
2 0.908594 0.485938 0.182812 0.059375
4 0.242969 0.496875 0.026562 0.143750
4 0.178906 0.471875 0.045312 0.225000
10 0.516406 0.537500 0.032813 0.037500
10 0.837500 0.459375 0.031250 0.050000
18 0.603906 0.501563 0.039062 0.053125
20 0.754687 0.480469 0.028125 0.114062
20 0.802344 0.475000 0.042188 0.106250
20 0.985156 0.425781 0.029687 0.114062
21 0.754687 0.480469 0.028125 0.114062
21 0.802344 0.475000 0.042188 0.106250
21 0.985156 0.425781 0.029687 0.114062
23 0.156250 0.601562 0.093750 0.075000
23 0.415625 0.546875 0.059375 0.059375
23 0.776563 0.446094 0.021875 0.029687
23 0.811719 0.461719 0.039062 0.070312
24 0.156250 0.601562 0.093750 0.075000
24 0.415625 0.546875 0.059375 0.059375
24 0.776563 0.446094 0.021875 0.029687
24 0.811719 0.461719 0.039062 0.070312