3 0.836719 0.437500 0.045312 0.018750
3 0.912500 0.418750 0.034375 0.043750
3 0.984375 0.383594 0.031250 0.032813
4 0.299219 0.424219 0.007812 0.176563
4 0.779687 0.275000 0.009375 0.250000
6 0.492969 0.547656 0.079687 0.157812
11 0.177344 0.561719 0.092188 0.045312
11 0.062500 0.550000 0.125000 0.046875
11 0.387500 0.511719 0.775000 0.157812
23 0.119531 0.633594 0.145313 0.101562
23 0.296875 0.635938 0.137500 0.131250
24 0.119531 0.633594 0.145313 0.101562
24 0.296875 0.635938 0.137500 0.131250