0 0.364844 0.628125 0.157812 0.056250
0 0.889844 0.610938 0.032813 0.034375
0 0.851562 0.603906 0.028125 0.057813
0 0.789844 0.585156 0.104688 0.104688
0 0.500000 0.500000 1.000000 1.000000
3 0.612500 0.690625 0.021875 0.025000
8 0.477344 0.665625 0.039062 0.046875
11 0.771094 0.629687 0.042188 0.034375
11 0.622656 0.638281 0.229687 0.054688
17 0.701562 0.803906 0.037500 0.092188
17 0.362500 0.760156 0.028125 0.067187
17 0.395313 0.742969 0.025000 0.057813
21 0.909375 0.817187 0.043750 0.115625
21 0.913281 0.730469 0.032813 0.114062
21 0.830469 0.756250 0.089063 0.175000
21 0.409375 0.683594 0.068750 0.039062
21 0.777344 0.689063 0.039062 0.078125
21 0.693750 0.723437 0.146875 0.146875
21 0.539844 0.698438 0.095312 0.115625
21 0.226562 0.707812 0.218750 0.203125
22 0.909375 0.817187 0.043750 0.115625
22 0.913281 0.730469 0.032813 0.114062
22 0.830469 0.756250 0.089063 0.175000
22 0.409375 0.683594 0.068750 0.039062
22 0.777344 0.689063 0.039062 0.078125
22 0.693750 0.723437 0.146875 0.146875
22 0.539844 0.698438 0.095312 0.115625
22 0.226562 0.707812 0.218750 0.203125