0 0.342187 0.582812 0.062500 0.059375
0 0.267188 0.546094 0.050000 0.026562
0 0.146875 0.570312 0.046875 0.150000
0 0.014063 0.539844 0.028125 0.164062
0 0.177344 0.519531 0.129688 0.242188
0 0.075000 0.524219 0.125000 0.270313
0 0.965625 0.363281 0.050000 0.092188
2 0.142187 0.815625 0.206250 0.190625
2 0.289844 0.624219 0.235937 0.098437
2 0.971875 0.521875 0.056250 0.025000
5 0.039844 0.697656 0.048438 0.135937
5 0.182031 0.619531 0.076563 0.104688
5 0.881250 0.492969 0.168750 0.064062
12 0.460938 0.689844 0.400000 0.107813
12 0.898438 0.595313 0.196875 0.050000
23 0.057031 0.654687 0.035937 0.065625
23 0.492188 0.596094 0.225000 0.145313
23 0.742969 0.557813 0.264062 0.212500
24 0.057031 0.654687 0.035937 0.065625
24 0.492188 0.596094 0.225000 0.145313
24 0.742969 0.557813 0.264062 0.212500