0 0.226562 0.425781 0.453125 0.339062
0 0.692969 0.449219 0.614062 0.898438
2 0.887500 0.829688 0.225000 0.243750
2 0.608594 0.738281 0.301563 0.523438
4 0.446875 0.300781 0.115625 0.364063
8 0.447656 0.450781 0.051562 0.067187
10 0.399219 0.478906 0.026562 0.035937
20 0.249219 0.514062 0.076563 0.115625
21 0.119531 0.671875 0.235937 0.312500
21 0.307812 0.504687 0.053125 0.046875
21 0.414844 0.466406 0.029687 0.032813
22 0.119531 0.671875 0.235937 0.312500
22 0.307812 0.504687 0.053125 0.046875
22 0.414844 0.466406 0.029687 0.032813