0 0.550000 0.613281 0.059375 0.048438
0 0.710156 0.539844 0.189062 0.142187
0 0.012500 0.524219 0.025000 0.185938
0 0.289844 0.538281 0.345313 0.251563
0 0.896875 0.494531 0.206250 0.210938
0 0.072656 0.510156 0.098437 0.251563
0 0.988281 0.419531 0.023438 0.101562
2 0.125000 0.813281 0.190625 0.210938
2 0.914062 0.598437 0.171875 0.046875
3 0.203906 0.654687 0.170313 0.040625
3 0.082031 0.649219 0.070312 0.032813
4 0.460938 0.557813 0.028125 0.196875
4 0.603125 0.487500 0.037500 0.146875
5 0.246875 0.679688 0.093750 0.021875
5 0.160938 0.676562 0.078125 0.021875
5 0.091406 0.672656 0.051562 0.020313
6 0.444531 0.635938 0.039062 0.053125
9 0.824219 0.597656 0.029687 0.045312
23 0.524219 0.635938 0.020313 0.028125
23 0.040625 0.660937 0.059375 0.106250
23 0.852344 0.579688 0.076563 0.056250
23 0.698438 0.614844 0.203125 0.170313
24 0.524219 0.635938 0.020313 0.028125
24 0.040625 0.660937 0.059375 0.106250
24 0.852344 0.579688 0.076563 0.056250
24 0.698438 0.614844 0.203125 0.170313