0 0.189844 0.696875 0.029687 0.031250
0 0.922656 0.605469 0.026562 0.048438
0 0.342969 0.572656 0.098437 0.235937
0 0.600781 0.589844 0.364063 0.304688
0 0.225000 0.560937 0.184375 0.287500
2 0.899219 0.795312 0.201563 0.278125
3 0.155469 0.756250 0.054688 0.081250
3 0.350781 0.828125 0.345313 0.343750
3 0.752344 0.663281 0.045312 0.023438
4 0.060156 0.631250 0.029687 0.184375
5 0.328125 0.925000 0.237500 0.150000
5 0.091406 0.721875 0.026562 0.046875
5 0.671875 0.692969 0.043750 0.023438
5 0.742969 0.667188 0.089063 0.037500
23 0.134375 0.860938 0.200000 0.275000
23 0.525781 0.785937 0.073438 0.137500
23 0.670312 0.679688 0.078125 0.037500
23 0.935937 0.638281 0.043750 0.023438
24 0.134375 0.860938 0.200000 0.275000
24 0.525781 0.785937 0.073438 0.137500
24 0.670312 0.679688 0.078125 0.037500
24 0.935937 0.638281 0.043750 0.023438