0 0.107813 0.755469 0.153125 0.145313
0 0.247656 0.710938 0.132812 0.071875
0 0.363281 0.674219 0.079687 0.039062
0 0.202344 0.341406 0.404687 0.629687
3 0.095312 0.675000 0.162500 0.096875
3 0.317969 0.648438 0.282813 0.078125
3 0.934375 0.621094 0.046875 0.070312
3 0.720313 0.603125 0.037500 0.050000
3 0.810937 0.600000 0.025000 0.059375
3 0.892969 0.600000 0.039062 0.065625
5 0.433594 0.676562 0.070312 0.046875
21 0.775781 0.564063 0.042188 0.043750
21 0.889844 0.526563 0.048438 0.025000
21 0.975781 0.510156 0.048438 0.032813
22 0.775781 0.564063 0.042188 0.043750
22 0.889844 0.526563 0.048438 0.025000
22 0.975781 0.510156 0.048438 0.032813