0 0.060156 0.810937 0.039062 0.075000
0 0.873437 0.593750 0.156250 0.134375
0 0.711719 0.600781 0.182812 0.151562
0 0.952344 0.576562 0.048438 0.112500
0 0.978125 0.560937 0.043750 0.100000
0 0.181250 0.572656 0.362500 0.539062
2 0.067187 0.856250 0.028125 0.025000
2 0.253125 0.811719 0.334375 0.104688
2 0.850781 0.696875 0.260937 0.056250
4 0.806250 0.655469 0.034375 0.114062
4 0.774219 0.515625 0.048438 0.115625
5 0.271875 0.794531 0.084375 0.026562
7 0.358594 0.771875 0.020313 0.050000
23 0.573438 0.750781 0.318750 0.179688
23 0.717969 0.671094 0.042188 0.029687
23 0.853125 0.667188 0.084375 0.056250
23 0.977344 0.650000 0.045312 0.075000
24 0.573438 0.750781 0.318750 0.179688
24 0.717969 0.671094 0.042188 0.029687
24 0.853125 0.667188 0.084375 0.056250
24 0.977344 0.650000 0.045312 0.075000