0 0.354687 0.614844 0.056250 0.060937
0 0.593750 0.582812 0.028125 0.040625
0 0.482031 0.597656 0.126562 0.098437
0 0.869531 0.500781 0.154688 0.248438
2 0.957812 0.750000 0.084375 0.071875
2 0.106250 0.792969 0.212500 0.210938
2 0.589844 0.703906 0.101562 0.042188
3 0.674219 0.638281 0.064062 0.039062
3 0.765625 0.605469 0.065625 0.060937
5 0.918750 0.695312 0.162500 0.046875
5 0.646875 0.669531 0.028125 0.029687
5 0.780469 0.627344 0.117188 0.023438
7 0.140625 0.664844 0.021875 0.032813
21 0.510156 0.671094 0.045312 0.048438
21 0.400000 0.697656 0.121875 0.123438
21 0.785156 0.719531 0.289062 0.204687
22 0.510156 0.671094 0.045312 0.048438
22 0.400000 0.697656 0.121875 0.123438
22 0.785156 0.719531 0.289062 0.204687