2 0.181250 0.802344 0.303125 0.082812
2 0.829688 0.795312 0.340625 0.109375
3 0.334375 0.726562 0.078125 0.062500
3 0.144531 0.713281 0.289062 0.098437
4 0.380469 0.604688 0.032813 0.246875
23 0.015625 0.833594 0.031250 0.104688
23 0.361719 0.761719 0.064062 0.067187
23 0.409375 0.742969 0.028125 0.035937
23 0.497656 0.793750 0.117188 0.171875
23 0.613281 0.736719 0.095312 0.095312
24 0.015625 0.833594 0.031250 0.104688
24 0.361719 0.761719 0.064062 0.067187
24 0.409375 0.742969 0.028125 0.035937
24 0.497656 0.793750 0.117188 0.171875
24 0.613281 0.736719 0.095312 0.095312