0 0.484375 0.698438 0.043750 0.028125
0 0.718750 0.689063 0.037500 0.037500
0 0.679688 0.685156 0.028125 0.035937
0 0.401562 0.638281 0.040625 0.092188
0 0.342187 0.620313 0.071875 0.087500
0 0.817969 0.596094 0.104688 0.089063
0 0.160938 0.546875 0.056250 0.071875
0 0.228906 0.582812 0.123438 0.206250
0 0.951562 0.555469 0.096875 0.157812
2 0.248438 0.860938 0.496875 0.278125
2 0.847656 0.723437 0.114062 0.015625
4 0.614844 0.625000 0.042188 0.146875
4 0.459375 0.623437 0.006250 0.159375
4 0.677344 0.535937 0.048438 0.146875
4 0.868750 0.444531 0.121875 0.557813
21 0.551562 0.685937 0.075000 0.087500
21 0.335156 0.670312 0.082812 0.059375
21 0.269531 0.661719 0.039062 0.042188
22 0.551562 0.685937 0.075000 0.087500
22 0.335156 0.670312 0.082812 0.059375
22 0.269531 0.661719 0.039062 0.042188