0 0.187500 0.686719 0.040625 0.110937
0 0.321094 0.544531 0.029687 0.026562
0 0.282813 0.537500 0.100000 0.103125
0 0.413281 0.541406 0.104688 0.123438
0 0.874219 0.471094 0.029687 0.120313
0 0.660156 0.507031 0.410938 0.192188
0 0.016406 0.405469 0.032813 0.026562
0 0.939844 0.419531 0.120313 0.226562
2 0.354687 0.821094 0.325000 0.357812
2 0.845313 0.657813 0.309375 0.065625
2 0.211719 0.619531 0.048438 0.039062
2 0.424219 0.607031 0.179688 0.029687
3 0.118750 0.851562 0.162500 0.296875
3 0.172656 0.614844 0.039062 0.060937
3 0.894531 0.603125 0.026562 0.093750
3 0.495312 0.568750 0.031250 0.025000
3 0.769531 0.573438 0.226562 0.153125
3 0.948438 0.570312 0.103125 0.165625
4 0.214062 0.528125 0.078125 0.328125
5 0.496875 0.592969 0.034375 0.032813
5 0.336719 0.578125 0.042188 0.034375
8 0.603125 0.603125 0.190625 0.125000
13 0.650781 0.442969 0.070312 0.026562
13 0.110156 0.471094 0.220312 0.110937
13 0.392969 0.473438 0.348438 0.125000
20 0.268750 0.689063 0.037500 0.068750
21 0.268750 0.689063 0.037500 0.068750
23 0.084375 0.703125 0.031250 0.062500
23 0.541406 0.644531 0.076563 0.060937
24 0.084375 0.703125 0.031250 0.062500
24 0.541406 0.644531 0.076563 0.060937