0 0.303125 0.523438 0.075000 0.065625
0 0.228125 0.516406 0.028125 0.076563
0 0.921875 0.422656 0.156250 0.498437
0 0.801562 0.108594 0.256250 0.217188
0 0.243750 0.337500 0.487500 0.675000
1 0.649219 0.200000 0.023438 0.040625
2 0.869531 0.774219 0.260937 0.335938
2 0.175781 0.800781 0.351562 0.398438
2 0.590625 0.619531 0.181250 0.154688
3 0.681250 0.504687 0.050000 0.046875
3 0.613281 0.502344 0.067187 0.073438
3 0.801562 0.486719 0.165625 0.148438
5 0.820312 0.593750 0.128125 0.087500
5 0.615625 0.552344 0.059375 0.035937
21 0.561719 0.551562 0.057813 0.062500
22 0.561719 0.551562 0.057813 0.062500