0 0.898438 0.524219 0.031250 0.107813
0 0.850000 0.425000 0.062500 0.040625
0 0.930469 0.431250 0.042188 0.071875
0 0.892188 0.411719 0.034375 0.048438
0 0.888281 0.353906 0.073438 0.092188
0 0.456250 0.443750 0.912500 0.734375
2 0.261719 0.788281 0.260937 0.060937
2 0.554688 0.732031 0.275000 0.054688
6 0.938281 0.599219 0.023438 0.051562
6 0.925000 0.602344 0.034375 0.114062
6 0.950781 0.519531 0.035937 0.057813
6 0.919531 0.517188 0.045312 0.096875
9 0.626563 0.692187 0.037500 0.059375
18 0.452344 0.678906 0.042188 0.067187
21 0.096094 0.826562 0.132812 0.346875
22 0.096094 0.826562 0.132812 0.346875