0 0.985938 0.784375 0.028125 0.021875
0 0.813281 0.717969 0.042188 0.042188
0 0.879687 0.716406 0.021875 0.048438
0 0.778906 0.711719 0.023438 0.048438
0 0.336719 0.703906 0.032813 0.035937
0 0.859375 0.712500 0.018750 0.065625
0 0.742969 0.704688 0.045312 0.059375
0 0.150000 0.695312 0.037500 0.053125
0 0.118750 0.689063 0.031250 0.050000
0 0.749219 0.592187 0.051562 0.059375
0 0.819531 0.583594 0.076563 0.070312
0 0.928906 0.393750 0.142187 0.787500
2 0.986719 0.816406 0.026562 0.048438
2 0.046875 0.775781 0.093750 0.010937
2 0.895312 0.800781 0.137500 0.064062
3 0.546875 0.736719 0.109375 0.014063
3 0.370312 0.733594 0.125000 0.017188
3 0.175781 0.734375 0.151562 0.025000
3 0.049219 0.735156 0.098437 0.026562
21 0.808594 0.754687 0.232813 0.059375
21 0.659375 0.751563 0.053125 0.053125
21 0.271094 0.756250 0.089063 0.078125
22 0.808594 0.754687 0.232813 0.059375
22 0.659375 0.751563 0.053125 0.053125
22 0.271094 0.756250 0.089063 0.078125