0 0.698438 0.633594 0.037500 0.089063
0 0.623437 0.588281 0.112500 0.182812
0 0.517969 0.519531 0.107813 0.307812
0 0.424219 0.472656 0.048438 0.298438
0 0.191406 0.450781 0.382812 0.489063
2 0.403906 0.712500 0.039062 0.028125
20 0.023438 0.753125 0.046875 0.096875
20 0.884375 0.787500 0.112500 0.281250
20 0.483594 0.682031 0.020313 0.070312
20 0.511719 0.681250 0.017188 0.084375
21 0.023438 0.753125 0.046875 0.096875
21 0.884375 0.787500 0.112500 0.281250
21 0.483594 0.682031 0.020313 0.070312
21 0.511719 0.681250 0.017188 0.084375
23 0.746094 0.682813 0.026562 0.034375
24 0.746094 0.682813 0.026562 0.034375