0 0.385156 0.467187 0.070312 0.078125
0 0.308594 0.443750 0.073438 0.081250
0 0.107031 0.426563 0.201563 0.115625
0 0.594531 0.404687 0.057813 0.162500
2 0.663281 0.622656 0.251563 0.117188
2 0.496875 0.514062 0.065625 0.043750
3 0.193750 0.503906 0.375000 0.039062
3 0.755469 0.516406 0.289062 0.092188
4 0.405469 0.430469 0.023438 0.135937
4 0.385937 0.392188 0.025000 0.143750
4 0.498437 0.400781 0.040625 0.220312
4 0.357031 0.375781 0.029687 0.220312
4 0.550000 0.365625 0.031250 0.337500
4 0.282813 0.292187 0.050000 0.384375
4 0.785937 0.168750 0.065625 0.337500
5 0.318750 0.517188 0.125000 0.034375
5 0.801562 0.542969 0.396875 0.270313