0 0.303125 0.758594 0.040625 0.023438
0 0.037500 0.756250 0.075000 0.046875
0 0.714063 0.739844 0.046875 0.060937
0 0.147656 0.740625 0.085938 0.068750
0 0.942187 0.717969 0.031250 0.039062
0 0.542969 0.717187 0.045312 0.043750
0 0.654687 0.710156 0.050000 0.045312
0 0.746094 0.700000 0.026562 0.028125
0 0.979688 0.707812 0.040625 0.050000
0 0.039062 0.680469 0.078125 0.089063
3 0.423438 0.764844 0.137500 0.060937
3 0.654687 0.744531 0.078125 0.035937
3 0.556250 0.753125 0.115625 0.056250
4 0.848437 0.626563 0.053125 0.237500
4 0.491406 0.630469 0.026562 0.310937
23 0.029687 0.817969 0.059375 0.085938
23 0.425000 0.792188 0.100000 0.059375
23 0.200000 0.810156 0.234375 0.107813
23 0.621875 0.793750 0.162500 0.096875
23 0.800781 0.742969 0.123438 0.110937
24 0.029687 0.817969 0.059375 0.085938
24 0.425000 0.792188 0.100000 0.059375
24 0.200000 0.810156 0.234375 0.107813
24 0.621875 0.793750 0.162500 0.096875
24 0.800781 0.742969 0.123438 0.110937