0 0.647656 0.328125 0.035937 0.043750
0 0.229687 0.214844 0.459375 0.376563
1 0.913281 0.165625 0.017188 0.040625
2 0.348438 0.482812 0.150000 0.153125
2 0.608594 0.414844 0.092188 0.073438
5 0.579688 0.363281 0.018750 0.035937
9 0.028125 0.392969 0.056250 0.023438
9 0.469531 0.426563 0.023438 0.093750
15 0.464062 0.382812 0.043750 0.134375
20 0.409375 0.375781 0.025000 0.042188
20 0.526563 0.355469 0.031250 0.060937
20 0.667188 0.426563 0.062500 0.225000
20 0.597656 0.347656 0.039062 0.104688
21 0.409375 0.375781 0.025000 0.042188
21 0.526563 0.355469 0.031250 0.060937
21 0.667188 0.426563 0.062500 0.225000
21 0.597656 0.347656 0.039062 0.104688
23 0.439063 0.372656 0.028125 0.042188
23 0.849219 0.413281 0.301563 0.254688
24 0.439063 0.372656 0.028125 0.042188
24 0.849219 0.413281 0.301563 0.254688