0 0.386719 0.541406 0.026562 0.039062
0 0.435156 0.535937 0.076563 0.112500
0 0.601562 0.453906 0.087500 0.223438
0 0.179688 0.443750 0.359375 0.509375
0 0.793750 0.277344 0.378125 0.554688
1 0.428125 0.122656 0.037500 0.026562
2 0.048438 0.703125 0.040625 0.028125
2 0.132812 0.685937 0.115625 0.034375
2 0.284375 0.637500 0.175000 0.050000
2 0.784375 0.600781 0.431250 0.185938
4 0.512500 0.501563 0.040625 0.153125
4 0.508594 0.446094 0.054688 0.201563
4 0.512500 0.342969 0.106250 0.342187
9 0.920312 0.472656 0.050000 0.079687
20 0.960156 0.435937 0.079687 0.153125
21 0.171875 0.646094 0.050000 0.039062
21 0.389062 0.593750 0.112500 0.084375
21 0.615625 0.546875 0.037500 0.034375
22 0.171875 0.646094 0.050000 0.039062
22 0.389062 0.593750 0.112500 0.084375
22 0.615625 0.546875 0.037500 0.034375