0 0.071094 0.725781 0.042188 0.035937
0 0.121875 0.709375 0.050000 0.031250
0 0.226562 0.723437 0.134375 0.062500
0 0.391406 0.685156 0.023438 0.032813
0 0.375781 0.617969 0.020313 0.045312
0 0.651563 0.609375 0.059375 0.043750
0 0.267188 0.653125 0.225000 0.140625
0 0.518750 0.589844 0.168750 0.079687
0 0.862500 0.546875 0.075000 0.150000
0 0.914062 0.382812 0.165625 0.356250
3 0.117969 0.931250 0.107813 0.118750
3 0.267188 0.861719 0.062500 0.117188
3 0.430469 0.752344 0.048438 0.064062
4 0.446094 0.635938 0.029687 0.146875
4 0.370312 0.632812 0.028125 0.143750
5 0.354687 0.750000 0.121875 0.050000
5 0.461719 0.727344 0.020313 0.029687
5 0.741406 0.667969 0.079687 0.035937
5 0.810156 0.649219 0.095312 0.045312
11 0.409375 0.371875 0.818750 0.743750
21 0.100781 0.797656 0.101562 0.082812
21 0.228906 0.753125 0.139063 0.078125
21 0.340625 0.727344 0.056250 0.039062
21 0.390625 0.715625 0.043750 0.034375
21 0.534375 0.711719 0.103125 0.110937
21 0.642969 0.675781 0.139063 0.095312
21 0.953125 0.698438 0.093750 0.318750
22 0.100781 0.797656 0.101562 0.082812
22 0.228906 0.753125 0.139063 0.078125
22 0.340625 0.727344 0.056250 0.039062
22 0.390625 0.715625 0.043750 0.034375
22 0.534375 0.711719 0.103125 0.110937
22 0.642969 0.675781 0.139063 0.095312
22 0.953125 0.698438 0.093750 0.318750