0 0.275781 0.703906 0.045312 0.054688
0 0.303125 0.702344 0.018750 0.054688
0 0.360156 0.663281 0.045312 0.045312
0 0.655469 0.554688 0.060937 0.090625
0 0.717969 0.524219 0.067187 0.064062
0 0.935937 0.449219 0.096875 0.051562
1 0.532031 0.022656 0.039062 0.026562
2 0.846875 0.762500 0.306250 0.121875
2 0.445312 0.706250 0.131250 0.018750
3 0.410156 0.677344 0.048438 0.042188
3 0.463281 0.660156 0.060937 0.054688
3 0.640625 0.632031 0.118750 0.092188
3 0.737500 0.592969 0.084375 0.120313
3 0.890625 0.539844 0.218750 0.207813
4 0.175781 0.647656 0.110937 0.217188
5 0.413281 0.698438 0.048438 0.021875
5 0.756250 0.676562 0.075000 0.059375
5 0.903125 0.671094 0.193750 0.089063
5 0.516406 0.660156 0.157812 0.085938
5 0.698438 0.634375 0.034375 0.134375
7 0.557031 0.667969 0.042188 0.045312
21 0.123438 0.752344 0.021875 0.029687
21 0.347656 0.710938 0.073438 0.081250
22 0.123438 0.752344 0.021875 0.029687
22 0.347656 0.710938 0.073438 0.081250