0 0.014844 0.531250 0.029687 0.053125
0 0.495312 0.532031 0.053125 0.060937
0 0.223438 0.519531 0.028125 0.054688
0 0.121094 0.538281 0.164062 0.095312
0 0.715625 0.526563 0.034375 0.081250
0 0.866406 0.546875 0.107813 0.128125
0 0.788281 0.522656 0.048438 0.079687
0 0.953125 0.534375 0.093750 0.150000
5 0.698438 0.585938 0.021875 0.034375
5 0.778906 0.582812 0.070312 0.040625
6 0.249219 0.578906 0.023438 0.039062
6 0.490625 0.565625 0.046875 0.040625
6 0.405469 0.576562 0.098437 0.062500
21 0.910156 0.604688 0.023438 0.046875
21 0.826562 0.589063 0.028125 0.037500
21 0.655469 0.620313 0.107813 0.103125
21 0.514844 0.634375 0.120313 0.143750
21 0.025781 0.641406 0.051562 0.157812
22 0.910156 0.604688 0.023438 0.046875
22 0.826562 0.589063 0.028125 0.037500
22 0.655469 0.620313 0.107813 0.103125
22 0.514844 0.634375 0.120313 0.143750
22 0.025781 0.641406 0.051562 0.157812