0 0.020313 0.271094 0.040625 0.054688
0 0.710938 0.278906 0.578125 0.514062
0 0.217188 0.256250 0.434375 0.512500
2 0.928125 0.643750 0.109375 0.012500
2 0.664844 0.634375 0.154688 0.015625
2 0.357031 0.625781 0.145313 0.010937
2 0.088281 0.618750 0.151562 0.012500
3 0.010937 0.551562 0.021875 0.078125
3 0.475781 0.521094 0.110937 0.070312
3 0.217969 0.531250 0.392188 0.112500
20 0.936719 0.605469 0.035937 0.079687
20 0.631250 0.599219 0.018750 0.067187
20 0.668750 0.601562 0.037500 0.075000
20 0.801562 0.594531 0.028125 0.064062
20 0.725000 0.598437 0.025000 0.071875
20 0.217969 0.582031 0.023438 0.051562
20 0.287500 0.550000 0.028125 0.050000
21 0.936719 0.605469 0.035937 0.079687
21 0.631250 0.599219 0.018750 0.067187
21 0.668750 0.601562 0.037500 0.075000
21 0.801562 0.594531 0.028125 0.064062
21 0.725000 0.598437 0.025000 0.071875
21 0.217969 0.582031 0.023438 0.051562
21 0.287500 0.550000 0.028125 0.050000
23 0.988281 0.970313 0.023438 0.059375
23 0.772656 0.723437 0.379688 0.193750
23 0.221094 0.803125 0.442188 0.393750
23 0.510156 0.628125 0.167187 0.096875
24 0.988281 0.970313 0.023438 0.059375
24 0.772656 0.723437 0.379688 0.193750
24 0.221094 0.803125 0.442188 0.393750
24 0.510156 0.628125 0.167187 0.096875