0 0.914844 0.150781 0.079687 0.132812
2 0.086719 0.793750 0.048438 0.040625
2 0.177344 0.759375 0.079687 0.043750
2 0.796094 0.660156 0.407813 0.045312
3 0.056250 0.761719 0.053125 0.114062
3 0.161719 0.732812 0.160938 0.121875
3 0.598437 0.610938 0.093750 0.034375
5 0.651563 0.620313 0.018750 0.075000
5 0.825000 0.607031 0.350000 0.101562
8 0.405469 0.619531 0.298438 0.182812
10 0.514844 0.648438 0.023438 0.050000
13 0.428125 0.526563 0.106250 0.025000
13 0.620313 0.512500 0.021875 0.028125
21 0.286719 0.708594 0.148438 0.129688
22 0.286719 0.708594 0.148438 0.129688