0 0.714063 0.594531 0.078125 0.173437
0 0.547656 0.249219 0.054688 0.382812
0 0.877344 0.359375 0.245312 0.718750
3 0.230469 0.643750 0.029687 0.043750
3 0.268750 0.639062 0.025000 0.037500
3 0.132812 0.645312 0.150000 0.050000
3 0.041406 0.634375 0.020313 0.031250
3 0.007031 0.638281 0.014063 0.039062
7 0.018750 0.754687 0.037500 0.081250
21 0.965625 0.920312 0.068750 0.159375
21 0.994531 0.768750 0.010937 0.137500
21 0.876563 0.757031 0.231250 0.170313
21 0.005469 0.685937 0.010937 0.056250
21 0.040625 0.693750 0.025000 0.096875
21 0.114062 0.691406 0.112500 0.098437
21 0.505469 0.734375 0.548438 0.240625
22 0.965625 0.920312 0.068750 0.159375
22 0.994531 0.768750 0.010937 0.137500
22 0.876563 0.757031 0.231250 0.170313
22 0.005469 0.685937 0.010937 0.056250
22 0.040625 0.693750 0.025000 0.096875
22 0.114062 0.691406 0.112500 0.098437
22 0.505469 0.734375 0.548438 0.240625