0 0.254688 0.684375 0.040625 0.021875
0 0.194531 0.692969 0.067187 0.048438
0 0.356250 0.671875 0.103125 0.056250
0 0.457813 0.628906 0.034375 0.070312
0 0.614062 0.588281 0.040625 0.064062
0 0.639844 0.574219 0.032813 0.060937
0 0.080469 0.573438 0.160938 0.312500
0 0.795312 0.407031 0.312500 0.370312
0 0.916406 0.025000 0.023438 0.050000
2 0.620313 0.626563 0.037500 0.025000
2 0.795312 0.580469 0.306250 0.135937
3 0.136719 0.746094 0.201563 0.057813
3 0.299219 0.713281 0.117188 0.042188
4 0.204687 0.506250 0.050000 0.303125
23 0.261719 0.703906 0.042188 0.023438
23 0.429688 0.673438 0.037500 0.031250
23 0.529687 0.644531 0.071875 0.039062
24 0.261719 0.703906 0.042188 0.023438
24 0.429688 0.673438 0.037500 0.031250
24 0.529687 0.644531 0.071875 0.039062