0 0.077344 0.702344 0.035937 0.026562
0 0.615625 0.605469 0.037500 0.035937
0 0.852344 0.449219 0.295312 0.364063
0 0.910156 0.187500 0.101562 0.128125
2 0.767969 0.660937 0.073438 0.068750
2 0.822656 0.653125 0.054688 0.059375
2 0.883594 0.643750 0.076563 0.050000
3 0.628125 0.671094 0.237500 0.107813
3 0.936719 0.619531 0.057813 0.060937
3 0.989062 0.639062 0.021875 0.112500
4 0.208594 0.525781 0.048438 0.360938
20 0.670312 0.617969 0.021875 0.045312
20 0.703906 0.610156 0.020313 0.048438
20 0.972656 0.604688 0.042188 0.159375
21 0.670312 0.617969 0.021875 0.045312
21 0.703906 0.610156 0.020313 0.048438
21 0.972656 0.604688 0.042188 0.159375
23 0.442188 0.672656 0.056250 0.060937
24 0.442188 0.672656 0.056250 0.060937