0 0.272656 0.664062 0.039062 0.100000
0 0.015625 0.643750 0.031250 0.065625
0 0.235937 0.653125 0.018750 0.087500
0 0.166406 0.648438 0.051562 0.090625
0 0.131250 0.625000 0.121875 0.134375
0 0.352344 0.631250 0.101562 0.150000
0 0.021875 0.560937 0.043750 0.096875
0 0.574219 0.566406 0.101562 0.132812
0 0.824219 0.351562 0.351562 0.703125
3 0.244531 0.715625 0.039062 0.037500
3 0.205469 0.715625 0.029687 0.040625
3 0.092188 0.728906 0.184375 0.085938
5 0.782813 0.742188 0.034375 0.028125
23 0.647656 0.798438 0.704688 0.403125
24 0.647656 0.798438 0.704688 0.403125