0 0.463281 0.632031 0.032813 0.151562
0 0.933594 0.617188 0.132812 0.146875
0 0.695312 0.575781 0.040625 0.101562
0 0.740625 0.590625 0.071875 0.171875
0 0.732031 0.495312 0.032813 0.059375
0 0.471875 0.535937 0.031250 0.153125
0 0.444531 0.482812 0.023438 0.046875
0 0.809375 0.523438 0.140625 0.340625
0 0.442188 0.390625 0.043750 0.118750
0 0.240625 0.482812 0.162500 0.512500
0 0.095312 0.427344 0.190625 0.654687
0 0.293750 0.391406 0.328125 0.670312
0 0.870313 0.279687 0.259375 0.559375
2 0.160938 0.870313 0.228125 0.137500
2 0.114844 0.753906 0.154688 0.023438
2 0.251563 0.743750 0.062500 0.018750
2 0.406250 0.725000 0.106250 0.031250
2 0.942969 0.693750 0.114062 0.015625
2 0.788281 0.682813 0.104688 0.021875
4 0.468750 0.592969 0.037500 0.264062
4 0.743750 0.568750 0.081250 0.237500
4 0.548438 0.437500 0.075000 0.021875
4 0.636719 0.424219 0.057813 0.017188
4 0.302344 0.527344 0.060937 0.342187
4 0.440625 0.512500 0.065625 0.434375
4 0.169531 0.461719 0.110937 0.807813
10 0.321094 0.823438 0.104688 0.193750
10 0.349219 0.764062 0.039062 0.078125
12 0.433594 0.813281 0.120313 0.035937
12 0.258594 0.789844 0.054688 0.035937
12 0.863281 0.778906 0.273438 0.026562
14 0.339844 0.758594 0.123438 0.254688
21 0.076563 0.928125 0.043750 0.143750
21 0.617969 0.752344 0.264062 0.373437
22 0.076563 0.928125 0.043750 0.143750
22 0.617969 0.752344 0.264062 0.373437