0 0.809375 0.619531 0.028125 0.032813
0 0.614062 0.541406 0.028125 0.032813
0 0.482812 0.461719 0.034375 0.114062
0 0.236719 0.420312 0.473438 0.403125
0 0.742969 0.301563 0.482812 0.603125
2 0.272656 0.841406 0.351562 0.317188
2 0.945312 0.722656 0.109375 0.101562
2 0.864844 0.678906 0.023438 0.048438
2 0.759375 0.632812 0.156250 0.096875
3 0.581250 0.519531 0.084375 0.035937
4 0.516406 0.537500 0.026562 0.121875
4 0.436719 0.321094 0.139063 0.620313
5 0.085156 0.771094 0.095312 0.057813
5 0.364063 0.716406 0.053125 0.045312
5 0.421875 0.595313 0.084375 0.053125
5 0.475781 0.581250 0.020313 0.043750
5 0.796875 0.483594 0.021875 0.070312
5 0.907813 0.542188 0.184375 0.356250
6 0.501563 0.560937 0.021875 0.065625
9 0.042969 0.692187 0.035937 0.059375
18 0.259375 0.556250 0.028125 0.059375
21 0.201563 0.655469 0.375000 0.182812
22 0.201563 0.655469 0.375000 0.182812