0 0.185156 0.760938 0.026562 0.040625
0 0.225781 0.646094 0.176563 0.245312
0 0.474219 0.603906 0.123438 0.195312
0 0.072656 0.628906 0.145313 0.298438
0 0.634375 0.562500 0.106250 0.184375
0 0.338281 0.529687 0.126562 0.456250
0 0.801562 0.349219 0.253125 0.476562
2 0.335938 0.819531 0.068750 0.048438
2 0.945312 0.660156 0.109375 0.026562
4 0.192969 0.677344 0.020313 0.176563
4 0.303906 0.625781 0.042188 0.314063
4 0.914844 0.559375 0.123438 0.196875
4 0.138281 0.410156 0.057813 0.479687
21 0.116406 0.785156 0.067187 0.026562
21 0.187500 0.882031 0.237500 0.235937
21 0.302344 0.763281 0.032813 0.026562
21 0.251563 0.766406 0.040625 0.035937
21 0.399219 0.744531 0.101562 0.048438
21 0.520312 0.756250 0.156250 0.112500
21 0.646094 0.722656 0.104688 0.082812
21 0.838281 0.666406 0.045312 0.026562
21 0.902344 0.649219 0.045312 0.039062
21 0.953906 0.642969 0.035937 0.029687
22 0.116406 0.785156 0.067187 0.026562
22 0.187500 0.882031 0.237500 0.235937
22 0.302344 0.763281 0.032813 0.026562
22 0.251563 0.766406 0.040625 0.035937
22 0.399219 0.744531 0.101562 0.048438
22 0.520312 0.756250 0.156250 0.112500
22 0.646094 0.722656 0.104688 0.082812
22 0.838281 0.666406 0.045312 0.026562
22 0.902344 0.649219 0.045312 0.039062
22 0.953906 0.642969 0.035937 0.029687