0 0.717969 0.614844 0.029687 0.048438
0 0.659375 0.619531 0.093750 0.064062
0 0.749219 0.609375 0.035937 0.050000
0 0.835938 0.592969 0.043750 0.051562
2 0.169531 0.769531 0.251563 0.101562
2 0.959375 0.640625 0.081250 0.034375
5 0.216406 0.698438 0.026562 0.081250
5 0.114844 0.725000 0.189062 0.137500
5 0.979688 0.585156 0.040625 0.101562
13 0.603906 0.634375 0.035937 0.028125
21 0.253125 0.693750 0.059375 0.043750
21 0.374219 0.692969 0.185938 0.085938
21 0.549219 0.682813 0.145313 0.143750
21 0.892188 0.604688 0.037500 0.031250
21 0.945312 0.594531 0.043750 0.045312
22 0.253125 0.693750 0.059375 0.043750
22 0.374219 0.692969 0.185938 0.085938
22 0.549219 0.682813 0.145313 0.143750
22 0.892188 0.604688 0.037500 0.031250
22 0.945312 0.594531 0.043750 0.045312