0 0.586719 0.663281 0.051562 0.045312
0 0.680469 0.654687 0.132812 0.121875
0 0.982031 0.634375 0.035937 0.115625
0 0.850781 0.641406 0.201563 0.132812
2 0.846094 0.872656 0.307812 0.254688
2 0.637500 0.726562 0.221875 0.037500
2 0.832031 0.716406 0.145313 0.023438
3 0.583594 0.702344 0.060937 0.048438
3 0.646094 0.696875 0.057813 0.053125
4 0.745313 0.549219 0.031250 0.354687
4 0.526563 0.527344 0.059375 0.426563
4 0.985156 0.342969 0.029687 0.110937
5 0.581250 0.725000 0.053125 0.018750
6 0.332031 0.710156 0.045312 0.051562
12 0.139844 0.850781 0.279687 0.054688
12 0.694531 0.786719 0.310937 0.095312
23 0.026562 0.789844 0.053125 0.101562
23 0.356250 0.839844 0.381250 0.295312
24 0.026562 0.789844 0.053125 0.101562
24 0.356250 0.839844 0.381250 0.295312