0 0.810937 0.553125 0.031250 0.031250
0 0.975781 0.507812 0.048438 0.021875
0 0.118750 0.525000 0.046875 0.068750
0 0.036719 0.533594 0.073438 0.092188
0 0.882812 0.485156 0.040625 0.073438
0 0.718750 0.523438 0.159375 0.156250
0 0.530469 0.526563 0.235937 0.193750
0 0.235937 0.382031 0.112500 0.448437
1 0.717187 0.009375 0.037500 0.018750
3 0.323437 0.653125 0.075000 0.046875
3 0.675000 0.605469 0.081250 0.017188
3 0.903906 0.567969 0.192188 0.051562
11 0.871875 0.558594 0.165625 0.048438
23 0.353125 0.661719 0.037500 0.020313
23 0.410156 0.655469 0.051562 0.017188
23 0.474219 0.643750 0.054688 0.028125
23 0.553125 0.653125 0.084375 0.078125
23 0.621094 0.624219 0.048438 0.045312
23 0.772656 0.634375 0.148438 0.125000
24 0.353125 0.661719 0.037500 0.020313
24 0.410156 0.655469 0.051562 0.017188
24 0.474219 0.643750 0.054688 0.028125
24 0.553125 0.653125 0.084375 0.078125
24 0.621094 0.624219 0.048438 0.045312
24 0.772656 0.634375 0.148438 0.125000