0 0.279687 0.747656 0.040625 0.039062
0 0.696094 0.716406 0.035937 0.026562
0 0.775781 0.703125 0.070312 0.053125
0 0.828906 0.693750 0.045312 0.053125
0 0.639844 0.688281 0.073438 0.117188
0 0.778125 0.646875 0.096875 0.062500
0 0.128125 0.694531 0.234375 0.348438
0 0.438281 0.661719 0.357812 0.314063
0 0.048438 0.512500 0.096875 0.143750
2 0.301563 0.921094 0.462500 0.145313
2 0.721094 0.767188 0.254688 0.056250
3 0.242969 0.632031 0.173437 0.095312
9 0.241406 0.850781 0.076563 0.142187
9 0.307031 0.830469 0.060937 0.142187
15 0.265625 0.759375 0.100000 0.181250
21 0.922656 0.729688 0.154688 0.200000
22 0.922656 0.729688 0.154688 0.200000