0 0.544531 0.656250 0.035937 0.046875
0 0.645312 0.653125 0.012500 0.068750
0 0.615625 0.653125 0.031250 0.071875
0 0.672656 0.639062 0.035937 0.162500
0 0.847656 0.594531 0.304688 0.345313
0 0.265625 0.343750 0.531250 0.687500
4 0.648438 0.569531 0.025000 0.235937
4 0.684375 0.468750 0.037500 0.328125
4 0.960938 0.107813 0.078125 0.050000
5 0.252344 0.727344 0.504687 0.545312
11 0.582031 0.642969 0.051562 0.054688
23 0.939844 0.728906 0.120313 0.095312
23 0.667188 0.683594 0.025000 0.042188
24 0.939844 0.728906 0.120313 0.095312
24 0.667188 0.683594 0.025000 0.042188