0 0.057031 0.389062 0.064062 0.037500
0 0.330469 0.342187 0.060937 0.037500
0 0.683594 0.238281 0.032813 0.048438
0 0.638281 0.238281 0.073438 0.079687
0 0.832031 0.146875 0.270313 0.293750
3 0.767969 0.279687 0.054688 0.062500
3 0.619531 0.284375 0.195312 0.078125
4 0.724219 0.282031 0.051562 0.154688
4 0.797656 0.205469 0.039062 0.154688
4 0.467187 0.167969 0.112500 0.329688
4 0.680469 0.069531 0.054688 0.139063
5 0.610938 0.675000 0.331250 0.650000
5 0.485156 0.328125 0.026562 0.037500
5 0.768750 0.310156 0.034375 0.060937
17 0.650000 0.467187 0.050000 0.109375
23 0.365625 0.635938 0.731250 0.715625
24 0.365625 0.635938 0.731250 0.715625