0 0.396875 0.631250 0.025000 0.028125
0 0.617188 0.567187 0.046875 0.103125
0 0.676562 0.549219 0.040625 0.139063
0 0.467187 0.517188 0.028125 0.078125
0 0.418750 0.556250 0.065625 0.162500
0 0.303906 0.551562 0.067187 0.162500
0 0.515625 0.539062 0.065625 0.140625
0 0.360156 0.560937 0.035937 0.184375
0 0.850781 0.429688 0.298438 0.446875
2 0.371094 0.693750 0.048438 0.021875
2 0.404687 0.649219 0.118750 0.042188
4 0.259375 0.411719 0.028125 0.132812
5 0.146875 0.539062 0.293750 0.375000
21 0.650000 0.617969 0.021875 0.035937
21 0.678906 0.616406 0.032813 0.045312
21 0.538281 0.653906 0.135937 0.123438
21 0.173437 0.692187 0.346875 0.246875
21 0.839844 0.708594 0.320312 0.442188
22 0.650000 0.617969 0.021875 0.035937
22 0.678906 0.616406 0.032813 0.045312
22 0.538281 0.653906 0.135937 0.123438
22 0.173437 0.692187 0.346875 0.246875
22 0.839844 0.708594 0.320312 0.442188