0 0.565625 0.482031 0.034375 0.195312
0 0.847656 0.590625 0.304688 0.434375
0 0.635156 0.496875 0.101562 0.362500
0 0.726562 0.335938 0.062500 0.078125
0 0.933594 0.188281 0.132812 0.251563
0 0.271875 0.367969 0.543750 0.735938
2 0.845313 0.777344 0.309375 0.185938
2 0.124219 0.746875 0.248438 0.134375
2 0.672656 0.679688 0.026562 0.040625
2 0.279687 0.596094 0.037500 0.017188
2 0.539844 0.573438 0.070312 0.081250
2 0.419531 0.527344 0.051562 0.085938
3 0.284375 0.614844 0.050000 0.023438
4 0.542188 0.498437 0.015625 0.212500
4 0.583594 0.409375 0.029687 0.387500
4 0.675000 0.446875 0.046875 0.512500
5 0.181250 0.655469 0.065625 0.060937
5 0.273438 0.653906 0.109375 0.073438
21 0.607812 0.646094 0.109375 0.104688
21 0.382031 0.596094 0.126562 0.070312
21 0.493750 0.552344 0.040625 0.054688
21 0.472656 0.497656 0.023438 0.039062
22 0.607812 0.646094 0.109375 0.104688
22 0.382031 0.596094 0.126562 0.070312
22 0.493750 0.552344 0.040625 0.054688
22 0.472656 0.497656 0.023438 0.039062