0 0.492969 0.574219 0.048438 0.045312
0 0.546094 0.567969 0.057813 0.079687
2 0.288281 0.842969 0.370312 0.314063
3 0.607031 0.650000 0.029687 0.021875
3 0.971875 0.596875 0.056250 0.062500
21 0.063281 0.765625 0.060937 0.084375
21 0.294531 0.711719 0.064062 0.048438
21 0.489844 0.682031 0.045312 0.054688
21 0.569531 0.671875 0.042188 0.050000
21 0.800781 0.613281 0.339062 0.335938
22 0.063281 0.765625 0.060937 0.084375
22 0.294531 0.711719 0.064062 0.048438
22 0.489844 0.682031 0.045312 0.054688
22 0.569531 0.671875 0.042188 0.050000
22 0.800781 0.613281 0.339062 0.335938