0 0.342187 0.554688 0.065625 0.025000
0 0.882812 0.547656 0.037500 0.029687
0 0.957031 0.536719 0.042188 0.042188
1 0.301563 0.041406 0.046875 0.026562
2 0.161719 0.683594 0.323437 0.107813
2 0.361719 0.631250 0.060937 0.021875
2 0.714844 0.603125 0.098437 0.015625
4 0.591406 0.507812 0.020313 0.165625
4 0.703906 0.358594 0.064062 0.485938
5 0.785156 0.579688 0.060937 0.025000
5 0.462500 0.584375 0.034375 0.034375
5 0.412500 0.585938 0.062500 0.037500
5 0.846875 0.579688 0.025000 0.031250
5 0.889062 0.579688 0.062500 0.037500
5 0.961719 0.583594 0.076563 0.057813
5 0.264062 0.590625 0.228125 0.150000
5 0.071875 0.594531 0.143750 0.210938
13 0.527344 0.561719 0.045312 0.026562
23 0.795312 0.597656 0.062500 0.042188
23 0.533594 0.588281 0.032813 0.045312
24 0.795312 0.597656 0.062500 0.042188
24 0.533594 0.588281 0.032813 0.045312