0 0.457813 0.564844 0.096875 0.042188
0 0.546094 0.562500 0.051562 0.040625
0 0.300781 0.543750 0.042188 0.071875
0 0.857812 0.457031 0.021875 0.064062
0 0.064844 0.499219 0.129688 0.232813
0 0.667969 0.475000 0.332813 0.218750
0 0.935156 0.450000 0.067187 0.181250
0 0.314844 0.461719 0.382812 0.276562
2 0.957031 0.664062 0.085938 0.050000
2 0.175000 0.616406 0.112500 0.026562
2 0.667188 0.615625 0.056250 0.028125
2 0.305469 0.599219 0.142187 0.023438
21 0.119531 0.792188 0.239063 0.371875
21 0.624219 0.627344 0.054688 0.051562
21 0.684375 0.589063 0.034375 0.021875
21 0.897656 0.612500 0.076563 0.071875
21 0.789844 0.589844 0.067187 0.026562
21 0.537500 0.596094 0.031250 0.051562
21 0.569531 0.581250 0.029687 0.050000
22 0.119531 0.792188 0.239063 0.371875
22 0.624219 0.627344 0.054688 0.051562
22 0.684375 0.589063 0.034375 0.021875
22 0.897656 0.612500 0.076563 0.071875
22 0.789844 0.589844 0.067187 0.026562
22 0.537500 0.596094 0.031250 0.051562
22 0.569531 0.581250 0.029687 0.050000