0 0.793750 0.431250 0.018750 0.056250
0 0.412500 0.445312 0.171875 0.125000
0 0.696094 0.414062 0.060937 0.087500
0 0.613281 0.403906 0.101562 0.148438
0 0.729688 0.384375 0.043750 0.146875
0 0.106250 0.411719 0.212500 0.217188
2 0.097656 0.957812 0.048438 0.084375
2 0.157812 0.944531 0.034375 0.110937
2 0.299219 0.877344 0.251563 0.245312
2 0.912500 0.564844 0.175000 0.054688
2 0.964844 0.497656 0.070312 0.014063
2 0.812500 0.489844 0.078125 0.010937
4 0.806250 0.359375 0.112500 0.278125
5 0.882031 0.446875 0.051562 0.028125
11 0.350000 0.616406 0.078125 0.067187
11 0.311719 0.609375 0.623437 0.265625
21 0.624219 0.626563 0.117188 0.100000
21 0.345313 0.691406 0.334375 0.235937
21 0.758594 0.594531 0.148438 0.098437
22 0.624219 0.626563 0.117188 0.100000
22 0.345313 0.691406 0.334375 0.235937
22 0.758594 0.594531 0.148438 0.098437