0 0.731250 0.521875 0.168750 0.050000
0 0.900781 0.488281 0.054688 0.032813
0 0.967187 0.451562 0.065625 0.071875
3 0.068750 0.652344 0.103125 0.051562
3 0.162500 0.634375 0.040625 0.028125
4 0.349219 0.550781 0.045312 0.101562
4 0.232813 0.390625 0.150000 0.478125
11 0.910937 0.492969 0.065625 0.023438
13 0.329688 0.576562 0.028125 0.050000
13 0.400000 0.563281 0.081250 0.051562
13 0.467969 0.551562 0.051562 0.037500
13 0.743750 0.501563 0.387500 0.093750
21 0.628906 0.556250 0.060937 0.062500
21 0.525000 0.545312 0.071875 0.118750
22 0.628906 0.556250 0.060937 0.062500
22 0.525000 0.545312 0.071875 0.118750