0 0.481250 0.450000 0.028125 0.062500
0 0.543750 0.427344 0.096875 0.095312
0 0.670312 0.397656 0.078125 0.048438
0 0.619531 0.258594 0.117188 0.076563
0 0.903125 0.244531 0.143750 0.164062
0 0.720313 0.177344 0.062500 0.070312
0 0.218750 0.509375 0.437500 0.981250
2 0.535937 0.592969 0.028125 0.039062
2 0.459375 0.753906 0.715625 0.492188
3 0.648438 0.432812 0.018750 0.043750
3 0.851562 0.385156 0.278125 0.110937
5 0.635938 0.432812 0.018750 0.046875
5 0.682813 0.424219 0.065625 0.057813
20 0.463281 0.504687 0.023438 0.065625
21 0.463281 0.504687 0.023438 0.065625
23 0.482031 0.490625 0.039062 0.031250
23 0.751563 0.551562 0.496875 0.350000
24 0.482031 0.490625 0.039062 0.031250
24 0.751563 0.551562 0.496875 0.350000