0 0.364844 0.453125 0.095312 0.296875
0 0.303125 0.421875 0.106250 0.378125
0 0.142969 0.346094 0.285938 0.592187
0 0.720313 0.292187 0.559375 0.584375
2 0.989844 0.563281 0.020313 0.035937
3 0.233594 0.667188 0.123438 0.090625
3 0.407031 0.631250 0.045312 0.071875
21 0.104688 0.700781 0.178125 0.154688
21 0.258594 0.617188 0.057813 0.028125
21 0.336719 0.620313 0.045312 0.037500
21 0.390625 0.608594 0.046875 0.035937
21 0.510156 0.610938 0.151562 0.096875
21 0.703906 0.621875 0.214062 0.190625
21 0.912500 0.555469 0.150000 0.098437
22 0.104688 0.700781 0.178125 0.154688
22 0.258594 0.617188 0.057813 0.028125
22 0.336719 0.620313 0.045312 0.037500
22 0.390625 0.608594 0.046875 0.035937
22 0.510156 0.610938 0.151562 0.096875
22 0.703906 0.621875 0.214062 0.190625
22 0.912500 0.555469 0.150000 0.098437