0 0.626563 0.442969 0.031250 0.048438
0 0.507812 0.389062 0.256250 0.290625
0 0.214062 0.349219 0.321875 0.385937
0 0.810937 0.389844 0.378125 0.776563
1 0.774219 0.146875 0.042188 0.093750
2 0.616406 0.645312 0.279687 0.109375
2 0.298438 0.563281 0.118750 0.054688
2 0.382812 0.552344 0.037500 0.039062
2 0.436719 0.545312 0.048438 0.031250
2 0.693750 0.482031 0.093750 0.035937
3 0.349219 0.750000 0.226562 0.312500
5 0.114062 0.528125 0.228125 0.596875
7 0.600000 0.625781 0.025000 0.054688
9 0.582812 0.625000 0.015625 0.043750
9 0.622656 0.610156 0.026562 0.054688
21 0.584375 0.575781 0.040625 0.057813
21 0.235937 0.569531 0.031250 0.079687
21 0.573438 0.510156 0.065625 0.073438
21 0.687500 0.542969 0.156250 0.142187
22 0.584375 0.575781 0.040625 0.057813
22 0.235937 0.569531 0.031250 0.079687
22 0.573438 0.510156 0.065625 0.073438
22 0.687500 0.542969 0.156250 0.142187