0 0.990625 0.588281 0.018750 0.045312
0 0.901563 0.585156 0.053125 0.042188
0 0.948438 0.585938 0.031250 0.046875
0 0.721875 0.568750 0.056250 0.037500
0 0.864062 0.568750 0.018750 0.071875
0 0.557813 0.534375 0.043750 0.053125
0 0.805469 0.553906 0.098437 0.098437
0 0.064062 0.468750 0.059375 0.096875
0 0.875781 0.386719 0.173437 0.129688
0 0.205469 0.321094 0.404687 0.517188
2 0.119531 0.686719 0.239063 0.176563
2 0.757812 0.612500 0.265625 0.059375
2 0.282031 0.575781 0.289062 0.029687
3 0.020313 0.531250 0.040625 0.253125
21 0.603125 0.576562 0.103125 0.040625
21 0.488281 0.569531 0.123438 0.051562
21 0.117969 0.542969 0.060937 0.064062
21 0.060937 0.536719 0.053125 0.060937
22 0.603125 0.576562 0.103125 0.040625
22 0.488281 0.569531 0.123438 0.051562
22 0.117969 0.542969 0.060937 0.064062
22 0.060937 0.536719 0.053125 0.060937