0 0.182031 0.437500 0.067187 0.109375
0 0.090625 0.367969 0.112500 0.254688
0 0.013281 0.363281 0.026562 0.264062
2 0.214062 0.615625 0.428125 0.250000
3 0.202344 0.520312 0.404687 0.121875
3 0.990625 0.474219 0.018750 0.048438
3 0.551562 0.453125 0.275000 0.050000
3 0.827344 0.450000 0.170313 0.096875
11 0.245312 0.467969 0.034375 0.042188
11 0.298438 0.458594 0.065625 0.054688
11 0.353906 0.450781 0.039062 0.067187
23 0.513281 0.484375 0.048438 0.053125
23 0.467187 0.474219 0.040625 0.032813
23 0.710156 0.496875 0.114062 0.150000
24 0.513281 0.484375 0.048438 0.053125
24 0.467187 0.474219 0.040625 0.032813
24 0.710156 0.496875 0.114062 0.150000