0 0.100000 0.674219 0.168750 0.089063
0 0.213281 0.661719 0.057813 0.101562
0 0.946094 0.459375 0.107813 0.143750
0 0.579688 0.525000 0.328125 0.390625
0 0.807031 0.441406 0.192188 0.310937
2 0.126562 0.857812 0.137500 0.093750
2 0.239063 0.801562 0.078125 0.050000
2 0.296875 0.773438 0.034375 0.031250
2 0.718750 0.854688 0.306250 0.221875
3 0.144531 0.775000 0.226562 0.131250
3 0.276562 0.732812 0.021875 0.050000
3 0.336719 0.725781 0.026562 0.045312
3 0.798438 0.759375 0.403125 0.343750
4 0.295312 0.665625 0.031250 0.162500
4 0.276562 0.651563 0.043750 0.218750
4 0.321875 0.554688 0.115625 0.418750
4 0.885156 0.431250 0.051562 0.200000
4 0.705469 0.356250 0.104688 0.487500
5 0.121094 0.831250 0.135937 0.075000
5 0.216406 0.791406 0.032813 0.029687
23 0.576562 0.680469 0.040625 0.064062
23 0.653125 0.667188 0.125000 0.078125
23 0.859375 0.575000 0.281250 0.125000
24 0.576562 0.680469 0.040625 0.064062
24 0.653125 0.667188 0.125000 0.078125
24 0.859375 0.575000 0.281250 0.125000