0 0.235156 0.628125 0.060937 0.050000
0 0.314063 0.618750 0.031250 0.043750
0 0.282813 0.620313 0.025000 0.050000
0 0.576562 0.586719 0.046875 0.032813
0 0.711719 0.578125 0.023438 0.031250
2 0.307031 0.728125 0.357812 0.137500
2 0.938281 0.607031 0.123438 0.010937
3 0.017188 0.686719 0.034375 0.032813
3 0.217969 0.655469 0.098437 0.017188
3 0.384375 0.641406 0.034375 0.039062
3 0.473438 0.634375 0.034375 0.028125
3 0.525781 0.628906 0.039062 0.023438
4 0.411719 0.600000 0.010937 0.146875
4 0.400000 0.332031 0.018750 0.348438
12 0.148438 0.869531 0.296875 0.192188
21 0.039844 0.697656 0.079687 0.085938
21 0.218750 0.678906 0.100000 0.051562
21 0.124219 0.684375 0.064062 0.062500
21 0.283594 0.671094 0.023438 0.039062
21 0.314844 0.660156 0.029687 0.032813
21 0.450000 0.642188 0.068750 0.043750
21 0.568750 0.621094 0.050000 0.067187
21 0.651563 0.610156 0.068750 0.060937
21 0.802344 0.664844 0.223438 0.195312
22 0.039844 0.697656 0.079687 0.085938
22 0.218750 0.678906 0.100000 0.051562
22 0.124219 0.684375 0.064062 0.062500
22 0.283594 0.671094 0.023438 0.039062
22 0.314844 0.660156 0.029687 0.032813
22 0.450000 0.642188 0.068750 0.043750
22 0.568750 0.621094 0.050000 0.067187
22 0.651563 0.610156 0.068750 0.060937
22 0.802344 0.664844 0.223438 0.195312