2 0.289062 0.829688 0.234375 0.340625
2 0.821875 0.817187 0.356250 0.365625
2 0.500000 0.784375 1.000000 0.431250
20 0.392188 0.475000 0.018750 0.046875
21 0.392188 0.475000 0.018750 0.046875
23 0.809375 0.516406 0.184375 0.123438
23 0.725000 0.438281 0.037500 0.032813
23 0.357031 0.523438 0.714063 0.225000
23 0.779687 0.409375 0.071875 0.043750
23 0.906250 0.409375 0.187500 0.071875
24 0.809375 0.516406 0.184375 0.123438
24 0.725000 0.438281 0.037500 0.032813
24 0.357031 0.523438 0.714063 0.225000
24 0.779687 0.409375 0.071875 0.043750
24 0.906250 0.409375 0.187500 0.071875