0 0.695312 0.256250 0.609375 0.512500
0 0.184375 0.209375 0.368750 0.418750
2 0.954688 0.760156 0.090625 0.145313
2 0.040625 0.628906 0.081250 0.020313
2 0.127344 0.623437 0.076563 0.018750
2 0.775000 0.583594 0.100000 0.026562
3 0.628125 0.534375 0.021875 0.065625
3 0.570312 0.542188 0.053125 0.084375
3 0.709375 0.529687 0.156250 0.096875
3 0.525000 0.485938 0.040625 0.015625
3 0.130469 0.463281 0.260937 0.229687
3 0.403906 0.454688 0.267188 0.240625
5 0.101562 0.580469 0.028125 0.076563
5 0.040625 0.582812 0.081250 0.081250
5 0.151562 0.578125 0.062500 0.075000
5 0.429688 0.477344 0.025000 0.048438
5 0.326562 0.492969 0.137500 0.148438
17 0.666406 0.569531 0.026562 0.045312
23 0.446094 0.487500 0.029687 0.031250
23 0.880469 0.538281 0.239063 0.189062
24 0.446094 0.487500 0.029687 0.031250
24 0.880469 0.538281 0.239063 0.189062