0 0.876563 0.715625 0.059375 0.071875
0 0.814844 0.710156 0.032813 0.073438
0 0.959375 0.692187 0.081250 0.084375
0 0.760938 0.685156 0.065625 0.120313
0 0.221094 0.650000 0.060937 0.053125
0 0.146094 0.646875 0.054688 0.062500
0 0.096875 0.643750 0.015625 0.062500
0 0.113281 0.642969 0.023438 0.067187
0 0.073438 0.639844 0.028125 0.060937
0 0.628125 0.672656 0.196875 0.132812
0 0.130469 0.520312 0.110937 0.112500
0 0.064844 0.522656 0.029687 0.123438
0 0.025781 0.519531 0.048438 0.123438
1 0.257812 0.328125 0.040625 0.021875
1 0.503906 0.050000 0.048438 0.031250
2 0.920312 0.851562 0.159375 0.071875
2 0.334375 0.778906 0.087500 0.054688
2 0.752344 0.759375 0.085938 0.040625
2 0.158594 0.854688 0.317188 0.290625
3 0.484375 0.687500 0.050000 0.046875
4 0.184375 0.571094 0.012500 0.117188
4 0.382812 0.610938 0.084375 0.309375
4 0.045312 0.543750 0.037500 0.209375
4 0.370312 0.399219 0.221875 0.798438
12 0.582812 0.809375 0.381250 0.065625
13 0.957812 0.584375 0.084375 0.168750
13 0.679688 0.564063 0.218750 0.128125
13 0.809375 0.556250 0.037500 0.118750
13 0.878125 0.573438 0.090625 0.159375
13 0.335938 0.524219 0.056250 0.067187
13 0.457031 0.506250 0.104688 0.068750
21 0.041406 0.900000 0.082812 0.200000
21 0.951562 0.771875 0.081250 0.075000
21 0.875000 0.766406 0.065625 0.064062
21 0.626563 0.728906 0.196875 0.085938
21 0.040625 0.695312 0.081250 0.128125
22 0.041406 0.900000 0.082812 0.200000
22 0.951562 0.771875 0.081250 0.075000
22 0.875000 0.766406 0.065625 0.064062
22 0.626563 0.728906 0.196875 0.085938
22 0.040625 0.695312 0.081250 0.128125