0 0.021094 0.396875 0.042188 0.037500
0 0.390625 0.386719 0.043750 0.039062
0 0.445312 0.385156 0.031250 0.042188
0 0.482812 0.382031 0.040625 0.042188
0 0.232031 0.380469 0.264062 0.057813
0 0.642188 0.355469 0.125000 0.051562
2 0.313281 0.479687 0.079687 0.021875
3 0.202344 0.407813 0.204687 0.012500
5 0.130469 0.417969 0.060937 0.017188
11 0.894531 0.371875 0.054688 0.090625
11 0.900781 0.353125 0.176563 0.134375
11 0.981250 0.307812 0.037500 0.062500
23 0.151562 0.455469 0.090625 0.048438
24 0.151562 0.455469 0.090625 0.048438