0 0.293750 0.654687 0.021875 0.053125
0 0.276562 0.645312 0.084375 0.096875
0 0.378125 0.621875 0.087500 0.065625
0 0.083594 0.567969 0.167187 0.145313
0 0.964844 0.426563 0.070312 0.681250
2 0.859375 0.867969 0.281250 0.264062
2 0.669531 0.784375 0.095312 0.118750
2 0.245312 0.707812 0.040625 0.025000
2 0.602344 0.684375 0.132812 0.068750
3 0.247656 0.686719 0.026562 0.020313
4 0.572656 0.567969 0.035937 0.123438
4 0.527344 0.499219 0.073438 0.114062
4 0.639844 0.403125 0.110937 0.750000
18 0.748437 0.642969 0.015625 0.035937
23 0.324219 0.681250 0.045312 0.056250
23 0.393750 0.703906 0.084375 0.120313
23 0.482812 0.653906 0.053125 0.051562
23 0.132812 0.789844 0.265625 0.420312
24 0.324219 0.681250 0.045312 0.056250
24 0.393750 0.703906 0.084375 0.120313
24 0.482812 0.653906 0.053125 0.051562
24 0.132812 0.789844 0.265625 0.420312