0 0.320312 0.757812 0.050000 0.025000
0 0.388281 0.750000 0.085938 0.031250
0 0.104688 0.767188 0.143750 0.084375
0 0.606250 0.678906 0.071875 0.101562
0 0.664062 0.634375 0.037500 0.046875
0 0.741406 0.594531 0.064062 0.076563
0 0.878125 0.603125 0.187500 0.184375
1 0.432812 0.289844 0.037500 0.023438
2 0.747656 0.744531 0.504687 0.104688
3 0.530469 0.723437 0.026562 0.043750
3 0.571875 0.716406 0.043750 0.045312
4 0.468750 0.656250 0.031250 0.093750
4 0.199219 0.675000 0.032813 0.156250
4 0.731250 0.510938 0.034375 0.093750
4 0.503125 0.609375 0.103125 0.328125
5 0.096094 0.836719 0.098437 0.089063
5 0.324219 0.777344 0.048438 0.026562
5 0.371875 0.767188 0.046875 0.025000
12 0.098437 0.916406 0.065625 0.029687
12 0.668750 0.798438 0.662500 0.134375
13 0.444531 0.721875 0.064062 0.037500
16 0.875000 0.696875 0.037500 0.078125
21 0.228125 0.845313 0.225000 0.206250
22 0.228125 0.845313 0.225000 0.206250