0 0.710938 0.417187 0.031250 0.034375
0 0.496094 0.433594 0.089063 0.082812
0 0.609375 0.427344 0.096875 0.085938
0 0.127344 0.452344 0.254688 0.292187
0 0.919531 0.356250 0.154688 0.171875
2 0.091406 0.797656 0.101562 0.089063
2 0.307031 0.633594 0.117188 0.070312
2 0.912500 0.559375 0.053125 0.028125
2 0.835156 0.541406 0.082812 0.039062
3 0.781250 0.472656 0.018750 0.045312
3 0.829688 0.460156 0.037500 0.045312
3 0.885156 0.450000 0.060937 0.059375
4 0.645312 0.166406 0.031250 0.095312
4 0.360938 0.135156 0.043750 0.048438
7 0.103125 0.604688 0.050000 0.084375
23 0.056250 0.615625 0.103125 0.128125
23 0.292969 0.514062 0.023438 0.037500
23 0.538281 0.483594 0.070312 0.045312
23 0.610938 0.492969 0.056250 0.070312
23 0.721094 0.517188 0.154688 0.181250
24 0.056250 0.615625 0.103125 0.128125
24 0.292969 0.514062 0.023438 0.037500
24 0.538281 0.483594 0.070312 0.045312
24 0.610938 0.492969 0.056250 0.070312
24 0.721094 0.517188 0.154688 0.181250