0 0.167187 0.750781 0.046875 0.082812
0 0.238281 0.736719 0.089063 0.089063
0 0.300000 0.737500 0.043750 0.093750
0 0.752344 0.624219 0.032813 0.070312
0 0.674219 0.613281 0.139063 0.110937
0 0.817969 0.600781 0.107813 0.101562
0 0.877344 0.328906 0.229687 0.392188
0 0.364063 0.382812 0.603125 0.765625
1 0.562500 0.135156 0.050000 0.023438
2 0.235156 0.887500 0.135937 0.121875
2 0.456250 0.793750 0.321875 0.165625
2 0.779687 0.665625 0.121875 0.062500
5 0.225781 0.826562 0.129688 0.078125
5 0.334375 0.796094 0.087500 0.057813
8 0.927344 0.603906 0.145313 0.195312
9 0.502344 0.760156 0.023438 0.064062
21 0.665625 0.692187 0.121875 0.134375
22 0.665625 0.692187 0.121875 0.134375