0 0.082812 0.405469 0.031250 0.067187
0 0.407813 0.371875 0.028125 0.025000
0 0.332813 0.364844 0.043750 0.020313
0 0.763281 0.317969 0.026562 0.042188
0 0.804688 0.312500 0.037500 0.046875
0 0.715625 0.307031 0.015625 0.048438
0 0.841406 0.306250 0.032813 0.056250
0 0.692969 0.309375 0.032813 0.071875
0 0.661719 0.304688 0.020313 0.062500
0 0.235937 0.320312 0.096875 0.178125
0 0.421875 0.284375 0.040625 0.165625
0 0.046875 0.286719 0.093750 0.201563
0 0.528906 0.263281 0.210938 0.214062
0 0.795312 0.178125 0.131250 0.093750
1 0.764062 0.193750 0.021875 0.028125
2 0.935937 0.409375 0.112500 0.009375
2 0.749219 0.462500 0.501563 0.159375
2 0.521094 0.375000 0.060937 0.018750
21 0.094531 0.519531 0.189062 0.198437
21 0.211719 0.432812 0.042188 0.056250
21 0.403125 0.403125 0.043750 0.043750
21 0.296094 0.403125 0.126562 0.062500
21 0.598437 0.355469 0.075000 0.035937
21 0.656250 0.350000 0.031250 0.031250
21 0.705469 0.339844 0.042188 0.026562
21 0.760938 0.335938 0.034375 0.021875
22 0.094531 0.519531 0.189062 0.198437
22 0.211719 0.432812 0.042188 0.056250
22 0.403125 0.403125 0.043750 0.043750
22 0.296094 0.403125 0.126562 0.062500
22 0.598437 0.355469 0.075000 0.035937
22 0.656250 0.350000 0.031250 0.031250
22 0.705469 0.339844 0.042188 0.026562
22 0.760938 0.335938 0.034375 0.021875