0 0.897656 0.235937 0.192188 0.412500
0 0.815625 0.033594 0.031250 0.035937
0 0.879687 0.019531 0.084375 0.039062
0 0.746094 0.029687 0.032813 0.059375
0 0.414062 0.291406 0.828125 0.582812
1 0.579688 0.063281 0.025000 0.035937
2 0.519531 0.860156 0.960938 0.279687
2 0.098437 0.605469 0.087500 0.048438
2 0.248438 0.587500 0.134375 0.056250
2 0.463281 0.536719 0.035937 0.060937
2 0.584375 0.524219 0.521875 0.154688
2 0.930469 0.484375 0.139063 0.128125
12 0.817969 0.636719 0.098437 0.120313
12 0.937500 0.628906 0.125000 0.132812
20 0.153906 0.591406 0.073438 0.173437
20 0.050781 0.650000 0.101562 0.378125
21 0.153906 0.591406 0.073438 0.173437
21 0.050781 0.650000 0.101562 0.378125
23 0.089063 0.557813 0.043750 0.068750
24 0.089063 0.557813 0.043750 0.068750