0 0.746875 0.689063 0.015625 0.056250
0 0.767969 0.682031 0.032813 0.067187
0 0.659375 0.651563 0.056250 0.146875
0 0.710938 0.642188 0.037500 0.165625
0 0.785156 0.496094 0.042188 0.076563
0 0.243750 0.367188 0.328125 0.731250
1 0.110937 0.353125 0.034375 0.040625
1 0.613281 0.296094 0.029687 0.039062
2 0.838281 0.836719 0.323437 0.185938
3 0.827344 0.683594 0.098437 0.189062
3 0.931250 0.666406 0.137500 0.282813
6 0.493750 0.714844 0.034375 0.051562
6 0.398438 0.742188 0.150000 0.165625
8 0.107813 0.730469 0.215625 0.235937
12 0.510938 0.767969 0.084375 0.010937
23 0.053906 0.939063 0.107813 0.121875
23 0.276562 0.758594 0.134375 0.107813
23 0.707812 0.716406 0.021875 0.032813
23 0.667188 0.714844 0.050000 0.042188
23 0.562500 0.730469 0.134375 0.107813
24 0.053906 0.939063 0.107813 0.121875
24 0.276562 0.758594 0.134375 0.107813
24 0.707812 0.716406 0.021875 0.032813
24 0.667188 0.714844 0.050000 0.042188
24 0.562500 0.730469 0.134375 0.107813