0 0.500000 0.453906 1.000000 0.907813
1 0.467187 0.031250 0.021875 0.062500
2 0.123438 0.914062 0.118750 0.171875
2 0.969531 0.748437 0.060937 0.103125
2 0.746875 0.682813 0.037500 0.034375
2 0.365625 0.669531 0.050000 0.085938
2 0.729688 0.614062 0.165625 0.053125
6 0.407031 0.591406 0.082812 0.142187
10 0.649219 0.596094 0.042188 0.057813
23 0.275000 0.832812 0.212500 0.303125
23 0.855469 0.707812 0.185938 0.184375
23 0.580469 0.608594 0.139063 0.182812
23 0.492188 0.547656 0.034375 0.079687
24 0.275000 0.832812 0.212500 0.303125
24 0.855469 0.707812 0.185938 0.184375
24 0.580469 0.608594 0.139063 0.182812
24 0.492188 0.547656 0.034375 0.079687