0 0.693750 0.625000 0.018750 0.043750
0 0.657813 0.625000 0.050000 0.043750
0 0.972656 0.634375 0.029687 0.093750
0 0.930469 0.613281 0.029687 0.051562
0 0.877344 0.610156 0.051562 0.070312
0 0.813281 0.607031 0.051562 0.064062
0 0.580469 0.601562 0.082812 0.084375
0 0.648438 0.599219 0.046875 0.085938
0 0.402344 0.633594 0.114062 0.154688
0 0.570312 0.352344 0.162500 0.295312
0 0.961719 0.212500 0.076563 0.159375
0 0.792969 0.150781 0.114062 0.154688
3 0.673438 0.689063 0.075000 0.021875
8 0.514062 0.610938 0.053125 0.031250
8 0.469531 0.611719 0.020313 0.032813
23 0.686719 0.659375 0.032813 0.028125
23 0.655469 0.656250 0.032813 0.034375
23 0.853125 0.706250 0.293750 0.137500
23 0.537500 0.682813 0.237500 0.118750
23 0.222656 0.703125 0.445312 0.593750
24 0.686719 0.659375 0.032813 0.028125
24 0.655469 0.656250 0.032813 0.034375
24 0.853125 0.706250 0.293750 0.137500
24 0.537500 0.682813 0.237500 0.118750
24 0.222656 0.703125 0.445312 0.593750