0 0.152344 0.393750 0.045312 0.075000
0 0.087500 0.335156 0.065625 0.064062
2 0.153906 0.564844 0.307812 0.082812
2 0.807813 0.582812 0.384375 0.140625
2 0.574219 0.517188 0.076563 0.025000
3 0.325781 0.497656 0.057813 0.026562
3 0.252344 0.497656 0.082812 0.026562
3 0.654687 0.489844 0.050000 0.060937
3 0.717969 0.493750 0.060937 0.071875
3 0.507812 0.453906 0.021875 0.032813
3 0.621875 0.472656 0.006250 0.079687
3 0.539062 0.467187 0.034375 0.078125
3 0.585938 0.462500 0.053125 0.100000
3 0.912500 0.478125 0.175000 0.171875
3 0.725000 0.410938 0.043750 0.040625
5 0.115625 0.550000 0.231250 0.087500
7 0.657813 0.502344 0.018750 0.026562
7 0.239844 0.500781 0.020313 0.029687
7 0.571094 0.492188 0.042188 0.046875
12 0.374219 0.539844 0.145313 0.010937
23 0.875000 0.525781 0.093750 0.048438
23 0.471094 0.517188 0.129688 0.100000
24 0.875000 0.525781 0.093750 0.048438
24 0.471094 0.517188 0.129688 0.100000