0 0.127344 0.671875 0.023438 0.053125
0 0.077344 0.671094 0.048438 0.054688
0 0.405469 0.649219 0.032813 0.048438
0 0.450000 0.641406 0.056250 0.048438
0 0.583594 0.638281 0.073438 0.045312
0 0.500781 0.637500 0.045312 0.050000
0 0.185938 0.650000 0.056250 0.112500
0 0.298438 0.631250 0.090625 0.084375
0 0.023438 0.611719 0.040625 0.104688
0 0.888281 0.579688 0.223438 0.112500
0 0.703125 0.561719 0.165625 0.176563
3 0.224219 0.731250 0.385937 0.121875
3 0.718750 0.646875 0.087500 0.025000
4 0.353906 0.638281 0.032813 0.070312
4 0.092969 0.610156 0.026562 0.173437
4 0.770312 0.548438 0.037500 0.168750
4 0.121094 0.556250 0.051562 0.306250
5 0.053125 0.698438 0.059375 0.050000