0 0.249219 0.585156 0.057813 0.060937
0 0.502344 0.569531 0.042188 0.035937
0 0.169531 0.580469 0.014063 0.073438
0 0.220312 0.571094 0.071875 0.098437
0 0.218750 0.489063 0.056250 0.053125
0 0.950781 0.484375 0.098437 0.184375
0 0.736719 0.460156 0.395313 0.279687
0 0.112500 0.416406 0.225000 0.529687
2 0.019531 0.691406 0.039062 0.045312
2 0.703906 0.832031 0.592187 0.335938
4 0.178906 0.581250 0.007812 0.078125
4 0.164062 0.558594 0.015625 0.095312
11 0.689063 0.736719 0.621875 0.329688
21 0.164844 0.697656 0.273438 0.198437
21 0.346094 0.675781 0.129688 0.176563
22 0.164844 0.697656 0.273438 0.198437
22 0.346094 0.675781 0.129688 0.176563