0 0.525781 0.552344 0.032813 0.032813
0 0.472656 0.557813 0.035937 0.056250
0 0.081250 0.599219 0.162500 0.270313
0 0.594531 0.470313 0.079687 0.184375
0 0.823438 0.369531 0.218750 0.189062
1 0.282031 0.114062 0.039062 0.034375
2 0.831250 0.761719 0.337500 0.317188
2 0.621094 0.584375 0.076563 0.034375
4 0.471094 0.491406 0.048438 0.192188
5 0.472656 0.607031 0.045312 0.039062
5 0.717187 0.507031 0.337500 0.148438
13 0.535156 0.500000 0.117188 0.118750
23 0.284375 0.626563 0.350000 0.296875
23 0.887500 0.419531 0.043750 0.039062
24 0.284375 0.626563 0.350000 0.296875
24 0.887500 0.419531 0.043750 0.039062