0 0.955469 0.710938 0.026562 0.065625
0 0.884375 0.700000 0.040625 0.046875
0 0.912500 0.705469 0.034375 0.067187
0 0.008594 0.671875 0.017188 0.040625
0 0.478125 0.662500 0.028125 0.043750
0 0.699219 0.582812 0.270313 0.287500
2 0.986719 0.853125 0.026562 0.046875
2 0.837500 0.868750 0.146875 0.081250
2 0.196875 0.736719 0.112500 0.060937
2 0.446094 0.723437 0.170313 0.062500
3 0.964844 0.766406 0.035937 0.051562
3 0.750781 0.742969 0.395313 0.092188
3 0.487500 0.707812 0.100000 0.056250
3 0.157812 0.686719 0.031250 0.026562
3 0.115625 0.687500 0.050000 0.028125
3 0.057031 0.692187 0.029687 0.037500
16 0.922656 0.791406 0.057813 0.104688
21 0.113281 0.714063 0.051562 0.046875
22 0.113281 0.714063 0.051562 0.046875