0 0.391406 0.629687 0.023438 0.096875
0 0.404687 0.595313 0.046875 0.187500
0 0.778125 0.535937 0.443750 0.293750
2 0.215625 0.819531 0.431250 0.217188
3 0.118750 0.695312 0.237500 0.071875
5 0.929688 0.710938 0.084375 0.015625
5 0.062500 0.751563 0.125000 0.118750
7 0.242188 0.684375 0.015625 0.037500
11 0.470313 0.681250 0.034375 0.028125
23 0.439844 0.683594 0.060937 0.032813
23 0.964063 0.789062 0.071875 0.262500
23 0.308594 0.672656 0.042188 0.029687
23 0.652344 0.751563 0.495312 0.496875
24 0.439844 0.683594 0.060937 0.032813
24 0.964063 0.789062 0.071875 0.262500
24 0.308594 0.672656 0.042188 0.029687
24 0.652344 0.751563 0.495312 0.496875