0 0.542188 0.601562 0.050000 0.034375
0 0.503125 0.599219 0.015625 0.039062
0 0.792969 0.590625 0.014063 0.037500
0 0.630469 0.575781 0.054688 0.035937
0 0.469531 0.584375 0.045312 0.065625
0 0.937500 0.569531 0.125000 0.051562
3 0.372656 0.611719 0.085938 0.029687
5 0.935937 0.659375 0.128125 0.053125
5 0.791406 0.646875 0.017188 0.037500
5 0.667188 0.639844 0.131250 0.039062
5 0.555469 0.631250 0.085938 0.025000
11 0.584375 0.510156 0.831250 0.492188
11 0.092188 0.380469 0.184375 0.279687
21 0.883594 0.740625 0.029687 0.046875
21 0.907031 0.682813 0.042188 0.021875
22 0.883594 0.740625 0.029687 0.046875
22 0.907031 0.682813 0.042188 0.021875