0 0.270313 0.533594 0.078125 0.051562
0 0.337500 0.521094 0.034375 0.067187
0 0.410156 0.510938 0.089063 0.075000
0 0.543750 0.496875 0.159375 0.075000
0 0.121875 0.468750 0.206250 0.106250
0 0.918750 0.415625 0.162500 0.134375
2 0.282031 0.615625 0.045312 0.031250
2 0.332813 0.594531 0.043750 0.029687
2 0.885156 0.603906 0.082812 0.057813
5 0.127344 0.592187 0.220312 0.159375
5 0.584375 0.505469 0.028125 0.035937
5 0.621875 0.504687 0.040625 0.043750
23 0.129688 0.653125 0.215625 0.187500
23 0.446875 0.519531 0.021875 0.039062
23 0.700000 0.564063 0.096875 0.153125
23 0.861719 0.501563 0.126562 0.103125
24 0.129688 0.653125 0.215625 0.187500
24 0.446875 0.519531 0.021875 0.039062
24 0.700000 0.564063 0.096875 0.153125
24 0.861719 0.501563 0.126562 0.103125