0 0.527344 0.668750 0.023438 0.025000
0 0.457031 0.664844 0.039062 0.039062
0 0.407813 0.660156 0.021875 0.035937
0 0.063281 0.624219 0.126562 0.182812
2 0.023438 0.812500 0.046875 0.018750
2 0.848437 0.883594 0.303125 0.232813
2 0.030469 0.767969 0.060937 0.014063
2 0.632812 0.796875 0.243750 0.128125
2 0.463281 0.717187 0.079687 0.015625
5 0.031250 0.739062 0.062500 0.050000
5 0.128125 0.728125 0.059375 0.037500
5 0.446875 0.695312 0.056250 0.025000
6 0.354687 0.675781 0.062500 0.095312
7 0.725000 0.716406 0.050000 0.092188
10 0.073438 0.756250 0.031250 0.046875
10 0.113281 0.746875 0.042188 0.056250
12 0.303125 0.864844 0.606250 0.082812
14 0.085156 0.734375 0.048438 0.084375
23 0.228125 0.752344 0.200000 0.120313
23 0.562500 0.703125 0.128125 0.056250
23 0.395313 0.707812 0.059375 0.065625
24 0.228125 0.752344 0.200000 0.120313
24 0.562500 0.703125 0.128125 0.056250
24 0.395313 0.707812 0.059375 0.065625