0 0.090625 0.746094 0.025000 0.035937
0 0.614062 0.636719 0.040625 0.035937
0 0.430469 0.664844 0.179688 0.101562
0 0.653906 0.633594 0.035937 0.042188
0 0.691406 0.629687 0.032813 0.053125
0 0.739844 0.632812 0.060937 0.068750
0 0.578125 0.625781 0.028125 0.054688
0 0.847656 0.624219 0.142187 0.117188
0 0.871875 0.494531 0.053125 0.126562
0 0.646875 0.458594 0.171875 0.173437
0 0.155469 0.517969 0.310937 0.451562
2 0.087500 0.777344 0.025000 0.032813
2 0.154688 0.767188 0.021875 0.028125
2 0.192188 0.763281 0.050000 0.026562
20 0.054688 0.742188 0.078125 0.143750
20 0.287500 0.671875 0.040625 0.034375
20 0.378906 0.676562 0.023438 0.053125
20 0.907031 0.660937 0.023438 0.040625
20 0.590625 0.664062 0.021875 0.046875
21 0.054688 0.742188 0.078125 0.143750
21 0.287500 0.671875 0.040625 0.034375
21 0.378906 0.676562 0.023438 0.053125
21 0.907031 0.660937 0.023438 0.040625
21 0.590625 0.664062 0.021875 0.046875
23 0.312500 0.745313 0.165625 0.115625
23 0.457031 0.716406 0.126562 0.076563
23 0.960938 0.708594 0.078125 0.117188
23 0.681250 0.664062 0.175000 0.053125
24 0.312500 0.745313 0.165625 0.115625
24 0.457031 0.716406 0.126562 0.076563
24 0.960938 0.708594 0.078125 0.117188
24 0.681250 0.664062 0.175000 0.053125