0 0.566406 0.442188 0.329688 0.318750
0 0.492969 0.212500 0.017188 0.053125
0 0.752344 0.312500 0.495312 0.625000
2 0.585156 0.630469 0.095312 0.029687
2 0.557813 0.600781 0.040625 0.023438
2 0.501563 0.592187 0.062500 0.031250
3 0.099219 0.605469 0.085938 0.064062
3 0.615625 0.589844 0.062500 0.045312
9 0.611719 0.593750 0.026562 0.031250
21 0.423438 0.574219 0.071875 0.029687
21 0.117188 0.559375 0.025000 0.031250
21 0.810156 0.689063 0.379688 0.303125
22 0.423438 0.574219 0.071875 0.029687
22 0.117188 0.559375 0.025000 0.031250
22 0.810156 0.689063 0.379688 0.303125