0 0.160938 0.465625 0.190625 0.212500
0 0.034375 0.418750 0.068750 0.318750
0 0.676562 0.336719 0.646875 0.673438
3 0.205469 0.665625 0.410938 0.193750
5 0.345313 0.667188 0.150000 0.181250
7 0.838281 0.604688 0.139063 0.187500
11 0.317969 0.555469 0.079687 0.026562
20 0.602344 0.589063 0.045312 0.153125
21 0.602344 0.589063 0.045312 0.153125
23 0.460938 0.585938 0.025000 0.028125
23 0.421094 0.581250 0.023438 0.031250
24 0.460938 0.585938 0.025000 0.028125
24 0.421094 0.581250 0.023438 0.031250