0 0.085938 0.670312 0.031250 0.031250
0 0.459375 0.634375 0.034375 0.037500
1 0.141406 0.082812 0.051562 0.050000
2 0.127344 0.846094 0.048438 0.026562
2 0.257031 0.736719 0.157812 0.060937
3 0.042969 0.742188 0.029687 0.084375
3 0.125000 0.725781 0.106250 0.092188
3 0.339062 0.673438 0.031250 0.043750
3 0.243750 0.701562 0.153125 0.100000
3 0.375781 0.664062 0.039062 0.034375
3 0.596094 0.617188 0.064062 0.050000
4 0.075781 0.778125 0.064062 0.193750
4 0.356250 0.660937 0.021875 0.078125
4 0.385937 0.578906 0.037500 0.198437
4 0.333594 0.494531 0.051562 0.204687
4 0.057813 0.128125 0.115625 0.071875
11 0.876563 0.492188 0.075000 0.056250
11 0.953125 0.459375 0.093750 0.137500
12 0.207031 0.787500 0.214062 0.100000