0 0.456250 0.603125 0.040625 0.053125
0 0.003906 0.620313 0.007812 0.106250
0 0.890625 0.554688 0.031250 0.034375
0 0.241406 0.482031 0.482812 0.523438
2 0.062500 0.817187 0.125000 0.059375
2 0.404687 0.727344 0.200000 0.045312
3 0.917188 0.686719 0.043750 0.082812
3 0.800000 0.660156 0.037500 0.039062
3 0.870313 0.681250 0.046875 0.087500
3 0.831250 0.662500 0.025000 0.050000
3 0.739062 0.671875 0.040625 0.078125
3 0.970313 0.636719 0.037500 0.032813
6 0.956250 0.734375 0.087500 0.175000
6 0.209375 0.725781 0.200000 0.157812
6 0.592969 0.689063 0.089063 0.140625
7 0.326562 0.716406 0.015625 0.035937
11 0.589844 0.661719 0.251563 0.095312
21 0.663281 0.707031 0.045312 0.057813
21 0.088281 0.723437 0.029687 0.093750
21 0.035937 0.731250 0.071875 0.115625
21 0.817969 0.748437 0.204687 0.193750
22 0.663281 0.707031 0.045312 0.057813
22 0.088281 0.723437 0.029687 0.093750
22 0.035937 0.731250 0.071875 0.115625
22 0.817969 0.748437 0.204687 0.193750