0 0.882812 0.579688 0.059375 0.081250
0 0.369531 0.515625 0.051562 0.131250
0 0.314063 0.516406 0.075000 0.145313
0 0.135937 0.546094 0.040625 0.204687
0 0.611719 0.475781 0.048438 0.139063
0 0.523438 0.437500 0.106250 0.231250
0 0.583594 0.317188 0.032813 0.046875
0 0.622656 0.374219 0.035937 0.170313
0 0.067969 0.467187 0.135937 0.378125
0 0.666406 0.406250 0.098437 0.262500
0 0.196875 0.453125 0.200000 0.375000
0 0.829688 0.314844 0.340625 0.629687
2 0.093750 0.719531 0.131250 0.064062
2 0.710938 0.677344 0.100000 0.051562
2 0.858594 0.656250 0.110937 0.050000
2 0.659375 0.596094 0.068750 0.054688
3 0.063281 0.645312 0.095312 0.056250
4 0.648438 0.539844 0.018750 0.101562
4 0.131250 0.584375 0.050000 0.212500
4 0.280469 0.486719 0.048438 0.257812
4 0.332813 0.419531 0.046875 0.226562
4 0.627344 0.364063 0.039062 0.190625
4 0.092969 0.330469 0.067187 0.292187
4 0.585156 0.352344 0.104688 0.582812
4 0.511719 0.088281 0.057813 0.176563
5 0.703125 0.513281 0.068750 0.132812
9 0.906250 0.578125 0.034375 0.071875
9 0.846875 0.568750 0.075000 0.121875
9 0.867188 0.490625 0.043750 0.062500
21 0.357812 0.578125 0.062500 0.096875
21 0.486719 0.600781 0.204687 0.370312
22 0.357812 0.578125 0.062500 0.096875
22 0.486719 0.600781 0.204687 0.370312