0 0.480469 0.604688 0.020313 0.100000
0 0.751563 0.555469 0.025000 0.067187
0 0.446094 0.579688 0.035937 0.159375
0 0.710938 0.535937 0.025000 0.090625
0 0.992969 0.521875 0.014063 0.065625
0 0.812500 0.521094 0.065625 0.117188
0 0.936719 0.504687 0.070312 0.106250
0 0.895312 0.501563 0.028125 0.100000
0 0.291406 0.581250 0.289062 0.312500
0 0.598437 0.531250 0.184375 0.234375
1 0.612500 0.323437 0.059375 0.050000
2 0.166406 0.744531 0.070312 0.017188
2 0.339062 0.734375 0.259375 0.043750
2 0.557813 0.700781 0.156250 0.032813
2 0.648438 0.829688 0.703125 0.340625
5 0.271094 0.710156 0.014063 0.054688
5 0.357812 0.698438 0.159375 0.075000
5 0.454688 0.675781 0.025000 0.039062
5 0.483594 0.669531 0.017188 0.032813
5 0.585156 0.657031 0.129688 0.048438
5 0.762500 0.635938 0.021875 0.037500
5 0.819531 0.628125 0.057813 0.040625
5 0.954688 0.610938 0.059375 0.034375
16 0.725000 0.699219 0.043750 0.120313
23 0.076563 0.801562 0.153125 0.321875
24 0.076563 0.801562 0.153125 0.321875