0 0.035937 0.556250 0.031250 0.040625
0 0.217969 0.488281 0.032813 0.051562
0 0.375781 0.414062 0.026562 0.059375
0 0.478906 0.415625 0.045312 0.065625
0 0.407031 0.410938 0.042188 0.062500
0 0.315625 0.431250 0.109375 0.181250
0 0.244531 0.425781 0.051562 0.176563
0 0.198437 0.367188 0.071875 0.096875
0 0.082812 0.313281 0.165625 0.223438
2 0.217188 0.561719 0.059375 0.023438
2 0.293750 0.548438 0.090625 0.028125
2 0.536719 0.496875 0.051562 0.028125
2 0.639062 0.725000 0.721875 0.550000
4 0.172656 0.425000 0.048438 0.234375
5 0.724219 0.394531 0.039062 0.020313
8 0.851562 0.298438 0.284375 0.325000
20 0.575781 0.475000 0.076563 0.187500
21 0.575781 0.475000 0.076563 0.187500
23 0.018750 0.575000 0.037500 0.125000
23 0.499219 0.489063 0.064062 0.071875
23 0.371875 0.496094 0.150000 0.117188
23 0.669531 0.438281 0.170313 0.123438
24 0.018750 0.575000 0.037500 0.125000
24 0.499219 0.489063 0.064062 0.071875
24 0.371875 0.496094 0.150000 0.117188
24 0.669531 0.438281 0.170313 0.123438