0 0.103906 0.575781 0.042188 0.073438
0 0.057813 0.582031 0.059375 0.085938
0 0.290625 0.564063 0.018750 0.053125
0 0.322656 0.554688 0.054688 0.056250
0 0.017969 0.574219 0.035937 0.110937
0 0.093750 0.507812 0.037500 0.037500
0 0.051562 0.510938 0.050000 0.046875
0 0.200781 0.553906 0.167187 0.148438
0 0.642188 0.496094 0.090625 0.082812
0 0.714844 0.466406 0.054688 0.139063
0 0.866406 0.293750 0.267188 0.503125
2 0.153906 0.641406 0.267188 0.095312
2 0.311719 0.596094 0.045312 0.035937
2 0.814844 0.546875 0.370312 0.068750
7 0.717969 0.552344 0.029687 0.042188
21 0.365625 0.575781 0.068750 0.051562
21 0.516406 0.546875 0.232813 0.071875
22 0.365625 0.575781 0.068750 0.051562
22 0.516406 0.546875 0.232813 0.071875