0 0.089063 0.457031 0.046875 0.035937
0 0.010156 0.456250 0.020313 0.065625
0 0.491406 0.403125 0.023438 0.040625
0 0.122656 0.412500 0.029687 0.109375
0 0.201563 0.341406 0.221875 0.251563
0 0.055469 0.278906 0.110937 0.195312
0 0.716406 0.514062 0.567187 0.818750
2 0.703125 0.731250 0.550000 0.537500
2 0.229687 0.525781 0.437500 0.214062
3 0.186719 0.485938 0.064062 0.056250
4 0.112500 0.332813 0.109375 0.415625
4 0.603906 0.157031 0.070312 0.314063
5 0.010156 0.500781 0.020313 0.029687
5 0.044531 0.498437 0.035937 0.037500
5 0.090625 0.488281 0.056250 0.039062
5 0.133594 0.485156 0.029687 0.042188
18 0.069531 0.397656 0.098437 0.070312