0 0.918750 0.429688 0.031250 0.028125
0 0.549219 0.428125 0.026562 0.037500
0 0.389844 0.421094 0.054688 0.042188
0 0.311719 0.351562 0.057813 0.225000
0 0.157812 0.349219 0.315625 0.592187
0 0.681250 0.222656 0.593750 0.445312
2 0.217969 0.593750 0.285938 0.075000
2 0.253906 0.567969 0.026562 0.048438
2 0.849219 0.501563 0.073438 0.059375
2 0.785156 0.485156 0.026562 0.060937
2 0.914062 0.496875 0.171875 0.109375
3 0.534375 0.473438 0.065625 0.056250
3 0.619531 0.397656 0.098437 0.029687
3 0.712500 0.396875 0.081250 0.056250
3 0.783594 0.403906 0.070312 0.095312
7 0.119531 0.571875 0.045312 0.090625
17 0.821094 0.526563 0.051562 0.137500
17 0.710156 0.494531 0.035937 0.107813
21 0.344531 0.514062 0.170313 0.156250
21 0.492188 0.453906 0.075000 0.045312
21 0.665625 0.462500 0.218750 0.146875
22 0.344531 0.514062 0.170313 0.156250
22 0.492188 0.453906 0.075000 0.045312
22 0.665625 0.462500 0.218750 0.146875