0 0.581250 0.696875 0.056250 0.031250
0 0.240625 0.478125 0.481250 0.850000
0 0.810937 0.367969 0.378125 0.735938
2 0.230469 0.898438 0.332813 0.165625
2 0.972656 0.764062 0.054688 0.015625
2 0.458594 0.772656 0.120313 0.048438
2 0.809375 0.733594 0.334375 0.039062
20 0.279687 0.796875 0.028125 0.084375
20 0.335938 0.792969 0.018750 0.092188
20 0.389844 0.784375 0.035937 0.081250
21 0.279687 0.796875 0.028125 0.084375
21 0.335938 0.792969 0.018750 0.092188
21 0.389844 0.784375 0.035937 0.081250
23 0.635156 0.742188 0.048438 0.050000
23 0.582031 0.757031 0.085938 0.107813
24 0.635156 0.742188 0.048438 0.050000
24 0.582031 0.757031 0.085938 0.107813