0 0.938281 0.596094 0.123438 0.079687
0 0.306250 0.569531 0.015625 0.035937
0 0.632031 0.575000 0.007812 0.087500
0 0.761719 0.581250 0.220312 0.112500
0 0.584375 0.578906 0.059375 0.117188
0 0.146094 0.591406 0.292187 0.154688
1 0.890625 0.122656 0.028125 0.020313
2 0.408594 0.753906 0.114062 0.014063
2 0.741406 0.733594 0.517188 0.054688
2 0.364844 0.730469 0.264062 0.048438
3 0.469531 0.613281 0.048438 0.160938
5 0.739844 0.664844 0.420312 0.070312
6 0.269531 0.630469 0.042188 0.089063
6 0.321875 0.578906 0.050000 0.054688
6 0.400000 0.591406 0.100000 0.089063
21 0.968750 0.650781 0.062500 0.073438
21 0.707812 0.623437 0.112500 0.028125
21 0.396094 0.641406 0.082812 0.070312
21 0.315625 0.642969 0.040625 0.079687
21 0.187500 0.642188 0.087500 0.084375
22 0.968750 0.650781 0.062500 0.073438
22 0.707812 0.623437 0.112500 0.028125
22 0.396094 0.641406 0.082812 0.070312
22 0.315625 0.642969 0.040625 0.079687
22 0.187500 0.642188 0.087500 0.084375