0 0.932031 0.507812 0.064062 0.040625
0 0.702344 0.403906 0.017188 0.029687
0 0.501563 0.410938 0.031250 0.059375
0 0.586719 0.407813 0.154688 0.131250
0 0.804688 0.229687 0.390625 0.459375
0 0.214844 0.428125 0.429688 0.856250
2 0.940625 0.924219 0.059375 0.151562
2 0.084375 0.877344 0.168750 0.245312
2 0.543750 0.784375 0.687500 0.431250
3 0.519531 0.617969 0.060937 0.014063
3 0.515625 0.546094 0.071875 0.023438
3 0.628906 0.599219 0.029687 0.132812
3 0.576562 0.585156 0.028125 0.114062
3 0.446875 0.598437 0.015625 0.143750
8 0.614844 0.493750 0.101562 0.118750
8 0.789062 0.531250 0.190625 0.256250
21 0.910156 0.554688 0.020313 0.053125
22 0.910156 0.554688 0.020313 0.053125