0 0.234375 0.579688 0.025000 0.037500
0 0.134375 0.558594 0.028125 0.057813
0 0.150781 0.555469 0.020313 0.054688
0 0.057813 0.578906 0.115625 0.132812
0 0.725781 0.400000 0.548438 0.350000
4 0.638281 0.379688 0.023438 0.068750
5 0.078906 0.668750 0.114062 0.050000
5 0.871875 0.509375 0.053125 0.028125
6 0.733594 0.512500 0.026562 0.025000
6 0.646875 0.513281 0.059375 0.054688
21 0.085938 0.643750 0.068750 0.028125
21 0.551562 0.575781 0.059375 0.064062
21 0.786719 0.511719 0.045312 0.026562
21 0.833594 0.504687 0.048438 0.043750
21 0.894531 0.496094 0.067187 0.042188
21 0.948438 0.488281 0.031250 0.039062
22 0.085938 0.643750 0.068750 0.028125
22 0.551562 0.575781 0.059375 0.064062
22 0.786719 0.511719 0.045312 0.026562
22 0.833594 0.504687 0.048438 0.043750
22 0.894531 0.496094 0.067187 0.042188
22 0.948438 0.488281 0.031250 0.039062