0 0.442969 0.358594 0.301563 0.242188
0 0.146094 0.356250 0.292187 0.268750
2 0.013281 0.620313 0.026562 0.028125
2 0.776563 0.704688 0.446875 0.206250
2 0.679688 0.552344 0.115625 0.010937
3 0.640625 0.542969 0.028125 0.020313
3 0.532813 0.520312 0.084375 0.081250
3 0.669531 0.513281 0.120313 0.076563
3 0.107031 0.525781 0.214062 0.101562
3 0.872656 0.507812 0.151562 0.303125
3 0.990625 0.507031 0.018750 0.332813
9 0.574219 0.580469 0.057813 0.076563
9 0.630469 0.570312 0.042188 0.100000
15 0.582812 0.508594 0.040625 0.151562
21 0.766406 0.525000 0.064062 0.103125
21 0.342187 0.632031 0.390625 0.407813
22 0.766406 0.525000 0.064062 0.103125
22 0.342187 0.632031 0.390625 0.407813