0 0.333594 0.321875 0.229687 0.234375
0 0.098437 0.271094 0.196875 0.407813
0 0.807031 0.235156 0.385937 0.470313
0 0.594531 0.190625 0.123438 0.381250
2 0.182031 0.754687 0.310937 0.181250
12 0.346875 0.679688 0.100000 0.065625
12 0.582031 0.639062 0.095312 0.053125
12 0.866406 0.585938 0.267188 0.078125
12 0.967187 0.493750 0.065625 0.053125
20 0.342187 0.596094 0.046875 0.154688
21 0.342187 0.596094 0.046875 0.154688
23 0.440625 0.616406 0.200000 0.245312
24 0.440625 0.616406 0.200000 0.245312