0 0.875000 0.062500 0.250000 0.125000
0 0.592969 0.064844 0.195312 0.129688
0 0.453125 0.064844 0.078125 0.129688
2 0.925000 0.422656 0.150000 0.082812
2 0.803125 0.420312 0.087500 0.084375
2 0.281250 0.372656 0.156250 0.095312
2 0.101562 0.353906 0.203125 0.110937
2 0.059375 0.243750 0.031250 0.028125
2 0.019531 0.245312 0.039062 0.031250
2 0.266406 0.240625 0.148438 0.025000
2 0.146875 0.238281 0.078125 0.020313
2 0.648438 0.225781 0.065625 0.014063
2 0.925781 0.215625 0.114062 0.012500
5 0.371875 0.193750 0.037500 0.068750
5 0.017188 0.192188 0.034375 0.075000
5 0.411719 0.189062 0.035937 0.078125
5 0.055469 0.187500 0.035937 0.084375
5 0.922656 0.176563 0.048438 0.068750
5 0.268750 0.179688 0.140625 0.096875
5 0.142187 0.178906 0.081250 0.098437
5 0.459375 0.161719 0.065625 0.089063
5 0.593750 0.170313 0.193750 0.109375
5 0.775000 0.164062 0.159375 0.106250
5 0.964844 0.128906 0.057813 0.039062
9 0.290625 0.220312 0.037500 0.031250
12 0.523438 0.403906 0.493750 0.107813
12 0.014844 0.280469 0.029687 0.035937
20 0.868750 0.296875 0.018750 0.071875
21 0.868750 0.296875 0.018750 0.071875
23 0.382812 0.250000 0.018750 0.040625
23 0.791406 0.256250 0.120313 0.106250
23 0.506250 0.228125 0.221875 0.084375
24 0.382812 0.250000 0.018750 0.040625
24 0.791406 0.256250 0.120313 0.106250
24 0.506250 0.228125 0.221875 0.084375