0 0.046875 0.509375 0.040625 0.037500
0 0.975781 0.429688 0.048438 0.025000
0 0.409375 0.425781 0.046875 0.023438
0 0.626563 0.413281 0.084375 0.017188
0 0.477344 0.415625 0.073438 0.034375
0 0.889844 0.416406 0.114062 0.064062
0 0.059375 0.174219 0.050000 0.067187
0 0.158594 0.099219 0.182812 0.195312
0 0.932031 0.044531 0.135937 0.089063
0 0.667969 0.013281 0.029687 0.026562
0 0.582812 0.094531 0.137500 0.189062
0 0.365625 0.046875 0.078125 0.093750
2 0.280469 0.507812 0.079687 0.009375
2 0.382812 0.503906 0.109375 0.017188
2 0.480469 0.501563 0.067187 0.015625
3 0.191406 0.485156 0.023438 0.045312
3 0.264062 0.477344 0.115625 0.054688
3 0.773438 0.461719 0.018750 0.035937
3 0.381250 0.467187 0.109375 0.068750
3 0.561719 0.455469 0.239063 0.079687
3 0.723437 0.447656 0.068750 0.067187
16 0.240625 0.566406 0.015625 0.082812
16 0.285938 0.567969 0.015625 0.089063
21 0.126562 0.491406 0.034375 0.032813
21 0.805469 0.445312 0.035937 0.034375
21 0.875000 0.441406 0.090625 0.035937
22 0.126562 0.491406 0.034375 0.032813
22 0.805469 0.445312 0.035937 0.034375
22 0.875000 0.441406 0.090625 0.035937