0 0.409375 0.585156 0.034375 0.073438
0 0.500000 0.327344 1.000000 0.654687
2 0.150781 0.786719 0.210938 0.195312
2 0.788281 0.702344 0.423438 0.157812
3 0.221875 0.663281 0.043750 0.039062
3 0.310937 0.652344 0.046875 0.035937
3 0.363281 0.644531 0.029687 0.032813
3 0.432031 0.636719 0.082812 0.042188
3 0.537500 0.622656 0.100000 0.042188
7 0.674219 0.611719 0.039062 0.079687
20 0.348438 0.636719 0.046875 0.098437
20 0.484375 0.621875 0.040625 0.090625
20 0.706250 0.590625 0.018750 0.062500
20 0.631250 0.599219 0.059375 0.082812
20 0.260156 0.642969 0.064062 0.179688
20 0.381250 0.632812 0.046875 0.165625
20 0.688281 0.587500 0.032813 0.090625
20 0.100000 0.676562 0.200000 0.340625
20 0.964063 0.456250 0.071875 0.331250
21 0.348438 0.636719 0.046875 0.098437
21 0.484375 0.621875 0.040625 0.090625
21 0.706250 0.590625 0.018750 0.062500
21 0.631250 0.599219 0.059375 0.082812
21 0.260156 0.642969 0.064062 0.179688
21 0.381250 0.632812 0.046875 0.165625
21 0.688281 0.587500 0.032813 0.090625
21 0.100000 0.676562 0.200000 0.340625
21 0.964063 0.456250 0.071875 0.331250