0 0.328906 0.709375 0.029687 0.031250
0 0.131250 0.694531 0.262500 0.067187
0 0.762500 0.661719 0.037500 0.054688
0 0.892188 0.667969 0.215625 0.148438
0 0.803906 0.567969 0.042188 0.026562
0 0.704688 0.525000 0.031250 0.025000
0 0.735156 0.517188 0.026562 0.037500
0 0.551562 0.498437 0.078125 0.050000
0 0.467969 0.469531 0.064062 0.051562
0 0.378906 0.437500 0.067187 0.034375
0 0.153125 0.403906 0.028125 0.026562
4 0.087500 0.629687 0.012500 0.078125
4 0.374219 0.604688 0.020313 0.240625
4 0.322656 0.380469 0.029687 0.064062
6 0.798438 0.690625 0.021875 0.025000
6 0.771094 0.704688 0.023438 0.056250
6 0.895312 0.696875 0.096875 0.084375
10 0.489063 0.770312 0.021875 0.050000
14 0.492188 0.742969 0.028125 0.079687
21 0.943750 0.732812 0.068750 0.018750
21 0.660937 0.735938 0.028125 0.031250
21 0.811719 0.719531 0.048438 0.032813
21 0.728125 0.738281 0.075000 0.098437
22 0.943750 0.732812 0.068750 0.018750
22 0.660937 0.735938 0.028125 0.031250
22 0.811719 0.719531 0.048438 0.032813
22 0.728125 0.738281 0.075000 0.098437