0 0.787500 0.571094 0.028125 0.073438
0 0.699219 0.326562 0.601562 0.653125
2 0.118750 0.775000 0.153125 0.100000
2 0.599219 0.664844 0.057813 0.020313
2 0.692969 0.665625 0.095312 0.025000
4 0.330469 0.470313 0.054688 0.456250
5 0.385937 0.643750 0.068750 0.050000
5 0.702344 0.621094 0.070312 0.073438
5 0.247656 0.620313 0.076563 0.125000
5 0.108594 0.610938 0.217188 0.340625
7 0.966406 0.684375 0.051562 0.103125
21 0.409375 0.665625 0.037500 0.037500
21 0.475000 0.651563 0.040625 0.025000
22 0.409375 0.665625 0.037500 0.037500
22 0.475000 0.651563 0.040625 0.025000