0 0.628906 0.686719 0.039062 0.042188
0 0.522656 0.692187 0.070312 0.062500
0 0.585156 0.687500 0.060937 0.059375
0 0.713281 0.658594 0.073438 0.064062
0 0.813281 0.650000 0.051562 0.062500
0 0.906250 0.628906 0.025000 0.048438
0 0.864062 0.639062 0.071875 0.081250
0 0.939844 0.631250 0.054688 0.071875
0 0.979688 0.624219 0.040625 0.067187
0 0.239844 0.683594 0.467187 0.292187
2 0.323437 0.814844 0.546875 0.198437
3 0.984375 0.652344 0.031250 0.042188
23 0.678125 0.692187 0.065625 0.037500
23 0.761719 0.682813 0.026562 0.028125
23 0.922656 0.686719 0.098437 0.070312
24 0.678125 0.692187 0.065625 0.037500
24 0.761719 0.682813 0.026562 0.028125
24 0.922656 0.686719 0.098437 0.070312