0 0.084375 0.846094 0.031250 0.067187
0 0.703125 0.607031 0.040625 0.023438
0 0.351562 0.634375 0.028125 0.090625
0 0.764062 0.555469 0.034375 0.057813
0 0.182812 0.446875 0.365625 0.828125
1 0.418750 0.178906 0.037500 0.023438
2 0.187500 0.900781 0.243750 0.198437
2 0.285156 0.813281 0.048438 0.054688
6 0.612500 0.615625 0.143750 0.221875
11 0.594531 0.471094 0.117188 0.104688
21 0.428906 0.739062 0.289062 0.206250
21 0.788281 0.619531 0.170313 0.085938
22 0.428906 0.739062 0.289062 0.206250
22 0.788281 0.619531 0.170313 0.085938