0 0.443750 0.496094 0.031250 0.070312
0 0.200000 0.496094 0.009375 0.089063
0 0.150781 0.473438 0.035937 0.053125
0 0.182031 0.502344 0.017188 0.114062
0 0.396875 0.445312 0.018750 0.100000
0 0.151562 0.395313 0.037500 0.081250
0 0.285938 0.269531 0.218750 0.514062
0 0.932031 0.271875 0.135937 0.543750
0 0.676562 0.271094 0.321875 0.542188
0 0.092969 0.234375 0.185938 0.468750
1 0.813281 0.164062 0.035937 0.021875
3 0.771875 0.657031 0.075000 0.098437
21 0.623437 0.603125 0.246875 0.150000
21 0.452344 0.535937 0.039062 0.031250
21 0.260937 0.577344 0.109375 0.123438
21 0.400781 0.542188 0.064062 0.093750
21 0.353906 0.497656 0.035937 0.026562
21 0.924219 0.624219 0.151562 0.289062
21 0.093750 0.584375 0.187500 0.253125
22 0.623437 0.603125 0.246875 0.150000
22 0.452344 0.535937 0.039062 0.031250
22 0.260937 0.577344 0.109375 0.123438
22 0.400781 0.542188 0.064062 0.093750
22 0.353906 0.497656 0.035937 0.026562
22 0.924219 0.624219 0.151562 0.289062
22 0.093750 0.584375 0.187500 0.253125