0 0.279687 0.796094 0.112500 0.054688
0 0.352344 0.785156 0.035937 0.051562
0 0.398438 0.773438 0.025000 0.037500
0 0.439844 0.765625 0.042188 0.062500
0 0.466406 0.745313 0.017188 0.050000
0 0.521875 0.732031 0.065625 0.070312
0 0.120313 0.775781 0.190625 0.214062
0 0.863281 0.645312 0.273438 0.178125
2 0.874219 0.881250 0.145313 0.056250
2 0.974219 0.865625 0.051562 0.037500
2 0.624219 0.814063 0.167187 0.043750
3 0.111719 0.891406 0.101562 0.073438
3 0.205469 0.860156 0.048438 0.042188
3 0.590625 0.784375 0.087500 0.034375
3 0.654687 0.785937 0.040625 0.040625
4 0.209375 0.705469 0.040625 0.289062
4 0.941406 0.281250 0.117188 0.503125
5 0.097656 0.860938 0.082812 0.046875
21 0.354687 0.806250 0.028125 0.031250
21 0.292969 0.832812 0.085938 0.103125
21 0.411719 0.805469 0.051562 0.051562
21 0.735938 0.746094 0.037500 0.064062
21 0.874219 0.732031 0.251563 0.114062
22 0.354687 0.806250 0.028125 0.031250
22 0.292969 0.832812 0.085938 0.103125
22 0.411719 0.805469 0.051562 0.051562
22 0.735938 0.746094 0.037500 0.064062
22 0.874219 0.732031 0.251563 0.114062