0 0.237500 0.658594 0.068750 0.060937
0 0.305469 0.645312 0.057813 0.071875
0 0.632031 0.603125 0.020313 0.059375
0 0.789062 0.596094 0.037500 0.060937
0 0.210938 0.613281 0.034375 0.095312
0 0.545312 0.582031 0.168750 0.110937
0 0.196094 0.483594 0.167187 0.164062
0 0.350000 0.513281 0.109375 0.267188
0 0.016406 0.376563 0.032813 0.137500
0 0.069531 0.406250 0.073438 0.215625
0 0.114844 0.291406 0.032813 0.039062
0 0.649219 0.433594 0.176563 0.392188
0 0.063281 0.216406 0.126562 0.117188
0 0.860156 0.375000 0.279687 0.500000
1 0.779687 0.417969 0.028125 0.026562
1 0.031250 0.296875 0.062500 0.071875
2 0.216406 0.748437 0.135937 0.071875
2 0.724219 0.635156 0.076563 0.023438
2 0.883594 0.632031 0.232813 0.039062
3 0.253125 0.717969 0.062500 0.045312
4 0.639062 0.422656 0.215625 0.142187
9 0.969531 0.596094 0.045312 0.045312
13 0.480469 0.621875 0.029687 0.021875
13 0.477344 0.603125 0.057813 0.018750
18 0.125000 0.336719 0.040625 0.054688
21 0.493750 0.642969 0.056250 0.026562
21 0.557031 0.638281 0.048438 0.035937
22 0.493750 0.642969 0.056250 0.026562
22 0.557031 0.638281 0.048438 0.035937