0 0.421875 0.278125 0.025000 0.028125
0 0.171094 0.321094 0.148438 0.135937
2 0.032813 0.510156 0.065625 0.032813
2 0.120313 0.479687 0.106250 0.037500
2 0.601562 0.431250 0.293750 0.065625
3 0.265625 0.405469 0.043750 0.029687
3 0.620313 0.320312 0.068750 0.100000
3 0.687500 0.285156 0.087500 0.064062
3 0.871875 0.255469 0.196875 0.107813
4 0.317188 0.341406 0.025000 0.129688
5 0.085938 0.475781 0.043750 0.029687
12 0.210156 0.792188 0.335938 0.087500
12 0.518750 0.694531 0.200000 0.120313
23 0.186719 0.442188 0.076563 0.043750
23 0.340625 0.410938 0.034375 0.028125
23 0.323437 0.591406 0.340625 0.398438
23 0.893750 0.327344 0.171875 0.110937
24 0.186719 0.442188 0.076563 0.043750
24 0.340625 0.410938 0.034375 0.028125
24 0.323437 0.591406 0.340625 0.398438
24 0.893750 0.327344 0.171875 0.110937