0 0.664844 0.471875 0.035937 0.025000
0 0.667188 0.438281 0.068750 0.039062
0 0.342187 0.443750 0.121875 0.146875
0 0.510156 0.407813 0.023438 0.078125
0 0.274219 0.421094 0.010937 0.104688
0 0.430469 0.410156 0.051562 0.132812
0 0.811719 0.358594 0.020313 0.042188
0 0.480469 0.407813 0.039062 0.146875
0 0.867188 0.262500 0.265625 0.521875
0 0.170313 0.285938 0.340625 0.571875
1 0.436719 0.250000 0.023438 0.031250
2 0.492969 0.531250 0.070312 0.018750
2 0.238281 0.632031 0.476562 0.245312
3 0.534375 0.495312 0.056250 0.018750
3 0.481250 0.496094 0.043750 0.042188
3 0.428125 0.492188 0.050000 0.034375
3 0.389062 0.492188 0.018750 0.043750
9 0.277344 0.559375 0.073438 0.146875
12 0.952344 0.544531 0.095312 0.039062
12 0.571094 0.521094 0.132812 0.014063
20 0.958594 0.507031 0.017188 0.045312
20 0.905469 0.503906 0.029687 0.039062
21 0.958594 0.507031 0.017188 0.045312
21 0.905469 0.503906 0.029687 0.039062
23 0.667969 0.503906 0.060937 0.054688
23 0.585938 0.496875 0.056250 0.040625
23 0.806250 0.521875 0.143750 0.115625
24 0.667969 0.503906 0.060937 0.054688
24 0.585938 0.496875 0.056250 0.040625
24 0.806250 0.521875 0.143750 0.115625