0 0.113281 0.714063 0.114062 0.034375
0 0.340625 0.692969 0.121875 0.023438
0 0.474219 0.673438 0.020313 0.037500
0 0.122656 0.678906 0.020313 0.051562
0 0.444531 0.670312 0.032813 0.050000
0 0.060937 0.664844 0.090625 0.070312
0 0.791406 0.621094 0.035937 0.042188
0 0.850781 0.616406 0.057813 0.045312
0 0.564063 0.638281 0.162500 0.101562
0 0.702344 0.618750 0.126562 0.106250
0 0.838281 0.569531 0.045312 0.032813
2 0.805469 0.832812 0.389062 0.228125
2 0.435156 0.710938 0.120313 0.028125
3 0.062500 0.743750 0.059375 0.037500
3 0.321875 0.668750 0.100000 0.015625
11 0.326562 0.688281 0.115625 0.048438
21 0.182812 0.729688 0.034375 0.028125
21 0.329688 0.716406 0.084375 0.048438
21 0.800781 0.660937 0.029687 0.043750
21 0.730469 0.661719 0.110937 0.076563
21 0.870313 0.627344 0.034375 0.032813
22 0.182812 0.729688 0.034375 0.028125
22 0.329688 0.716406 0.084375 0.048438
22 0.800781 0.660937 0.029687 0.043750
22 0.730469 0.661719 0.110937 0.076563
22 0.870313 0.627344 0.034375 0.032813