0 0.685937 0.599219 0.037500 0.057813
0 0.594531 0.573438 0.089063 0.059375
0 0.534375 0.571094 0.015625 0.057813
0 0.591406 0.514062 0.039062 0.053125
0 0.430469 0.472656 0.185938 0.251563
0 0.169531 0.330469 0.339062 0.617188
0 0.842187 0.318750 0.315625 0.637500
2 0.050781 0.885156 0.101562 0.229687
2 0.605469 0.664062 0.189062 0.050000
2 0.162500 0.640625 0.325000 0.028125
3 0.428125 0.617969 0.181250 0.045312
3 0.317969 0.614844 0.020313 0.042188
3 0.288281 0.611719 0.017188 0.042188
12 0.370312 0.662500 0.303125 0.031250
20 0.544531 0.612500 0.017188 0.087500
20 0.303125 0.605469 0.018750 0.073438
20 0.716406 0.594531 0.042188 0.054688
20 0.125000 0.605469 0.025000 0.076563
20 0.053125 0.599219 0.037500 0.073438
20 0.520312 0.612500 0.025000 0.103125
20 0.601562 0.616406 0.050000 0.117188
21 0.544531 0.612500 0.017188 0.087500
21 0.303125 0.605469 0.018750 0.073438
21 0.716406 0.594531 0.042188 0.054688
21 0.125000 0.605469 0.025000 0.076563
21 0.053125 0.599219 0.037500 0.073438
21 0.520312 0.612500 0.025000 0.103125
21 0.601562 0.616406 0.050000 0.117188
23 0.846875 0.668750 0.306250 0.187500
24 0.846875 0.668750 0.306250 0.187500