0 0.356250 0.657031 0.025000 0.035937
0 0.428125 0.641406 0.118750 0.082812
0 0.953906 0.542969 0.070312 0.073438
0 0.837500 0.532031 0.034375 0.170313
0 0.947656 0.461719 0.060937 0.098437
0 0.853125 0.485156 0.050000 0.164062
0 0.984375 0.477344 0.031250 0.182812
0 0.877344 0.383594 0.076563 0.151562
0 0.783594 0.457031 0.110937 0.310937
1 0.757031 0.014063 0.039062 0.028125
7 0.700781 0.639844 0.026562 0.039062
18 0.877344 0.581250 0.035937 0.093750
18 0.905469 0.571094 0.035937 0.092188
20 0.955469 0.599219 0.073438 0.067187
21 0.336719 0.689844 0.073438 0.042188
21 0.393750 0.678125 0.037500 0.028125
21 0.152344 0.775781 0.254688 0.285938
21 0.596875 0.647656 0.028125 0.039062
22 0.336719 0.689844 0.073438 0.042188
22 0.393750 0.678125 0.037500 0.028125
22 0.152344 0.775781 0.254688 0.285938
22 0.596875 0.647656 0.028125 0.039062