0 0.142969 0.550000 0.032813 0.059375
0 0.496094 0.410156 0.067187 0.129688
0 0.217188 0.346094 0.434375 0.651563
0 0.752344 0.242969 0.457813 0.485938
2 0.114062 0.671094 0.181250 0.104688
2 0.332031 0.546875 0.179688 0.071875
6 0.485938 0.482031 0.028125 0.048438
7 0.170313 0.623437 0.021875 0.043750
21 0.118750 0.583594 0.084375 0.048438
21 0.207031 0.574219 0.073438 0.051562
21 0.441406 0.508594 0.042188 0.064062
21 0.732031 0.644531 0.535937 0.570312
22 0.118750 0.583594 0.084375 0.048438
22 0.207031 0.574219 0.073438 0.051562
22 0.441406 0.508594 0.042188 0.064062
22 0.732031 0.644531 0.535937 0.570312