0 0.496094 0.655469 0.051562 0.101562
0 0.460156 0.649219 0.029687 0.101562
0 0.514062 0.513281 0.156250 0.370312
0 0.782031 0.495312 0.232813 0.396875
0 0.226562 0.385937 0.453125 0.718750
0 0.914844 0.316406 0.170313 0.632812
2 0.315625 0.874219 0.490625 0.251563
3 0.544531 0.712500 0.035937 0.031250
3 0.507031 0.715625 0.042188 0.050000
3 0.244531 0.789062 0.417187 0.221875
3 0.808594 0.673438 0.089063 0.043750
23 0.927344 0.692969 0.145313 0.160938
23 0.650781 0.705469 0.185938 0.289062
24 0.927344 0.692969 0.145313 0.160938
24 0.650781 0.705469 0.185938 0.289062