0 0.703906 0.536719 0.045312 0.032813
0 0.823438 0.547656 0.062500 0.095312
0 0.775781 0.541406 0.029687 0.098437
0 0.874219 0.557813 0.035937 0.143750
0 0.043750 0.078906 0.012500 0.117188
0 0.806250 0.312500 0.387500 0.625000
0 0.315625 0.292187 0.275000 0.584375
0 0.083594 0.266406 0.117188 0.532813
0 0.014063 0.263281 0.028125 0.526563
2 0.125000 0.831250 0.250000 0.337500
2 0.832812 0.620313 0.168750 0.053125
2 0.439844 0.579688 0.139063 0.059375
2 0.042188 0.542188 0.034375 0.025000
4 0.861719 0.485156 0.014063 0.142187
4 0.510156 0.445312 0.073438 0.243750
4 0.870313 0.296094 0.012500 0.132812
4 0.350781 0.362500 0.017188 0.378125
4 0.147656 0.397656 0.107813 0.795312
7 0.854688 0.577344 0.021875 0.045312
7 0.103906 0.569531 0.101562 0.176563
20 0.901563 0.582031 0.018750 0.089063
20 0.426563 0.559375 0.025000 0.059375
20 0.399219 0.552344 0.020313 0.067187
21 0.901563 0.582031 0.018750 0.089063
21 0.426563 0.559375 0.025000 0.059375
21 0.399219 0.552344 0.020313 0.067187
23 0.954688 0.636719 0.090625 0.117188
23 0.632812 0.573438 0.237500 0.100000
23 0.275000 0.554688 0.200000 0.118750
24 0.954688 0.636719 0.090625 0.117188
24 0.632812 0.573438 0.237500 0.100000
24 0.275000 0.554688 0.200000 0.118750