0 0.091406 0.732031 0.029687 0.060937
0 0.047656 0.724219 0.039062 0.085938
0 0.139844 0.703906 0.110937 0.110937
0 0.272656 0.667188 0.045312 0.053125
0 0.337500 0.660156 0.050000 0.064062
0 0.417969 0.626563 0.079687 0.068750
0 0.463281 0.617188 0.023438 0.062500
0 0.874219 0.519531 0.089063 0.054688
0 0.225781 0.279687 0.451562 0.446875
2 0.142969 0.818750 0.185938 0.062500
2 0.363281 0.740625 0.157812 0.040625
2 0.502344 0.659375 0.132812 0.065625
2 0.946094 0.635156 0.051562 0.023438
2 0.886719 0.597656 0.154688 0.026562
2 0.784375 0.595313 0.053125 0.031250
4 0.796875 0.439844 0.062500 0.142187
5 0.411719 0.668750 0.045312 0.031250
5 0.449219 0.661719 0.026562 0.026562
5 0.485156 0.656250 0.045312 0.028125
21 0.050781 0.760938 0.029687 0.028125
21 0.272656 0.714063 0.045312 0.018750
21 0.792188 0.692969 0.131250 0.139063
21 0.634375 0.657813 0.159375 0.131250
21 0.674219 0.608594 0.048438 0.039062
21 0.726562 0.564844 0.050000 0.017188
21 0.878906 0.547656 0.079687 0.026562
22 0.050781 0.760938 0.029687 0.028125
22 0.272656 0.714063 0.045312 0.018750
22 0.792188 0.692969 0.131250 0.139063
22 0.634375 0.657813 0.159375 0.131250
22 0.674219 0.608594 0.048438 0.039062
22 0.726562 0.564844 0.050000 0.017188
22 0.878906 0.547656 0.079687 0.026562