0 0.606250 0.557031 0.046875 0.023438
0 0.666406 0.547656 0.045312 0.039062
0 0.606250 0.532031 0.071875 0.017188
0 0.539844 0.543750 0.054688 0.056250
0 0.329688 0.531250 0.362500 0.068750
0 0.073438 0.503906 0.146875 0.035937
0 0.382812 0.489844 0.109375 0.017188
13 0.603125 0.543750 0.065625 0.025000
13 0.753906 0.532031 0.076563 0.070312
13 0.641406 0.501563 0.142187 0.121875
13 0.285156 0.425000 0.570312 0.218750
23 0.441406 0.598437 0.039062 0.040625
23 0.235937 0.644531 0.162500 0.154688
23 0.052344 0.572656 0.104688 0.095312
24 0.441406 0.598437 0.039062 0.040625
24 0.235937 0.644531 0.162500 0.154688
24 0.052344 0.572656 0.104688 0.095312