0 0.393750 0.562500 0.012500 0.043750
0 0.529687 0.517969 0.031250 0.045312
0 0.461719 0.512500 0.101562 0.056250
0 0.201563 0.535156 0.062500 0.170313
0 0.532031 0.471094 0.042188 0.048438
0 0.384375 0.514844 0.034375 0.139063
0 0.610938 0.505469 0.112500 0.139063
0 0.292969 0.458594 0.120313 0.295312
0 0.086719 0.273438 0.173437 0.546875
2 0.920312 0.767969 0.159375 0.157812
2 0.757031 0.674219 0.126562 0.089063
2 0.647656 0.621094 0.095312 0.023438
3 0.615625 0.595313 0.037500 0.040625
3 0.727344 0.603906 0.179688 0.095312
3 0.917969 0.592187 0.164062 0.165625
5 0.919531 0.685156 0.160938 0.067187
5 0.774219 0.664062 0.089063 0.040625
5 0.555469 0.618750 0.039062 0.037500
5 0.353125 0.609375 0.165625 0.068750
5 0.521875 0.603125 0.025000 0.068750
11 0.454688 0.600781 0.112500 0.067187
21 0.481250 0.622656 0.043750 0.035937
21 0.398438 0.630469 0.090625 0.054688
21 0.534375 0.624219 0.040625 0.048438
21 0.285156 0.613281 0.032813 0.035937
21 0.133594 0.634375 0.267188 0.240625
22 0.481250 0.622656 0.043750 0.035937
22 0.398438 0.630469 0.090625 0.054688
22 0.534375 0.624219 0.040625 0.048438
22 0.285156 0.613281 0.032813 0.035937
22 0.133594 0.634375 0.267188 0.240625