0 0.953125 0.416406 0.034375 0.042188
0 0.987500 0.401562 0.015625 0.056250
0 0.295312 0.452344 0.068750 0.182812
0 0.360156 0.402344 0.110937 0.176563
0 0.654687 0.348438 0.300000 0.118750
0 0.871094 0.346094 0.064062 0.207813
0 0.906250 0.339844 0.059375 0.214062
0 0.039062 0.081250 0.059375 0.025000
1 0.378125 0.119531 0.021875 0.048438
4 0.313281 0.415625 0.039062 0.246875
4 0.927344 0.355469 0.032813 0.164062
4 0.887500 0.324219 0.043750 0.248438
23 0.281250 0.792188 0.543750 0.415625
23 0.312500 0.567969 0.046875 0.064062
23 0.628125 0.665625 0.396875 0.315625
23 0.908594 0.504687 0.182812 0.156250
24 0.281250 0.792188 0.543750 0.415625
24 0.312500 0.567969 0.046875 0.064062
24 0.628125 0.665625 0.396875 0.315625
24 0.908594 0.504687 0.182812 0.156250