0 0.372656 0.663281 0.051562 0.029687
0 0.457813 0.652344 0.040625 0.029687
0 0.757812 0.610938 0.059375 0.068750
0 0.136719 0.593750 0.057813 0.059375
0 0.630469 0.574219 0.032813 0.039062
0 0.253125 0.566406 0.071875 0.079687
0 0.541406 0.585938 0.142187 0.156250
0 0.369531 0.585156 0.167187 0.192188
0 0.914844 0.485156 0.026562 0.064062
0 0.936719 0.471875 0.042188 0.062500
1 0.867188 0.346875 0.025000 0.037500
2 0.175781 0.760156 0.120313 0.020313
2 0.485938 0.731250 0.096875 0.046875
2 0.527344 0.684375 0.035937 0.031250
2 0.765625 0.647656 0.150000 0.048438
2 0.893750 0.602344 0.103125 0.057813
3 0.792188 0.621094 0.056250 0.032813
7 0.200781 0.746094 0.017188 0.039062
8 0.631250 0.653906 0.159375 0.089063
8 0.796094 0.596094 0.039062 0.039062
12 0.197656 0.832031 0.307812 0.114062
12 0.635156 0.696094 0.204687 0.051562
21 0.041406 0.738281 0.029687 0.082812
21 0.339844 0.732031 0.210938 0.123438
21 0.989844 0.633594 0.020313 0.120313
22 0.041406 0.738281 0.029687 0.082812
22 0.339844 0.732031 0.210938 0.123438
22 0.989844 0.633594 0.020313 0.120313