0 0.699219 0.562500 0.060937 0.043750
0 0.210156 0.574219 0.173437 0.160938
0 0.385937 0.537500 0.137500 0.159375
0 0.513281 0.517969 0.101562 0.151562
0 0.639062 0.455469 0.159375 0.114062
2 0.380469 0.655469 0.692187 0.179688
2 0.935156 0.585156 0.129688 0.042188
4 0.562500 0.478125 0.059375 0.290625
4 0.984375 0.396875 0.031250 0.146875
4 0.957031 0.421094 0.064062 0.273438
12 0.233594 0.786719 0.370312 0.201563
13 0.812500 0.489844 0.162500 0.064062
13 0.926562 0.452344 0.059375 0.032813
21 0.060156 0.695312 0.070312 0.043750
21 0.147656 0.672656 0.104688 0.057813
21 0.276562 0.655469 0.103125 0.045312
21 0.368750 0.639844 0.087500 0.048438
21 0.519531 0.607031 0.117188 0.054688
21 0.605469 0.591406 0.045312 0.032813
21 0.743750 0.571094 0.043750 0.042188
21 0.854688 0.547656 0.146875 0.029687
22 0.060156 0.695312 0.070312 0.043750
22 0.147656 0.672656 0.104688 0.057813
22 0.276562 0.655469 0.103125 0.045312
22 0.368750 0.639844 0.087500 0.048438
22 0.519531 0.607031 0.117188 0.054688
22 0.605469 0.591406 0.045312 0.032813
22 0.743750 0.571094 0.043750 0.042188
22 0.854688 0.547656 0.146875 0.029687