0 0.460938 0.614062 0.040625 0.031250
0 0.576562 0.608594 0.034375 0.060937
0 0.663281 0.592969 0.057813 0.107813
0 0.759375 0.590625 0.115625 0.121875
0 0.912500 0.535937 0.175000 0.146875
2 0.170313 0.698438 0.340625 0.065625
3 0.802344 0.629687 0.029687 0.037500
3 0.875000 0.624219 0.096875 0.048438
3 0.962500 0.619531 0.075000 0.054688
3 0.359375 0.617188 0.015625 0.096875
3 0.172656 0.550781 0.345313 0.092188
5 0.417187 0.617188 0.031250 0.068750
5 0.350000 0.622656 0.009375 0.089063
5 0.171875 0.638281 0.343750 0.142187
23 0.457031 0.666406 0.079687 0.076563
24 0.457031 0.666406 0.079687 0.076563