0 0.140625 0.554688 0.062500 0.040625
0 0.048438 0.557031 0.093750 0.045312
0 0.260937 0.545312 0.028125 0.031250
0 0.220312 0.555469 0.050000 0.051562
0 0.289062 0.542969 0.021875 0.029687
0 0.320312 0.544531 0.028125 0.042188
0 0.414844 0.535937 0.064062 0.053125
0 0.501563 0.531250 0.018750 0.056250
0 0.642969 0.436719 0.035937 0.045312
0 0.707031 0.441406 0.085938 0.079687
0 0.807813 0.436719 0.134375 0.073438
2 0.264844 0.739062 0.442188 0.312500
2 0.823438 0.560937 0.353125 0.025000
3 0.824219 0.512500 0.351562 0.084375
4 0.492969 0.502344 0.035937 0.151562
4 0.751563 0.440625 0.031250 0.093750
4 0.608594 0.428125 0.048438 0.109375
4 0.650000 0.405469 0.065625 0.248438
4 0.433594 0.432812 0.057813 0.321875
23 0.348438 0.604688 0.078125 0.087500
23 0.425000 0.582812 0.056250 0.050000
23 0.160938 0.664844 0.300000 0.217188
23 0.616406 0.550781 0.035937 0.039062
23 0.549219 0.570312 0.098437 0.084375
24 0.348438 0.604688 0.078125 0.087500
24 0.425000 0.582812 0.056250 0.050000
24 0.160938 0.664844 0.300000 0.217188
24 0.616406 0.550781 0.035937 0.039062
24 0.549219 0.570312 0.098437 0.084375