0 0.442969 0.485156 0.023438 0.042188
0 0.487500 0.490625 0.062500 0.062500
0 0.571875 0.460938 0.037500 0.031250
0 0.131250 0.439063 0.262500 0.234375
0 0.388281 0.340625 0.051562 0.103125
0 0.899219 0.280469 0.201563 0.204687
0 0.582031 0.275781 0.317188 0.351562
2 0.217969 0.731250 0.435937 0.431250
2 0.605469 0.510938 0.135937 0.034375
2 0.961719 0.508594 0.076563 0.035937
3 0.781250 0.765625 0.437500 0.468750
3 0.115625 0.546094 0.231250 0.132812
3 0.327344 0.521875 0.035937 0.103125
3 0.250781 0.537500 0.107813 0.134375
4 0.414844 0.351562 0.010937 0.137500
4 0.357812 0.341406 0.031250 0.460938
5 0.216406 0.614062 0.057813 0.021875
5 0.094531 0.614844 0.189062 0.035937
5 0.402344 0.525000 0.035937 0.021875
5 0.607031 0.482031 0.020313 0.029687
5 0.971094 0.469531 0.048438 0.045312
8 0.842187 0.466406 0.209375 0.117188
11 0.645312 0.467187 0.187500 0.071875
11 0.503125 0.442969 0.096875 0.048438
11 0.264844 0.435156 0.051562 0.070312
15 0.489844 0.506250 0.026562 0.046875
15 0.452344 0.512500 0.023438 0.068750
15 0.528125 0.512500 0.028125 0.084375
23 0.157031 0.542188 0.051562 0.025000
23 0.715625 0.492188 0.043750 0.037500
24 0.157031 0.542188 0.051562 0.025000
24 0.715625 0.492188 0.043750 0.037500