0 0.465625 0.330469 0.162500 0.235937
0 0.178125 0.221094 0.340625 0.307812
0 0.875000 0.069531 0.250000 0.139063
2 0.425781 0.732031 0.851562 0.535937
3 0.826562 0.417187 0.346875 0.831250
5 0.843750 0.763281 0.312500 0.473438
23 0.553125 0.485938 0.040625 0.046875
23 0.409375 0.501563 0.062500 0.096875
23 0.489063 0.485156 0.087500 0.076563
23 0.314063 0.505469 0.128125 0.148438
23 0.131250 0.532031 0.262500 0.232813
24 0.553125 0.485938 0.040625 0.046875
24 0.409375 0.501563 0.062500 0.096875
24 0.489063 0.485156 0.087500 0.076563
24 0.314063 0.505469 0.128125 0.148438
24 0.131250 0.532031 0.262500 0.232813