0 0.528906 0.671094 0.020313 0.032813
0 0.585156 0.643750 0.020313 0.065625
0 0.610938 0.616406 0.043750 0.145313
0 0.650781 0.610938 0.045312 0.171875
0 0.684375 0.596094 0.090625 0.160938
0 0.085156 0.450781 0.104688 0.117188
0 0.858594 0.504687 0.248438 0.256250
0 0.430469 0.057813 0.089063 0.115625
1 0.030469 0.086719 0.060937 0.032813
2 0.175781 0.802344 0.245312 0.123438
2 0.342187 0.728906 0.043750 0.026562
2 0.717187 0.732031 0.403125 0.098437
3 0.716406 0.680469 0.054688 0.070312
3 0.872656 0.631250 0.254688 0.184375
3 0.116406 0.517969 0.204687 0.132812
4 0.512500 0.651563 0.021875 0.075000
4 0.443750 0.593750 0.034375 0.059375
4 0.631250 0.628906 0.062500 0.232813
4 0.583594 0.391406 0.029687 0.098437
4 0.541406 0.174219 0.048438 0.198437
5 0.167187 0.781250 0.259375 0.128125
5 0.898438 0.704688 0.203125 0.106250
20 0.305469 0.675781 0.023438 0.045312
21 0.305469 0.675781 0.023438 0.045312
23 0.389062 0.699219 0.062500 0.095312
23 0.468750 0.670312 0.071875 0.118750
24 0.389062 0.699219 0.062500 0.095312
24 0.468750 0.670312 0.071875 0.118750