0 0.557813 0.641406 0.018750 0.064062
0 0.736719 0.655469 0.029687 0.123438
0 0.762500 0.654687 0.028125 0.125000
0 0.704688 0.654687 0.021875 0.131250
0 0.542969 0.593750 0.023438 0.068750
0 0.714844 0.539062 0.020313 0.065625
0 0.746875 0.537500 0.053125 0.065625
0 0.847656 0.524219 0.145313 0.057813
0 0.637500 0.597656 0.081250 0.232813
1 0.788281 0.550000 0.026562 0.050000
2 0.878906 0.775000 0.185938 0.081250
2 0.736719 0.741406 0.092188 0.048438
3 0.292187 0.696875 0.040625 0.025000
3 0.853125 0.615625 0.165625 0.190625
3 0.973437 0.594531 0.053125 0.189062
4 0.739844 0.654687 0.023438 0.121875
4 0.721094 0.527344 0.023438 0.089063
4 0.949219 0.585938 0.073438 0.234375
4 0.576562 0.415625 0.040625 0.062500
4 0.857031 0.178906 0.132812 0.339062
5 0.353906 0.698438 0.064062 0.021875
5 0.882031 0.713281 0.142187 0.060937
8 0.119531 0.612500 0.239063 0.406250
20 0.250000 0.706250 0.062500 0.109375
21 0.250000 0.706250 0.062500 0.109375
23 0.597656 0.695312 0.142187 0.059375
24 0.597656 0.695312 0.142187 0.059375