0 0.324219 0.573438 0.051562 0.056250
0 0.374219 0.531250 0.039062 0.021875
0 0.253906 0.547656 0.057813 0.067187
0 0.186719 0.531250 0.035937 0.050000
0 0.159375 0.524219 0.015625 0.035937
0 0.039844 0.453125 0.079687 0.106250
0 0.582031 0.489063 0.110937 0.190625
0 0.047656 0.322656 0.095312 0.085938
0 0.819531 0.273438 0.360938 0.546875
1 0.980469 0.118750 0.029687 0.025000
1 0.367188 0.046875 0.034375 0.021875
1 0.098437 0.028125 0.040625 0.021875
3 0.839844 0.633594 0.060937 0.035937
6 0.773438 0.627344 0.103125 0.085938
11 0.630469 0.629687 0.020313 0.031250
11 0.502344 0.609375 0.064062 0.025000
11 0.413281 0.609375 0.035937 0.028125
11 0.557031 0.606250 0.042188 0.059375
11 0.498437 0.582031 0.071875 0.029687
11 0.413281 0.553906 0.035937 0.020313
11 0.617969 0.590625 0.076563 0.103125
11 0.302344 0.541406 0.182812 0.192188
11 0.829688 0.503906 0.340625 0.317188
11 0.104688 0.479687 0.209375 0.337500
23 0.578906 0.634375 0.039062 0.031250
23 0.230469 0.626563 0.042188 0.028125
23 0.156250 0.628906 0.087500 0.039062
23 0.491406 0.650000 0.120313 0.084375
23 0.972656 0.658594 0.054688 0.110937
23 0.321875 0.643750 0.137500 0.081250
23 0.054688 0.624219 0.109375 0.054688
24 0.578906 0.634375 0.039062 0.031250
24 0.230469 0.626563 0.042188 0.028125
24 0.156250 0.628906 0.087500 0.039062
24 0.491406 0.650000 0.120313 0.084375
24 0.972656 0.658594 0.054688 0.110937
24 0.321875 0.643750 0.137500 0.081250
24 0.054688 0.624219 0.109375 0.054688