0 0.564844 0.736719 0.079687 0.045312
0 0.813281 0.695312 0.029687 0.040625
0 0.282813 0.742969 0.050000 0.142187
0 0.859375 0.676562 0.065625 0.053125
0 0.771875 0.688281 0.062500 0.079687
0 0.957031 0.663281 0.048438 0.042188
0 0.136719 0.703125 0.201563 0.271875
2 0.317188 0.881250 0.403125 0.237500
2 0.714063 0.753906 0.156250 0.020313
2 0.926562 0.741406 0.146875 0.017188
3 0.185156 0.896094 0.264062 0.179688
3 0.378125 0.793750 0.050000 0.062500
3 0.460938 0.780469 0.031250 0.042188
4 0.710938 0.619531 0.065625 0.257812
4 0.913281 0.436719 0.173437 0.573438
23 0.598437 0.757031 0.031250 0.023438
23 0.851562 0.700781 0.040625 0.029687
24 0.598437 0.757031 0.031250 0.023438
24 0.851562 0.700781 0.040625 0.029687