0 0.850781 0.515625 0.064062 0.021875
0 0.946875 0.512500 0.106250 0.037500
0 0.107031 0.514844 0.042188 0.048438
0 0.714844 0.516406 0.057813 0.054688
0 0.673438 0.513281 0.012500 0.060937
0 0.633594 0.505469 0.045312 0.070312
0 0.592969 0.493750 0.026562 0.053125
0 0.011719 0.482031 0.023438 0.082812
0 0.325000 0.482031 0.015625 0.092188
0 0.109375 0.437500 0.040625 0.040625
0 0.223438 0.464062 0.178125 0.165625
0 0.043750 0.412500 0.087500 0.250000
3 0.946875 0.544531 0.106250 0.035937
3 0.817969 0.539844 0.129688 0.035937
4 0.775000 0.475781 0.018750 0.095312
4 0.517969 0.465625 0.026562 0.159375
4 0.558594 0.432031 0.026562 0.239063
4 0.316406 0.403125 0.014063 0.284375
4 0.670312 0.335156 0.053125 0.476562
5 0.947656 0.566406 0.104688 0.017188
5 0.817969 0.562500 0.129688 0.021875
5 0.067969 0.550781 0.135937 0.032813
5 0.715625 0.539844 0.056250 0.067187
9 0.207813 0.529687 0.037500 0.028125
21 0.460938 0.542188 0.031250 0.031250
21 0.590625 0.556250 0.068750 0.078125
21 0.217188 0.523438 0.068750 0.050000
22 0.460938 0.542188 0.031250 0.031250
22 0.590625 0.556250 0.068750 0.078125
22 0.217188 0.523438 0.068750 0.050000