0 0.046094 0.561719 0.032813 0.051562
0 0.007031 0.552344 0.014063 0.070312
0 0.607031 0.527344 0.048438 0.042188
0 0.493750 0.527344 0.028125 0.048438
0 0.102344 0.539062 0.039062 0.100000
0 0.161719 0.530469 0.057813 0.114062
0 0.326562 0.500000 0.221875 0.181250
0 0.205469 0.495312 0.039062 0.184375
0 0.867969 0.452344 0.210938 0.229687
0 0.752344 0.455469 0.057813 0.235937
0 0.688281 0.455469 0.114062 0.235937
2 0.480469 0.631250 0.054688 0.021875
2 0.348438 0.630469 0.200000 0.020313
2 0.225000 0.628125 0.043750 0.015625
2 0.350000 0.582031 0.068750 0.014063
2 0.711719 0.573438 0.070312 0.018750
2 0.917969 0.566406 0.104688 0.014063
4 0.782031 0.532813 0.039062 0.225000
4 0.307031 0.493750 0.035937 0.187500
4 0.735156 0.449219 0.032813 0.260937
4 0.922656 0.327344 0.132812 0.429688
4 0.672656 0.171094 0.179688 0.342187
12 0.535156 0.641406 0.054688 0.020313
12 0.146875 0.634375 0.100000 0.015625
12 0.039844 0.632031 0.051562 0.014063
12 0.875000 0.598437 0.156250 0.028125
21 0.400781 0.567969 0.079687 0.029687
21 0.813281 0.562500 0.026562 0.028125
21 0.477344 0.559375 0.060937 0.021875
21 0.847656 0.559375 0.042188 0.031250
21 0.632031 0.621094 0.167187 0.160938
22 0.400781 0.567969 0.079687 0.029687
22 0.813281 0.562500 0.026562 0.028125
22 0.477344 0.559375 0.060937 0.021875
22 0.847656 0.559375 0.042188 0.031250
22 0.632031 0.621094 0.167187 0.160938