0 0.239063 0.241406 0.056250 0.032813
0 0.108594 0.228125 0.032813 0.081250
0 0.056250 0.251563 0.059375 0.218750
0 0.228125 0.199219 0.237500 0.135937
0 0.357031 0.189062 0.032813 0.137500
0 0.677344 0.283594 0.645312 0.567187
2 0.521094 0.774219 0.179688 0.445312
2 0.910937 0.719531 0.178125 0.442188
2 0.494531 0.431250 0.023438 0.037500
2 0.715625 0.406250 0.068750 0.028125
2 0.818750 0.389062 0.071875 0.034375
2 0.186719 0.352344 0.042188 0.026562
2 0.147656 0.357812 0.079687 0.037500
2 0.381250 0.400000 0.065625 0.125000
3 0.364844 0.360156 0.026562 0.082812
3 0.114062 0.291406 0.037500 0.045312
3 0.210156 0.301563 0.164062 0.100000
7 0.517188 0.625781 0.056250 0.145313
9 0.167969 0.909375 0.060937 0.181250
9 0.198437 0.839844 0.028125 0.123438
9 0.310156 0.692187 0.054688 0.162500
9 0.318750 0.485938 0.034375 0.078125
12 0.211719 0.470313 0.042188 0.018750
15 0.171094 0.803906 0.120313 0.348438
15 0.294531 0.556250 0.095312 0.321875
21 0.260937 0.435937 0.068750 0.121875
21 0.322656 0.408594 0.039062 0.070312
21 0.096094 0.521094 0.192188 0.329688
21 0.306250 0.287500 0.031250 0.037500
22 0.260937 0.435937 0.068750 0.121875
22 0.322656 0.408594 0.039062 0.070312
22 0.096094 0.521094 0.192188 0.329688
22 0.306250 0.287500 0.031250 0.037500