0 0.289062 0.499219 0.065625 0.020313
0 0.356250 0.500000 0.043750 0.040625
0 0.210938 0.491406 0.040625 0.023438
0 0.446094 0.500000 0.107813 0.081250
0 0.529687 0.446094 0.025000 0.057813
0 0.060937 0.419531 0.121875 0.151562
0 0.234375 0.228906 0.071875 0.092188
0 0.865625 0.299219 0.268750 0.342187
2 0.246094 0.805469 0.335938 0.389062
2 0.971875 0.571094 0.056250 0.020313
2 0.764844 0.544531 0.142187 0.017188
3 0.272656 0.599219 0.164062 0.198437
3 0.567187 0.510156 0.034375 0.035937
3 0.097656 0.638281 0.195312 0.298438
3 0.908594 0.465625 0.114062 0.134375
4 0.380469 0.484375 0.042188 0.193750
4 0.498437 0.458594 0.043750 0.160938
4 0.588281 0.392969 0.064062 0.279687
4 0.339062 0.281250 0.053125 0.212500
4 0.283594 0.280469 0.120313 0.482812
5 0.132812 0.846094 0.178125 0.285938
5 0.431250 0.542969 0.062500 0.029687
5 0.296875 0.664062 0.190625 0.296875
5 0.596094 0.501563 0.042188 0.062500
5 0.743750 0.461719 0.268750 0.151562
5 0.964844 0.439063 0.070312 0.203125
23 0.545312 0.517969 0.043750 0.048438
24 0.545312 0.517969 0.043750 0.048438