0 0.144531 0.646875 0.039062 0.093750
0 0.270313 0.621094 0.006250 0.107813
0 0.984375 0.584375 0.031250 0.075000
0 0.520312 0.592969 0.081250 0.104688
0 0.910156 0.576562 0.095312 0.084375
0 0.575781 0.557031 0.029687 0.048438
0 0.359375 0.594531 0.165625 0.192188
0 0.611719 0.515625 0.035937 0.162500
0 0.717969 0.361719 0.173437 0.320312
0 0.871875 0.320312 0.134375 0.368750
0 0.132031 0.401562 0.264062 0.612500
0 0.931250 0.171875 0.137500 0.343750
1 0.764062 0.101562 0.059375 0.040625
2 0.232031 0.714063 0.070312 0.021875
2 0.712500 0.712500 0.053125 0.028125
3 0.055469 0.734375 0.104688 0.071875
3 0.868750 0.748437 0.262500 0.118750
3 0.278125 0.696875 0.021875 0.031250
3 0.655469 0.692969 0.057813 0.032813
4 0.289062 0.580469 0.059375 0.260937
4 0.571875 0.563281 0.056250 0.251563
4 0.022656 0.556250 0.020313 0.240625
4 0.622656 0.503125 0.045312 0.346875
4 0.800000 0.405469 0.093750 0.592187
4 0.759375 0.049219 0.075000 0.098437
5 0.721094 0.694531 0.032813 0.020313
9 0.019531 0.694531 0.032813 0.026562