0 0.507031 0.625000 0.026562 0.046875
0 0.346875 0.600000 0.031250 0.075000
0 0.435156 0.561719 0.154688 0.135937
0 0.537500 0.520312 0.081250 0.146875
0 0.605469 0.475781 0.060937 0.082812
0 0.168750 0.597656 0.203125 0.392188
0 0.857812 0.437500 0.284375 0.243750
2 0.806250 0.718750 0.387500 0.118750
2 0.575000 0.661719 0.065625 0.032813
5 0.074219 0.797656 0.079687 0.173437
5 0.461719 0.650000 0.057813 0.025000
5 0.241406 0.710156 0.139063 0.151562
5 0.576562 0.641406 0.037500 0.029687
5 0.344531 0.635156 0.042188 0.089063
5 0.677344 0.630469 0.151562 0.098437
5 0.879687 0.642969 0.240625 0.135937
20 0.748437 0.628906 0.043750 0.120313
21 0.748437 0.628906 0.043750 0.120313
23 0.370312 0.707812 0.134375 0.118750
24 0.370312 0.707812 0.134375 0.118750