0 0.316406 0.642188 0.598437 0.309375
2 0.309375 0.917188 0.103125 0.046875
2 0.520312 0.847656 0.193750 0.082812
2 0.746875 0.779687 0.193750 0.040625
2 0.878906 0.764062 0.032813 0.021875
3 0.089844 0.809375 0.029687 0.037500
3 0.188281 0.803125 0.032813 0.050000
3 0.285156 0.789844 0.020313 0.045312
3 0.241406 0.794531 0.057813 0.054688
3 0.313281 0.784375 0.026562 0.046875
3 0.359375 0.773438 0.050000 0.046875
3 0.414844 0.767188 0.045312 0.050000
3 0.463281 0.759375 0.035937 0.046875
3 0.506250 0.744531 0.043750 0.064062
5 0.067969 0.814063 0.017188 0.037500
5 0.204687 0.807813 0.025000 0.065625
5 0.282031 0.802344 0.032813 0.070312
5 0.329688 0.785937 0.018750 0.056250
5 0.425000 0.784375 0.115625 0.084375
5 0.517188 0.767188 0.068750 0.065625
5 0.894531 0.688281 0.060937 0.098437
5 0.984375 0.671094 0.031250 0.110937
11 0.696875 0.672656 0.303125 0.145313
20 0.857812 0.749219 0.040625 0.079687
20 0.835156 0.650000 0.026562 0.031250
20 0.953906 0.670312 0.060937 0.112500
21 0.857812 0.749219 0.040625 0.079687
21 0.835156 0.650000 0.026562 0.031250
21 0.953906 0.670312 0.060937 0.112500
23 0.152344 0.903906 0.201563 0.170313
23 0.353125 0.849219 0.175000 0.082812
24 0.152344 0.903906 0.201563 0.170313
24 0.353125 0.849219 0.175000 0.082812