0 0.014063 0.628906 0.028125 0.039062
0 0.153125 0.610156 0.062500 0.014063
0 0.228125 0.623437 0.034375 0.043750
0 0.692187 0.608594 0.034375 0.032813
0 0.729688 0.603906 0.034375 0.029687
0 0.819531 0.569531 0.023438 0.026562
0 0.916406 0.573438 0.167187 0.112500
4 0.552344 0.560937 0.014063 0.165625
4 0.006250 0.512500 0.012500 0.212500
4 0.615625 0.503906 0.021875 0.279687
21 0.492969 0.635156 0.029687 0.023438
21 0.698438 0.622656 0.025000 0.023438
21 0.179688 0.700000 0.334375 0.187500
21 0.761719 0.607812 0.045312 0.040625
22 0.492969 0.635156 0.029687 0.023438
22 0.698438 0.622656 0.025000 0.023438
22 0.179688 0.700000 0.334375 0.187500
22 0.761719 0.607812 0.045312 0.040625