0 0.974219 0.633594 0.051562 0.048438
0 0.931250 0.633594 0.025000 0.048438
0 0.900781 0.630469 0.017188 0.042188
0 0.729688 0.621875 0.028125 0.068750
0 0.698438 0.614844 0.015625 0.054688
0 0.973437 0.573438 0.053125 0.018750
0 0.817969 0.609375 0.142187 0.093750
0 0.213281 0.489844 0.042188 0.195312
5 0.111719 0.682031 0.223438 0.073438
5 0.260156 0.653906 0.054688 0.026562
12 0.750781 0.693750 0.067187 0.012500
21 0.974219 0.687500 0.051562 0.068750
21 0.864062 0.695312 0.159375 0.090625
21 0.442969 0.632812 0.045312 0.028125
21 0.400781 0.631250 0.035937 0.031250
21 0.533594 0.698438 0.170313 0.171875
21 0.360156 0.624219 0.020313 0.042188
22 0.974219 0.687500 0.051562 0.068750
22 0.864062 0.695312 0.159375 0.090625
22 0.442969 0.632812 0.045312 0.028125
22 0.400781 0.631250 0.035937 0.031250
22 0.533594 0.698438 0.170313 0.171875
22 0.360156 0.624219 0.020313 0.042188