0 0.498437 0.327344 0.996875 0.654687
1 0.332031 0.373437 0.017188 0.043750
1 0.757031 0.243750 0.029687 0.062500
2 0.243750 0.781250 0.446875 0.437500
2 0.464062 0.509375 0.131250 0.065625
2 0.741406 0.492969 0.295312 0.064062
20 0.428125 0.481250 0.018750 0.059375
20 0.649219 0.451562 0.042188 0.087500
20 0.337500 0.531250 0.131250 0.334375
20 0.170313 0.576562 0.187500 0.434375
21 0.428125 0.481250 0.018750 0.059375
21 0.649219 0.451562 0.042188 0.087500
21 0.337500 0.531250 0.131250 0.334375
21 0.170313 0.576562 0.187500 0.434375
23 0.857031 0.702344 0.285938 0.517188
24 0.857031 0.702344 0.285938 0.517188