0 0.331250 0.746094 0.043750 0.017188
0 0.682813 0.729688 0.034375 0.046875
0 0.708594 0.728906 0.014063 0.048438
0 0.732812 0.728125 0.021875 0.053125
0 0.333594 0.710938 0.042188 0.037500
0 0.899219 0.721094 0.057813 0.073438
0 0.857812 0.720313 0.025000 0.075000
0 0.810156 0.700000 0.067187 0.093750
0 0.758594 0.703906 0.029687 0.101562
0 0.266406 0.681250 0.026562 0.096875
0 0.450781 0.671875 0.057813 0.112500
0 0.966406 0.679688 0.067187 0.153125
0 0.218750 0.660937 0.084375 0.121875
0 0.372656 0.639844 0.101562 0.229687
0 0.087500 0.616406 0.128125 0.201563
1 0.290625 0.546094 0.018750 0.045312
2 0.217969 0.814063 0.435937 0.106250
2 0.846094 0.764062 0.126562 0.012500
2 0.458594 0.753125 0.076563 0.015625
3 0.401562 0.736719 0.021875 0.029687
4 0.264062 0.605469 0.034375 0.251563
5 0.133594 0.764844 0.267188 0.032813
7 0.990625 0.759375 0.018750 0.043750
18 0.364844 0.562500 0.039062 0.050000
21 0.514062 0.745313 0.034375 0.025000
21 0.592969 0.750000 0.120313 0.040625
21 0.917188 0.742188 0.025000 0.034375
21 0.956250 0.739062 0.043750 0.031250
21 0.132031 0.729688 0.035937 0.021875
21 0.046875 0.713281 0.025000 0.035937
21 0.016406 0.711719 0.032813 0.032813
22 0.514062 0.745313 0.034375 0.025000
22 0.592969 0.750000 0.120313 0.040625
22 0.917188 0.742188 0.025000 0.034375
22 0.956250 0.739062 0.043750 0.031250
22 0.132031 0.729688 0.035937 0.021875
22 0.046875 0.713281 0.025000 0.035937
22 0.016406 0.711719 0.032813 0.032813