0 0.881250 0.465625 0.031250 0.096875
0 0.828906 0.371094 0.242188 0.339062
0 0.951562 0.310156 0.087500 0.254688
0 0.919531 0.132812 0.051562 0.068750
0 0.370312 0.409375 0.740625 0.762500
2 0.257812 0.743750 0.428125 0.240625
2 0.841406 0.667188 0.317188 0.256250
3 0.549219 0.574219 0.026562 0.032813
3 0.582031 0.568750 0.029687 0.034375
3 0.612500 0.560156 0.028125 0.035937
3 0.655469 0.550781 0.029687 0.035937
12 0.550000 0.653125 0.312500 0.065625
20 0.473438 0.584375 0.031250 0.096875
20 0.514062 0.582812 0.034375 0.121875
20 0.802344 0.520312 0.029687 0.087500
20 0.707031 0.544531 0.048438 0.139063
20 0.773438 0.527344 0.034375 0.110937
20 0.851562 0.510938 0.065625 0.162500
20 0.921094 0.509375 0.092188 0.256250
21 0.473438 0.584375 0.031250 0.096875
21 0.514062 0.582812 0.034375 0.121875
21 0.802344 0.520312 0.029687 0.087500
21 0.707031 0.544531 0.048438 0.139063
21 0.773438 0.527344 0.034375 0.110937
21 0.851562 0.510938 0.065625 0.162500
21 0.921094 0.509375 0.092188 0.256250
23 0.946094 0.467969 0.026562 0.048438
23 0.982812 0.453906 0.034375 0.045312
24 0.946094 0.467969 0.026562 0.048438
24 0.982812 0.453906 0.034375 0.045312