0 0.583594 0.654687 0.039062 0.109375
0 0.319531 0.632812 0.042188 0.131250
0 0.571094 0.548438 0.020313 0.112500
0 0.798438 0.365625 0.403125 0.731250
0 0.289844 0.415625 0.579688 0.831250
2 0.287500 0.868750 0.575000 0.262500
2 0.783594 0.727344 0.051562 0.017188
10 0.310156 0.767969 0.114062 0.201563
20 0.755469 0.717187 0.020313 0.028125
21 0.755469 0.717187 0.020313 0.028125
23 0.650000 0.728906 0.125000 0.051562
23 0.904687 0.731250 0.190625 0.118750
23 0.565625 0.708594 0.034375 0.073438
23 0.535156 0.708594 0.023438 0.073438
24 0.650000 0.728906 0.125000 0.051562
24 0.904687 0.731250 0.190625 0.118750
24 0.565625 0.708594 0.034375 0.073438
24 0.535156 0.708594 0.023438 0.073438