0 0.229687 0.565625 0.028125 0.040625
0 0.193750 0.562500 0.043750 0.093750
0 0.656250 0.530469 0.068750 0.070312
0 0.596875 0.521875 0.046875 0.096875
0 0.207031 0.472656 0.057813 0.073438
0 0.071875 0.421875 0.143750 0.375000
0 0.849219 0.350000 0.301563 0.456250
0 0.375781 0.329688 0.335938 0.506250
2 0.628125 0.588281 0.146875 0.023438
2 0.759375 0.588281 0.125000 0.035937
2 0.913281 0.575000 0.173437 0.034375
12 0.382812 0.657813 0.709375 0.100000
12 0.935937 0.595313 0.128125 0.012500
21 0.125000 0.619531 0.028125 0.057813
21 0.056250 0.634375 0.093750 0.090625
21 0.274219 0.616406 0.210938 0.104688
21 0.471875 0.574219 0.159375 0.129688
22 0.125000 0.619531 0.028125 0.057813
22 0.056250 0.634375 0.093750 0.090625
22 0.274219 0.616406 0.210938 0.104688
22 0.471875 0.574219 0.159375 0.129688