0 0.436719 0.475781 0.023438 0.076563
0 0.503906 0.466406 0.076563 0.157812
0 0.405469 0.413281 0.014063 0.064062
0 0.203125 0.219531 0.406250 0.439063
2 0.922656 0.598437 0.035937 0.046875
3 0.934375 0.542188 0.037500 0.068750
3 0.054688 0.446875 0.109375 0.221875
12 0.696094 0.633594 0.482812 0.051562
23 0.587500 0.558594 0.059375 0.017188
23 0.487500 0.550000 0.065625 0.040625
23 0.967969 0.585938 0.064062 0.187500
23 0.730469 0.539844 0.223438 0.176563
23 0.228125 0.651563 0.456250 0.468750
24 0.587500 0.558594 0.059375 0.017188
24 0.487500 0.550000 0.065625 0.040625
24 0.967969 0.585938 0.064062 0.187500
24 0.730469 0.539844 0.223438 0.176563
24 0.228125 0.651563 0.456250 0.468750