0 0.070312 0.392969 0.140625 0.242188
0 0.947656 0.166406 0.057813 0.317188
0 0.875000 0.148438 0.137500 0.281250
0 0.324219 0.240625 0.648438 0.481250
2 0.539062 0.878906 0.921875 0.242188
2 0.150781 0.491406 0.301563 0.089063
2 0.335156 0.444531 0.064062 0.032813
2 0.895312 0.367188 0.200000 0.134375
3 0.931250 0.280469 0.034375 0.048438
3 0.894531 0.275781 0.045312 0.070312
12 0.492188 0.626563 0.212500 0.159375
12 0.635938 0.578906 0.384375 0.254688
12 0.507812 0.460938 0.493750 0.068750
20 0.851562 0.298438 0.040625 0.081250
21 0.851562 0.298438 0.040625 0.081250
23 0.828125 0.307812 0.043750 0.109375
23 0.589844 0.350781 0.435937 0.204687
24 0.828125 0.307812 0.043750 0.109375
24 0.589844 0.350781 0.435937 0.204687