0 0.742188 0.478906 0.515625 0.495312
0 0.241406 0.442969 0.482812 0.798438
0 0.850781 0.092969 0.201563 0.185938
0 0.740625 0.092188 0.053125 0.184375
2 0.113281 0.881250 0.107813 0.034375
23 0.112500 0.836719 0.090625 0.060937
23 0.214062 0.817187 0.065625 0.040625
23 0.489063 0.749219 0.250000 0.073438
23 0.722656 0.696875 0.035937 0.031250
24 0.112500 0.836719 0.090625 0.060937
24 0.214062 0.817187 0.065625 0.040625
24 0.489063 0.749219 0.250000 0.073438
24 0.722656 0.696875 0.035937 0.031250