0 0.121875 0.700781 0.043750 0.123438
0 0.070312 0.703125 0.059375 0.175000
0 0.772656 0.518750 0.307812 0.406250
0 0.939063 0.414062 0.121875 0.346875
2 0.147656 0.942969 0.148438 0.114062
2 0.245312 0.767969 0.237500 0.092188
2 0.797656 0.757031 0.404687 0.198437
3 0.261719 0.705469 0.082812 0.092188
3 0.332813 0.700000 0.056250 0.087500
3 0.401562 0.681250 0.087500 0.071875
3 0.510938 0.659375 0.103125 0.040625
4 0.272656 0.485938 0.045312 0.350000
4 0.169531 0.482031 0.098437 0.595313
4 0.870313 0.314063 0.162500 0.628125
5 0.514844 0.675781 0.101562 0.054688
5 0.448437 0.667969 0.028125 0.076563
18 0.273438 0.574219 0.018750 0.051562
23 0.632812 0.657813 0.078125 0.084375
24 0.632812 0.657813 0.078125 0.084375