0 0.764844 0.685937 0.023438 0.043750
0 0.201563 0.700000 0.056250 0.084375
0 0.260156 0.678125 0.051562 0.053125
0 0.970313 0.660156 0.031250 0.048438
0 0.919531 0.650000 0.048438 0.037500
2 0.125781 0.768750 0.251563 0.050000
4 0.307031 0.632031 0.007812 0.098437
4 0.231250 0.649219 0.006250 0.139063
4 0.728906 0.574219 0.123438 0.260937
6 0.441406 0.698438 0.060937 0.078125
6 0.532813 0.692969 0.034375 0.070312
8 0.407813 0.700781 0.068750 0.076563
10 0.721094 0.724219 0.023438 0.035937
21 0.483594 0.716406 0.029687 0.029687
21 0.367188 0.707031 0.018750 0.085938
21 0.321094 0.710156 0.064062 0.101562
21 0.627344 0.711719 0.164062 0.139063
21 0.886719 0.725781 0.226562 0.226562
22 0.483594 0.716406 0.029687 0.029687
22 0.367188 0.707031 0.018750 0.085938
22 0.321094 0.710156 0.064062 0.101562
22 0.627344 0.711719 0.164062 0.139063
22 0.886719 0.725781 0.226562 0.226562