0 0.064062 0.700000 0.034375 0.037500
0 0.448437 0.656250 0.031250 0.025000
0 0.957031 0.537500 0.085938 0.078125
0 0.814844 0.554688 0.042188 0.128125
0 0.871875 0.552344 0.100000 0.142187
0 0.598437 0.503125 0.425000 0.328125
2 0.662500 0.728906 0.168750 0.070312
2 0.804688 0.711719 0.118750 0.064062
2 0.931250 0.707031 0.137500 0.067187
12 0.178906 0.811719 0.257812 0.060937
12 0.374219 0.778125 0.095312 0.034375
12 0.478906 0.763281 0.076563 0.026562
12 0.535937 0.730469 0.175000 0.035937
21 0.059375 0.734375 0.059375 0.056250
21 0.284375 0.710938 0.381250 0.184375
21 0.686719 0.650000 0.104688 0.106250
21 0.789062 0.638281 0.125000 0.095312
21 0.927344 0.618750 0.145313 0.100000
22 0.059375 0.734375 0.059375 0.056250
22 0.284375 0.710938 0.381250 0.184375
22 0.686719 0.650000 0.104688 0.106250
22 0.789062 0.638281 0.125000 0.095312
22 0.927344 0.618750 0.145313 0.100000