0 0.311719 0.543750 0.060937 0.062500
0 0.774219 0.351562 0.451562 0.534375
0 0.238281 0.305469 0.476562 0.610938
1 0.285156 0.083594 0.026562 0.023438
2 0.891406 0.740625 0.217188 0.118750
8 0.587500 0.578906 0.153125 0.085938
8 0.701562 0.578125 0.071875 0.106250
8 0.753906 0.571094 0.039062 0.098437
8 0.844531 0.575781 0.145313 0.114062
12 0.886719 0.668750 0.226562 0.028125
23 0.977344 0.589844 0.045312 0.082812
23 0.305469 0.709375 0.610938 0.337500
24 0.977344 0.589844 0.045312 0.082812
24 0.305469 0.709375 0.610938 0.337500