0 0.636719 0.466406 0.179688 0.132812
0 0.445312 0.460156 0.118750 0.195312
0 0.868750 0.400000 0.262500 0.343750
0 0.194531 0.286719 0.273438 0.485938
2 0.974219 0.646875 0.051562 0.040625
2 0.760938 0.571875 0.043750 0.028125
2 0.321094 0.644531 0.451562 0.282813
3 0.192969 0.588281 0.135937 0.139063
4 0.515625 0.396094 0.037500 0.273438
4 0.550000 0.364063 0.100000 0.728125
5 0.982812 0.614844 0.034375 0.035937
5 0.401562 0.646094 0.075000 0.098437
5 0.300000 0.639844 0.093750 0.104688
12 0.382031 0.900000 0.426563 0.200000
12 0.772656 0.743750 0.454688 0.109375
16 0.351562 0.693750 0.031250 0.109375
21 0.874219 0.603906 0.185938 0.110937
21 0.714844 0.548438 0.054688 0.050000
21 0.621094 0.518750 0.035937 0.034375
21 0.517969 0.533594 0.017188 0.076563
21 0.068750 0.620313 0.137500 0.250000
21 0.582031 0.577344 0.085938 0.173437
22 0.874219 0.603906 0.185938 0.110937
22 0.714844 0.548438 0.054688 0.050000
22 0.621094 0.518750 0.035937 0.034375
22 0.517969 0.533594 0.017188 0.076563
22 0.068750 0.620313 0.137500 0.250000
22 0.582031 0.577344 0.085938 0.173437