0 0.147656 0.643750 0.176563 0.115625
0 0.028906 0.635156 0.057813 0.126562
0 0.128125 0.567969 0.109375 0.007812
0 0.296094 0.580469 0.107813 0.126562
0 0.533594 0.556250 0.029687 0.093750
0 0.637500 0.575000 0.165625 0.165625
0 0.771875 0.529687 0.103125 0.109375
0 0.869531 0.526563 0.079687 0.146875
0 0.367188 0.330469 0.175000 0.182812
0 0.514844 0.295312 0.051562 0.175000
0 0.138281 0.271875 0.276562 0.540625
0 0.767969 0.279687 0.464062 0.559375
2 0.118750 0.698438 0.237500 0.081250
2 0.299219 0.650781 0.104688 0.076563
2 0.861719 0.615625 0.051562 0.046875
2 0.584375 0.639062 0.184375 0.134375
7 0.024219 0.703906 0.014063 0.042188
7 0.050781 0.694531 0.017188 0.067187
7 0.685937 0.642188 0.021875 0.043750
7 0.746875 0.607031 0.046875 0.057813
7 0.846875 0.593750 0.025000 0.078125
9 0.732031 0.621875 0.057813 0.059375
9 0.596094 0.614844 0.017188 0.051562
12 0.255469 0.778906 0.464062 0.079687
12 0.316406 0.714844 0.342187 0.045312
21 0.426563 0.608594 0.153125 0.107813
21 0.737500 0.745313 0.525000 0.509375
22 0.426563 0.608594 0.153125 0.107813
22 0.737500 0.745313 0.525000 0.509375