0 0.883594 0.656250 0.079687 0.025000
0 0.178906 0.450781 0.067187 0.098437
0 0.063281 0.425781 0.085938 0.064062
0 0.007031 0.412500 0.014063 0.056250
0 0.894531 0.344531 0.210938 0.689063
0 0.512500 0.319531 0.543750 0.639062
2 0.776563 0.651563 0.446875 0.159375
2 0.471875 0.567187 0.103125 0.059375
3 0.210938 0.583594 0.421875 0.292187
4 0.285156 0.297656 0.007812 0.198437
5 0.591406 0.535937 0.089063 0.028125
5 0.474219 0.525000 0.067187 0.021875
20 0.535937 0.587500 0.046875 0.140625
21 0.535937 0.587500 0.046875 0.140625