0 0.305469 0.760938 0.042188 0.046875
0 0.521094 0.700000 0.045312 0.034375
0 0.570312 0.689063 0.043750 0.040625
0 0.694531 0.667188 0.026562 0.053125
0 0.637500 0.677344 0.059375 0.085938
0 0.125781 0.646094 0.039062 0.029687
0 0.050781 0.661719 0.070312 0.060937
0 0.713281 0.641406 0.032813 0.085938
0 0.750000 0.611719 0.034375 0.048438
0 0.778125 0.605469 0.031250 0.057813
0 0.283594 0.569531 0.117188 0.085938
0 0.584375 0.539062 0.103125 0.128125
0 0.646875 0.525781 0.065625 0.107813
0 0.716406 0.508594 0.082812 0.117188
0 0.889844 0.392969 0.220312 0.442188
2 0.128906 0.900781 0.135937 0.070312
2 0.764062 0.739062 0.090625 0.031250
2 0.899219 0.792969 0.201563 0.145313
3 0.147656 0.800781 0.039062 0.032813
3 0.178125 0.800000 0.018750 0.040625
3 0.828906 0.653906 0.189062 0.089063
4 0.155469 0.706250 0.035937 0.218750
4 0.173437 0.645312 0.037500 0.215625
4 0.594531 0.600781 0.039062 0.148438
4 0.784375 0.563281 0.040625 0.139063
4 0.615625 0.537500 0.106250 0.321875
5 0.714063 0.697656 0.050000 0.029687
5 0.871875 0.620313 0.256250 0.212500
11 0.508594 0.650781 0.182812 0.114062
11 0.615625 0.614062 0.043750 0.065625
11 0.798438 0.555469 0.037500 0.042188
23 0.072656 0.815625 0.057813 0.050000
23 0.433594 0.761719 0.198437 0.139063
23 0.608594 0.738281 0.123438 0.135937
23 0.735156 0.674219 0.020313 0.060937
23 0.770312 0.628906 0.059375 0.029687
23 0.863281 0.606250 0.129688 0.050000
24 0.072656 0.815625 0.057813 0.050000
24 0.433594 0.761719 0.198437 0.139063
24 0.608594 0.738281 0.123438 0.135937
24 0.735156 0.674219 0.020313 0.060937
24 0.770312 0.628906 0.059375 0.029687
24 0.863281 0.606250 0.129688 0.050000