0 0.048438 0.530469 0.068750 0.039062
0 0.607812 0.509375 0.050000 0.075000
0 0.524219 0.478906 0.089063 0.107813
0 0.035937 0.319531 0.071875 0.198437
0 0.958594 0.216406 0.082812 0.360938
0 0.405469 0.289844 0.282813 0.517188
2 0.664844 0.566406 0.307812 0.045312
21 0.387500 0.558594 0.071875 0.035937
21 0.159375 0.603125 0.318750 0.137500
21 0.476562 0.550000 0.075000 0.043750
21 0.906250 0.523438 0.187500 0.312500
22 0.387500 0.558594 0.071875 0.035937
22 0.159375 0.603125 0.318750 0.137500
22 0.476562 0.550000 0.075000 0.043750
22 0.906250 0.523438 0.187500 0.312500