0 0.573438 0.546875 0.031250 0.031250
0 0.921875 0.438281 0.103125 0.051562
0 0.989062 0.221875 0.021875 0.443750
0 0.505469 0.275000 0.320312 0.550000
0 0.064844 0.327344 0.129688 0.654687
1 0.604688 0.264844 0.050000 0.020313
2 0.416406 0.589063 0.064062 0.037500
2 0.944531 0.672656 0.110937 0.239063
4 0.347656 0.432812 0.007812 0.168750
8 0.956250 0.532031 0.031250 0.035937
10 0.492969 0.588281 0.017188 0.039062
10 0.526563 0.583594 0.018750 0.042188
20 0.229687 0.587500 0.021875 0.037500
21 0.229687 0.587500 0.021875 0.037500
23 0.364063 0.592969 0.043750 0.035937
23 0.450000 0.589063 0.021875 0.040625
23 0.146094 0.660156 0.292187 0.201563
23 0.797656 0.771094 0.404687 0.457813
24 0.364063 0.592969 0.043750 0.035937
24 0.450000 0.589063 0.021875 0.040625
24 0.146094 0.660156 0.292187 0.201563
24 0.797656 0.771094 0.404687 0.457813