0 0.929688 0.620313 0.065625 0.078125
0 0.745313 0.596094 0.031250 0.029687
0 0.511719 0.572656 0.029687 0.023438
0 0.780469 0.581250 0.039062 0.046875
2 0.957031 0.668750 0.085938 0.025000
2 0.821094 0.664062 0.067187 0.015625
2 0.882812 0.663281 0.053125 0.023438
2 0.724219 0.657813 0.092188 0.018750
3 0.105469 0.732812 0.064062 0.034375
3 0.217188 0.717187 0.131250 0.050000
4 0.780469 0.659375 0.023438 0.056250
4 0.145313 0.684375 0.025000 0.153125
4 0.700781 0.532813 0.142187 0.150000
4 0.047656 0.574219 0.095312 0.454688
5 0.176563 0.745313 0.040625 0.018750
5 0.724219 0.630469 0.089063 0.048438
5 0.957031 0.619531 0.085938 0.082812
21 0.093750 0.769531 0.037500 0.057813
21 0.048438 0.772656 0.028125 0.064062
21 0.320312 0.704688 0.137500 0.103125
21 0.566406 0.660937 0.079687 0.034375
21 0.825000 0.630469 0.025000 0.039062
21 0.865625 0.619531 0.065625 0.054688
22 0.093750 0.769531 0.037500 0.057813
22 0.048438 0.772656 0.028125 0.064062
22 0.320312 0.704688 0.137500 0.103125
22 0.566406 0.660937 0.079687 0.034375
22 0.825000 0.630469 0.025000 0.039062
22 0.865625 0.619531 0.065625 0.054688