0 0.605469 0.500000 0.029687 0.034375
0 0.875781 0.460938 0.023438 0.046875
0 0.951562 0.459375 0.021875 0.053125
0 0.923438 0.460938 0.034375 0.056250
0 0.491406 0.464062 0.051562 0.071875
0 0.221094 0.437500 0.132812 0.259375
0 0.367188 0.413281 0.196875 0.270313
0 0.094531 0.327344 0.189062 0.495312
2 0.265625 0.692969 0.084375 0.045312
2 0.523438 0.753906 0.953125 0.492188
3 0.046875 0.586719 0.071875 0.032813
21 0.121875 0.573438 0.071875 0.050000
21 0.339844 0.540625 0.045312 0.037500
21 0.402344 0.531250 0.032813 0.028125
21 0.265625 0.546094 0.056250 0.057813
22 0.121875 0.573438 0.071875 0.050000
22 0.339844 0.540625 0.045312 0.037500
22 0.402344 0.531250 0.032813 0.028125
22 0.265625 0.546094 0.056250 0.057813