0 0.688281 0.748437 0.054688 0.040625
0 0.889844 0.748437 0.045312 0.046875
0 0.803906 0.734375 0.114062 0.121875
0 0.365625 0.696094 0.078125 0.120313
0 0.012500 0.569531 0.025000 0.114062
0 0.171094 0.572656 0.304688 0.332813
0 0.032031 0.400781 0.014063 0.060937
0 0.008594 0.375781 0.017188 0.070312
4 0.467969 0.682031 0.051562 0.170313
4 0.324219 0.697656 0.026562 0.232813
4 0.898438 0.524219 0.112500 0.507812
4 0.405469 0.391406 0.145313 0.301563
5 0.689063 0.790625 0.046875 0.021875
5 0.771875 0.785937 0.050000 0.037500
6 0.471875 0.764844 0.031250 0.073438
6 0.934375 0.728125 0.021875 0.106250
6 0.971875 0.710938 0.056250 0.115625
21 0.734375 0.796875 0.062500 0.053125
21 0.578906 0.802344 0.176563 0.092188
21 0.394531 0.816406 0.142187 0.157812
21 0.268750 0.746875 0.096875 0.050000
21 0.182812 0.696875 0.068750 0.081250
22 0.734375 0.796875 0.062500 0.053125
22 0.578906 0.802344 0.176563 0.092188
22 0.394531 0.816406 0.142187 0.157812
22 0.268750 0.746875 0.096875 0.050000
22 0.182812 0.696875 0.068750 0.081250