0 0.182031 0.578125 0.035937 0.046875
0 0.037500 0.571094 0.031250 0.054688
0 0.289062 0.553906 0.168750 0.082812
0 0.400000 0.526563 0.050000 0.046875
2 0.704688 0.565625 0.043750 0.034375
2 0.873437 0.560156 0.253125 0.198437
4 0.197656 0.541406 0.045312 0.198437
4 0.372656 0.467969 0.085938 0.242188
4 0.553906 0.367969 0.101562 0.217188
4 0.064062 0.371875 0.128125 0.584375
4 0.142969 0.363281 0.195312 0.585938
4 0.796094 0.253906 0.151562 0.507812
4 0.642188 0.296094 0.228125 0.592187
5 0.046875 0.702344 0.040625 0.035937
13 0.774219 0.415625 0.110937 0.043750
13 0.889844 0.381250 0.092188 0.046875
23 0.532031 0.587500 0.223438 0.293750
24 0.532031 0.587500 0.223438 0.293750