0 0.675000 0.460938 0.018750 0.043750
0 0.637500 0.464062 0.046875 0.053125
0 0.311719 0.453906 0.179688 0.085938
0 0.915625 0.446875 0.125000 0.215625
2 0.921875 0.588281 0.156250 0.051562
2 0.224219 0.682813 0.448437 0.343750
3 0.951562 0.552344 0.096875 0.098437
3 0.193750 0.598437 0.387500 0.206250
3 0.767969 0.505469 0.089063 0.039062
3 0.710938 0.500781 0.018750 0.029687
3 0.678125 0.497656 0.028125 0.026562
4 0.011719 0.415625 0.020313 0.178125
4 0.681250 0.407031 0.043750 0.242188
4 0.134375 0.398438 0.025000 0.228125
4 0.457031 0.373437 0.007812 0.203125
4 0.402344 0.378906 0.045312 0.289062
4 0.985938 0.256250 0.018750 0.512500
21 0.072656 0.493750 0.039062 0.021875
21 0.601562 0.498437 0.037500 0.037500
21 0.369531 0.489063 0.060937 0.021875
21 0.230469 0.496875 0.164062 0.037500
21 0.118750 0.490625 0.037500 0.025000
22 0.072656 0.493750 0.039062 0.021875
22 0.601562 0.498437 0.037500 0.037500
22 0.369531 0.489063 0.060937 0.021875
22 0.230469 0.496875 0.164062 0.037500
22 0.118750 0.490625 0.037500 0.025000