0 0.207813 0.692969 0.053125 0.032813
0 0.414844 0.677344 0.029687 0.039062
0 0.983594 0.641406 0.032813 0.195312
0 0.940625 0.639062 0.059375 0.200000
0 0.046875 0.590625 0.093750 0.121875
0 0.730469 0.524219 0.348438 0.423438
0 0.884375 0.237500 0.231250 0.206250
2 0.907813 0.834375 0.184375 0.053125
4 0.376563 0.572656 0.134375 0.376563
6 0.267188 0.677344 0.065625 0.035937
10 0.683594 0.836719 0.326562 0.326562
10 0.550781 0.680469 0.029687 0.048438
14 0.623437 0.748437 0.209375 0.421875
21 0.517969 0.787500 0.120313 0.193750
21 0.163281 0.750000 0.326562 0.165625
22 0.517969 0.787500 0.120313 0.193750
22 0.163281 0.750000 0.326562 0.165625