0 0.337500 0.682031 0.043750 0.042188
0 0.135156 0.718750 0.179688 0.175000
0 0.937500 0.621094 0.037500 0.054688
0 0.526563 0.621094 0.062500 0.060937
0 0.904687 0.621094 0.034375 0.064062
0 0.587500 0.465625 0.065625 0.171875
2 0.142187 0.815625 0.181250 0.065625
2 0.318750 0.760938 0.071875 0.034375
3 0.873437 0.629687 0.043750 0.050000
3 0.972656 0.620313 0.054688 0.056250
5 0.314844 0.733594 0.073438 0.064062
5 0.713281 0.647656 0.076563 0.060937
21 0.521094 0.707031 0.345313 0.117188
21 0.750000 0.679688 0.090625 0.075000
21 0.838281 0.653125 0.039062 0.028125
22 0.521094 0.707031 0.345313 0.117188
22 0.750000 0.679688 0.090625 0.075000
22 0.838281 0.653125 0.039062 0.028125