0 0.294531 0.529687 0.154688 0.103125
0 0.641406 0.529687 0.104688 0.196875
0 0.501563 0.467969 0.256250 0.326562
0 0.962500 0.285938 0.028125 0.071875
0 0.844531 0.403125 0.310937 0.412500
1 0.242188 0.609375 0.028125 0.043750
1 0.028125 0.101562 0.031250 0.034375
1 0.619531 0.076563 0.026562 0.062500
3 0.675781 0.660937 0.067187 0.087500
5 0.294531 0.767969 0.082812 0.045312
21 0.184375 0.961719 0.021875 0.070312
21 0.068750 0.876563 0.062500 0.246875
21 0.146875 0.764844 0.037500 0.095312
21 0.466406 0.742188 0.345313 0.262500
21 0.853906 0.599219 0.292187 0.179688
22 0.184375 0.961719 0.021875 0.070312
22 0.068750 0.876563 0.062500 0.246875
22 0.146875 0.764844 0.037500 0.095312
22 0.466406 0.742188 0.345313 0.262500
22 0.853906 0.599219 0.292187 0.179688