0 0.517188 0.684375 0.050000 0.025000
0 0.731250 0.663281 0.062500 0.026562
0 0.825781 0.643750 0.073438 0.037500
0 0.932813 0.631250 0.134375 0.053125
0 0.509375 0.642188 0.059375 0.078125
0 0.609375 0.646094 0.143750 0.092188
4 0.666406 0.603906 0.039062 0.154688
13 0.153125 0.679688 0.081250 0.053125
13 0.346094 0.667188 0.264062 0.059375
13 0.727344 0.647656 0.098437 0.035937
21 0.048438 0.746094 0.028125 0.023438
21 0.106250 0.734375 0.040625 0.028125
21 0.254688 0.707812 0.065625 0.034375
21 0.421875 0.731250 0.165625 0.159375
22 0.048438 0.746094 0.028125 0.023438
22 0.106250 0.734375 0.040625 0.028125
22 0.254688 0.707812 0.065625 0.034375
22 0.421875 0.731250 0.165625 0.159375