0 0.670312 0.353906 0.084375 0.098437
0 0.317969 0.383594 0.073438 0.220312
0 0.485938 0.256250 0.262500 0.475000
0 0.926562 0.109375 0.146875 0.218750
0 0.212500 0.239844 0.137500 0.479687
0 0.060156 0.233594 0.120313 0.467187
3 0.160938 0.516406 0.031250 0.098437
3 0.057031 0.514844 0.114062 0.101562
3 0.789062 0.475000 0.421875 0.690625
4 0.511719 0.399219 0.004687 0.148438
4 0.362500 0.387500 0.021875 0.175000
4 0.276562 0.370312 0.012500 0.209375
4 0.629687 0.212500 0.059375 0.425000
4 0.129688 0.307812 0.034375 0.615625
5 0.159375 0.589844 0.034375 0.048438
5 0.056250 0.589063 0.112500 0.046875
5 0.791406 0.740625 0.417187 0.446875
21 0.275000 0.531250 0.200000 0.121875
22 0.275000 0.531250 0.200000 0.121875