0 0.110156 0.540625 0.029687 0.034375
0 0.919531 0.568750 0.035937 0.093750
0 0.157031 0.535937 0.060937 0.050000
0 0.260156 0.541406 0.089063 0.092188
0 0.972656 0.570312 0.054688 0.159375
0 0.026562 0.514844 0.053125 0.170313
0 0.932813 0.044531 0.134375 0.089063
2 0.144531 0.686719 0.289062 0.117188
3 0.262500 0.601562 0.065625 0.043750
3 0.107031 0.579688 0.029687 0.046875
3 0.175000 0.593750 0.103125 0.078125
3 0.057813 0.576562 0.050000 0.046875
4 0.316406 0.369531 0.101562 0.454688
7 0.082031 0.658594 0.054688 0.101562
21 0.335938 0.624219 0.090625 0.082812
21 0.988281 0.681250 0.023438 0.203125
21 0.278125 0.576562 0.043750 0.021875
21 0.710938 0.653906 0.528125 0.226562
22 0.335938 0.624219 0.090625 0.082812
22 0.988281 0.681250 0.023438 0.203125
22 0.278125 0.576562 0.043750 0.021875
22 0.710938 0.653906 0.528125 0.226562