0 0.300000 0.680469 0.040625 0.067187
0 0.365625 0.674219 0.103125 0.060937
0 0.585938 0.558594 0.115625 0.064062
0 0.828906 0.292969 0.248438 0.585938
1 0.834375 0.110156 0.056250 0.042188
2 0.825000 0.734375 0.350000 0.156250
3 0.239063 0.768750 0.393750 0.206250
3 0.547656 0.646875 0.051562 0.034375
3 0.615625 0.627344 0.043750 0.023438
3 0.796094 0.541406 0.210938 0.195312
3 0.944531 0.417187 0.104688 0.106250
5 0.989844 0.732031 0.020313 0.064062
5 0.833594 0.633594 0.307812 0.273438
5 0.965625 0.540625 0.068750 0.209375
6 0.050000 0.763281 0.031250 0.045312
6 0.479687 0.669531 0.112500 0.164062
8 0.610938 0.575000 0.071875 0.050000
11 0.252344 0.718750 0.045312 0.021875
11 0.319531 0.539844 0.639062 0.257812
13 0.733594 0.528906 0.042188 0.048438
20 0.646094 0.603125 0.029687 0.068750
21 0.589844 0.643750 0.039062 0.037500
22 0.589844 0.643750 0.039062 0.037500