0 0.420312 0.585156 0.034375 0.089063
0 0.827344 0.526563 0.026562 0.037500
0 0.872656 0.526563 0.073438 0.059375
0 0.443750 0.531250 0.121875 0.190625
0 0.308594 0.535156 0.207813 0.217188
0 0.773438 0.442188 0.018750 0.046875
0 0.746875 0.442188 0.034375 0.046875
0 0.636719 0.486719 0.151562 0.139063
0 0.904687 0.382031 0.190625 0.348438
2 0.397656 0.675781 0.045312 0.029687
2 0.492188 0.648438 0.100000 0.062500
5 0.761719 0.580469 0.117188 0.026562
6 0.217969 0.657031 0.060937 0.085938
6 0.282813 0.644531 0.071875 0.104688
21 0.129688 0.732812 0.234375 0.296875
21 0.565625 0.602344 0.053125 0.070312
21 0.660937 0.618750 0.131250 0.131250
21 0.844531 0.557031 0.114062 0.039062
22 0.129688 0.732812 0.234375 0.296875
22 0.565625 0.602344 0.053125 0.070312
22 0.660937 0.618750 0.131250 0.131250
22 0.844531 0.557031 0.114062 0.039062