0 0.392969 0.617188 0.079687 0.012500
0 0.684375 0.606250 0.031250 0.100000
0 0.658594 0.605469 0.007812 0.101562
0 0.657813 0.475000 0.009375 0.178125
0 0.833594 0.517969 0.332813 0.267188
0 0.606250 0.507812 0.090625 0.271875
0 0.210156 0.314063 0.420312 0.628125
3 0.857031 0.671875 0.139063 0.059375
8 0.508594 0.622656 0.114062 0.173437
23 0.742969 0.680469 0.117188 0.092188
23 0.947656 0.696094 0.104688 0.126562
23 0.583594 0.709375 0.189062 0.218750
23 0.225781 0.705469 0.451562 0.267188
24 0.742969 0.680469 0.117188 0.092188
24 0.947656 0.696094 0.104688 0.126562
24 0.583594 0.709375 0.189062 0.218750
24 0.225781 0.705469 0.451562 0.267188