0 0.409375 0.535937 0.031250 0.046875
0 0.314063 0.534375 0.046875 0.050000
0 0.355469 0.532031 0.029687 0.048438
0 0.494531 0.521875 0.042188 0.053125
0 0.842969 0.469531 0.101562 0.148438
0 0.748437 0.460938 0.071875 0.150000
0 0.027344 0.457031 0.054688 0.160938
0 0.435937 0.396875 0.040625 0.068750
0 0.907031 0.370312 0.089063 0.187500
0 0.954688 0.439063 0.068750 0.371875
0 0.992969 0.355469 0.014063 0.264062
0 0.127344 0.088281 0.254688 0.176563
2 0.042969 0.737500 0.085938 0.056250
4 0.638281 0.477344 0.010937 0.139063
4 0.393750 0.400000 0.037500 0.287500
9 0.398438 0.621875 0.018750 0.075000
9 0.459375 0.621094 0.028125 0.079687
15 0.402344 0.582812 0.035937 0.125000
15 0.460938 0.582812 0.037500 0.128125
20 0.557031 0.550000 0.042188 0.034375
21 0.557031 0.550000 0.042188 0.034375
23 0.303125 0.612500 0.162500 0.115625
23 0.789062 0.657031 0.421875 0.267188
24 0.303125 0.612500 0.162500 0.115625
24 0.789062 0.657031 0.421875 0.267188