0 0.039062 0.478125 0.078125 0.218750
0 0.830469 0.348438 0.339062 0.696875
0 0.675000 0.205469 0.134375 0.410938
0 0.380469 0.269531 0.526563 0.539062
1 0.597656 0.120313 0.026562 0.056250
2 0.024219 0.605469 0.032813 0.057813
2 0.394531 0.475000 0.357812 0.109375
2 0.787500 0.686719 0.425000 0.614062
8 0.150000 0.507031 0.068750 0.092188
20 0.273438 0.484375 0.018750 0.050000
20 0.569531 0.396094 0.026562 0.085938
20 0.682031 0.382812 0.054688 0.137500
21 0.273438 0.484375 0.018750 0.050000
21 0.569531 0.396094 0.026562 0.085938
21 0.682031 0.382812 0.054688 0.137500
23 0.086719 0.561719 0.120313 0.126562
23 0.637500 0.381250 0.037500 0.065625
24 0.086719 0.561719 0.120313 0.126562
24 0.637500 0.381250 0.037500 0.065625