0 0.543750 0.633594 0.031250 0.035937
0 0.299219 0.605469 0.057813 0.073438
0 0.682031 0.619531 0.035937 0.123438
0 0.649219 0.582812 0.017188 0.056250
0 0.598437 0.595313 0.068750 0.090625
0 0.733594 0.607031 0.064062 0.145313
0 0.839063 0.531250 0.162500 0.112500
0 0.075000 0.628906 0.150000 0.317188
0 0.958594 0.507031 0.082812 0.160938
1 0.209375 0.024219 0.031250 0.039062
2 0.102344 0.783594 0.204687 0.079687
2 0.753125 0.707812 0.237500 0.093750
3 0.191406 0.723437 0.014063 0.040625
3 0.223438 0.717969 0.028125 0.039062
3 0.298438 0.704688 0.115625 0.050000
3 0.069531 0.695312 0.098437 0.106250
3 0.855469 0.628906 0.289062 0.101562
4 0.639844 0.579688 0.029687 0.159375
4 0.652344 0.507812 0.032813 0.181250
4 0.714844 0.465625 0.120313 0.431250
5 0.100000 0.738281 0.156250 0.073438
6 0.313281 0.635938 0.067187 0.065625
21 0.600781 0.649219 0.032813 0.039062
22 0.600781 0.649219 0.032813 0.039062