0 0.213281 0.217188 0.157812 0.206250
0 0.539062 0.064062 0.056250 0.128125
1 0.453906 0.096875 0.023438 0.031250
3 0.487500 0.264844 0.031250 0.095312
3 0.162500 0.221875 0.325000 0.300000
3 0.558594 0.122656 0.117188 0.245312
4 0.272656 0.205469 0.045312 0.239063
5 0.033594 0.700000 0.020313 0.103125
5 0.503906 0.364063 0.073438 0.215625
5 0.186719 0.392188 0.373437 0.606250
5 0.753906 0.333594 0.492188 0.667188
7 0.532813 0.481250 0.021875 0.040625
9 0.103125 0.954688 0.059375 0.090625
9 0.150781 0.914844 0.064062 0.170313
9 0.088281 0.761719 0.082812 0.126562
9 0.245312 0.720313 0.018750 0.065625
9 0.208594 0.785937 0.114062 0.281250
9 0.300781 0.616406 0.054688 0.160938
9 0.325781 0.580469 0.032813 0.126562
11 0.416406 0.396094 0.207813 0.210938
15 0.230469 0.728906 0.067187 0.148438
15 0.195312 0.593750 0.081250 0.146875
15 0.082812 0.718750 0.150000 0.562500
15 0.308594 0.536719 0.089063 0.226562
20 0.503125 0.484375 0.025000 0.075000
20 0.438281 0.478125 0.032813 0.075000
21 0.503125 0.484375 0.025000 0.075000
21 0.438281 0.478125 0.032813 0.075000