0 0.971875 0.432031 0.028125 0.026562
0 0.926562 0.430469 0.034375 0.039062
0 0.007812 0.330469 0.015625 0.104688
0 0.828125 0.349219 0.315625 0.245312
0 0.569531 0.353125 0.232813 0.259375
2 0.132812 0.667969 0.237500 0.148438
3 0.404687 0.493750 0.025000 0.031250
3 0.442188 0.489844 0.025000 0.032813
3 0.163281 0.522656 0.326562 0.157812
20 0.424219 0.511719 0.020313 0.067187
21 0.424219 0.511719 0.020313 0.067187
23 0.494531 0.500781 0.076563 0.048438
23 0.852344 0.469531 0.073438 0.029687
23 0.963281 0.461719 0.048438 0.017188
24 0.494531 0.500781 0.076563 0.048438
24 0.852344 0.469531 0.073438 0.029687
24 0.963281 0.461719 0.048438 0.017188