0 0.509375 0.673438 0.031250 0.040625
0 0.167969 0.575781 0.110937 0.032813
0 0.423438 0.571094 0.381250 0.139063
0 0.696875 0.540625 0.062500 0.106250
0 0.823438 0.502344 0.021875 0.035937
0 0.867969 0.487500 0.048438 0.028125
0 0.974219 0.467969 0.051562 0.054688
6 0.099219 0.721094 0.198437 0.557813
8 0.355469 0.679688 0.045312 0.037500
11 0.596875 0.628906 0.046875 0.039062
11 0.742188 0.600781 0.081250 0.032813
11 0.498437 0.364844 0.996875 0.729688
17 0.214062 0.932813 0.053125 0.134375
21 0.175781 0.752344 0.029687 0.035937
21 0.171094 0.716406 0.032813 0.035937
21 0.309375 0.747656 0.156250 0.167187
21 0.566406 0.692969 0.089063 0.117188
21 0.853125 0.662500 0.293750 0.181250
22 0.175781 0.752344 0.029687 0.035937
22 0.171094 0.716406 0.032813 0.035937
22 0.309375 0.747656 0.156250 0.167187
22 0.566406 0.692969 0.089063 0.117188
22 0.853125 0.662500 0.293750 0.181250