0 0.012500 0.664844 0.025000 0.026562
0 0.596875 0.631250 0.025000 0.059375
0 0.629687 0.603125 0.028125 0.037500
0 0.064062 0.589063 0.046875 0.059375
2 0.812500 0.822656 0.153125 0.054688
2 0.604688 0.749219 0.150000 0.023438
2 0.239844 0.731250 0.079687 0.018750
3 0.737500 0.722656 0.046875 0.054688
3 0.989844 0.712500 0.020313 0.043750
3 0.936719 0.685937 0.039062 0.031250
12 0.315625 0.783594 0.159375 0.014063
12 0.646875 0.782813 0.250000 0.046875
16 0.772656 0.785156 0.026562 0.054688
21 0.647656 0.729688 0.067187 0.046875
21 0.600000 0.726562 0.015625 0.040625
21 0.932031 0.845313 0.135937 0.309375
21 0.792188 0.726562 0.106250 0.071875
21 0.117969 0.822656 0.235937 0.301563
21 0.401562 0.747656 0.253125 0.176563
22 0.647656 0.729688 0.067187 0.046875
22 0.600000 0.726562 0.015625 0.040625
22 0.932031 0.845313 0.135937 0.309375
22 0.792188 0.726562 0.106250 0.071875
22 0.117969 0.822656 0.235937 0.301563
22 0.401562 0.747656 0.253125 0.176563