0 0.218750 0.632812 0.090625 0.240625
0 0.183594 0.555469 0.045312 0.126562
0 0.079687 0.611719 0.159375 0.279687
0 0.642188 0.583594 0.715625 0.598437
2 0.153906 0.825781 0.307812 0.023438
3 0.364844 0.797656 0.048438 0.051562
3 0.283594 0.796875 0.042188 0.062500
3 0.197656 0.790625 0.120313 0.075000
3 0.047656 0.777344 0.095312 0.089063
4 0.990625 0.570312 0.018750 0.296875
10 0.552344 0.807813 0.023438 0.028125
10 0.392969 0.809375 0.026562 0.078125
10 0.314844 0.810156 0.057813 0.089063
10 0.228125 0.798438 0.028125 0.065625
14 0.330469 0.779687 0.026562 0.087500
21 0.932813 0.844531 0.068750 0.076563
21 0.665625 0.832031 0.221875 0.095312
21 0.470313 0.803906 0.140625 0.079687
22 0.932813 0.844531 0.068750 0.076563
22 0.665625 0.832031 0.221875 0.095312
22 0.470313 0.803906 0.140625 0.079687