0 0.415625 0.688281 0.062500 0.035937
0 0.358594 0.689844 0.051562 0.048438
4 0.096094 0.721875 0.023438 0.146875
4 0.962500 0.521875 0.075000 0.290625
6 0.589063 0.657813 0.190625 0.278125
21 0.050000 0.800781 0.021875 0.064062
21 0.169531 0.784375 0.101562 0.068750
21 0.332031 0.744531 0.057813 0.051562
21 0.445312 0.724219 0.106250 0.045312
21 0.709375 0.694531 0.075000 0.067187
21 0.883594 0.689063 0.232813 0.206250
22 0.050000 0.800781 0.021875 0.064062
22 0.169531 0.784375 0.101562 0.068750
22 0.332031 0.744531 0.057813 0.051562
22 0.445312 0.724219 0.106250 0.045312
22 0.709375 0.694531 0.075000 0.067187
22 0.883594 0.689063 0.232813 0.206250