0 0.334375 0.582031 0.056250 0.014063
0 0.939063 0.585938 0.121875 0.093750
0 0.065625 0.506250 0.046875 0.187500
0 0.217188 0.507031 0.171875 0.204687
0 0.108594 0.501563 0.026562 0.193750
0 0.020313 0.508594 0.040625 0.217188
2 0.093750 0.725781 0.187500 0.073438
2 0.926562 0.685937 0.146875 0.034375
2 0.330469 0.661719 0.110937 0.032813
3 0.407813 0.614844 0.043750 0.042188
3 0.254688 0.620313 0.246875 0.071875
5 0.800781 0.643750 0.039062 0.021875
5 0.935937 0.650000 0.046875 0.037500
5 0.980469 0.651563 0.039062 0.046875
23 0.711719 0.641406 0.026562 0.029687
23 0.154688 0.644531 0.056250 0.064062
23 0.500000 0.642188 0.068750 0.065625
23 0.100781 0.632812 0.017188 0.068750
23 0.024219 0.636719 0.048438 0.076563
23 0.071094 0.635938 0.029687 0.078125
24 0.711719 0.641406 0.026562 0.029687
24 0.154688 0.644531 0.056250 0.064062
24 0.500000 0.642188 0.068750 0.065625
24 0.100781 0.632812 0.017188 0.068750
24 0.024219 0.636719 0.048438 0.076563
24 0.071094 0.635938 0.029687 0.078125