0 0.521875 0.557813 0.040625 0.053125
3 0.915625 0.864062 0.168750 0.093750
3 0.908594 0.796875 0.182812 0.143750
3 0.760938 0.758594 0.068750 0.076563
3 0.653125 0.730469 0.028125 0.035937
3 0.407031 0.717969 0.032813 0.032813
3 0.791406 0.687500 0.417187 0.146875
3 0.755469 0.085938 0.082812 0.171875
5 0.430469 0.708594 0.045312 0.032813
5 0.195312 0.684375 0.390625 0.250000
13 0.433594 0.647656 0.092188 0.110937
13 0.760156 0.354687 0.429688 0.709375
17 0.822656 0.788281 0.045312 0.120313
17 0.717187 0.761719 0.025000 0.079687
17 0.597656 0.724219 0.045312 0.039062
21 0.503125 0.736719 0.081250 0.126562
22 0.503125 0.736719 0.081250 0.126562