0 0.051562 0.636719 0.093750 0.173437
0 0.610156 0.507812 0.076563 0.087500
0 0.210938 0.582031 0.250000 0.248438
0 0.343750 0.538281 0.065625 0.167187
0 0.722656 0.476562 0.179688 0.137500
0 0.907031 0.445312 0.182812 0.103125
2 0.142187 0.710156 0.106250 0.048438
2 0.257812 0.686719 0.121875 0.054688
3 0.224219 0.659375 0.085938 0.046875
3 0.766406 0.514062 0.107813 0.062500
4 0.548438 0.481250 0.040625 0.131250
4 0.317969 0.507031 0.048438 0.223438
4 0.617188 0.460938 0.078125 0.209375
4 0.076563 0.503906 0.090625 0.451562
4 0.771094 0.287500 0.145313 0.559375
5 0.925000 0.550000 0.150000 0.050000
7 0.042188 0.713281 0.031250 0.048438
7 0.082031 0.704688 0.048438 0.050000
7 0.128906 0.693750 0.023438 0.040625
23 0.314063 0.640625 0.081250 0.071875
23 0.496094 0.628906 0.123438 0.164062
23 0.694531 0.566406 0.067187 0.060937
23 0.618750 0.542188 0.031250 0.031250
23 0.572656 0.564844 0.064062 0.076563
24 0.314063 0.640625 0.081250 0.071875
24 0.496094 0.628906 0.123438 0.164062
24 0.694531 0.566406 0.067187 0.060937
24 0.618750 0.542188 0.031250 0.031250
24 0.572656 0.564844 0.064062 0.076563