0 0.552344 0.423438 0.014063 0.071875
0 0.593750 0.406250 0.062500 0.081250
0 0.517969 0.383594 0.014063 0.039062
0 0.442188 0.383594 0.043750 0.039062
0 0.482031 0.375781 0.032813 0.054688
0 0.644531 0.398438 0.020313 0.106250
0 0.667188 0.388281 0.021875 0.104688
0 0.389062 0.353125 0.031250 0.100000
0 0.721875 0.367188 0.062500 0.156250
0 0.006250 0.341406 0.012500 0.104688
0 0.148438 0.361719 0.056250 0.151562
0 0.339844 0.343750 0.035937 0.118750
0 0.185938 0.353906 0.015625 0.151562
0 0.061719 0.335156 0.085938 0.120313
0 0.274219 0.346094 0.070312 0.214062
0 0.889844 0.295312 0.220312 0.396875
0 0.037500 0.014844 0.031250 0.029687
1 0.012500 0.203125 0.025000 0.046875
1 0.680469 0.056250 0.042188 0.084375
5 0.878125 0.528906 0.243750 0.073438
5 0.721094 0.510938 0.014063 0.040625
8 0.518750 0.431250 0.018750 0.056250
8 0.453125 0.432031 0.093750 0.057813
8 0.387500 0.425781 0.028125 0.045312
8 0.347656 0.421094 0.020313 0.035937
8 0.072656 0.425781 0.064062 0.067187
8 0.006250 0.423438 0.012500 0.062500
21 0.667188 0.450000 0.018750 0.031250
21 0.589063 0.447656 0.056250 0.029687
21 0.703906 0.446875 0.020313 0.034375
21 0.347656 0.444531 0.020313 0.029687
21 0.789844 0.442969 0.017188 0.045312
22 0.667188 0.450000 0.018750 0.031250
22 0.589063 0.447656 0.056250 0.029687
22 0.703906 0.446875 0.020313 0.034375
22 0.347656 0.444531 0.020313 0.029687
22 0.789844 0.442969 0.017188 0.045312