0 0.025000 0.644531 0.046875 0.029687
0 0.796094 0.535937 0.070312 0.078125
0 0.647656 0.560156 0.045312 0.204687
0 0.646094 0.333594 0.048438 0.157812
0 0.300781 0.444531 0.601562 0.435937
1 0.104688 0.529687 0.096875 0.062500
2 0.727344 0.958594 0.151562 0.082812
2 0.298438 0.921094 0.593750 0.157812
3 0.704688 0.794531 0.150000 0.273438
3 0.302344 0.778906 0.604688 0.260937
4 0.642969 0.500000 0.254688 1.000000
21 0.889062 0.846094 0.221875 0.185938
21 0.024219 0.813281 0.048438 0.242188
22 0.889062 0.846094 0.221875 0.185938
22 0.024219 0.813281 0.048438 0.242188