0 0.800000 0.503125 0.034375 0.050000
0 0.759375 0.495312 0.043750 0.040625
0 0.693750 0.483594 0.015625 0.057813
0 0.715625 0.483594 0.025000 0.064062
0 0.871875 0.460938 0.053125 0.040625
0 0.950781 0.474219 0.098437 0.076563
0 0.442188 0.452344 0.037500 0.070312
0 0.398438 0.445312 0.040625 0.065625
0 0.028125 0.399219 0.056250 0.035937
0 0.333594 0.427344 0.082812 0.117188
0 0.238281 0.394531 0.042188 0.051562
2 0.036719 0.635156 0.073438 0.035937
2 0.961719 0.575000 0.076563 0.025000
2 0.755469 0.535156 0.120313 0.023438
21 0.627344 0.500781 0.051562 0.035937
21 0.564844 0.500781 0.057813 0.054688
21 0.871094 0.529687 0.114062 0.115625
21 0.264062 0.454688 0.109375 0.081250
21 0.099219 0.465625 0.198437 0.106250
22 0.627344 0.500781 0.051562 0.035937
22 0.564844 0.500781 0.057813 0.054688
22 0.871094 0.529687 0.114062 0.115625
22 0.264062 0.454688 0.109375 0.081250
22 0.099219 0.465625 0.198437 0.106250