0 0.076563 0.654687 0.087500 0.043750
2 0.835938 0.775781 0.328125 0.092188
5 0.889062 0.725781 0.221875 0.092188
6 0.445312 0.686719 0.028125 0.042188
13 0.331250 0.660937 0.059375 0.056250
13 0.275781 0.657813 0.048438 0.078125
13 0.130469 0.645312 0.189062 0.084375
21 0.213281 0.715625 0.073438 0.062500
21 0.010937 0.757031 0.021875 0.157812
21 0.485156 0.699219 0.042188 0.045312
21 0.071094 0.741406 0.089063 0.135937
21 0.604688 0.715625 0.112500 0.121875
22 0.213281 0.715625 0.073438 0.062500
22 0.010937 0.757031 0.021875 0.157812
22 0.485156 0.699219 0.042188 0.045312
22 0.071094 0.741406 0.089063 0.135937
22 0.604688 0.715625 0.112500 0.121875