0 0.315625 0.607031 0.053125 0.035937
0 0.217969 0.577344 0.092188 0.135937
3 0.079687 0.696875 0.087500 0.028125
3 0.841406 0.571875 0.317188 0.096875
8 0.638281 0.595313 0.039062 0.056250
23 0.305469 0.710156 0.229687 0.198437
23 0.617188 0.646094 0.096875 0.085938
23 0.496875 0.675000 0.140625 0.143750
23 0.809375 0.650781 0.234375 0.167187
24 0.305469 0.710156 0.229687 0.198437
24 0.617188 0.646094 0.096875 0.085938
24 0.496875 0.675000 0.140625 0.143750
24 0.809375 0.650781 0.234375 0.167187