0 0.613281 0.379688 0.051562 0.237500
0 0.692969 0.359375 0.095312 0.271875
0 0.964063 0.353906 0.071875 0.264062
0 0.877344 0.245312 0.245312 0.490625
3 0.601562 0.512500 0.075000 0.034375
3 0.693750 0.514062 0.093750 0.046875
3 0.835938 0.525000 0.162500 0.078125
3 0.963281 0.531250 0.073438 0.093750
3 0.151562 0.488281 0.056250 0.051562
5 0.450000 0.482031 0.050000 0.023438
5 0.395313 0.482812 0.056250 0.025000
23 0.137500 0.509375 0.043750 0.015625
23 0.408594 0.515625 0.120313 0.071875
23 0.305469 0.515625 0.060937 0.081250
24 0.137500 0.509375 0.043750 0.015625
24 0.408594 0.515625 0.120313 0.071875
24 0.305469 0.515625 0.060937 0.081250