0 0.747656 0.667188 0.039062 0.021875
0 0.101562 0.667188 0.090625 0.021875
0 0.910937 0.656250 0.178125 0.068750
0 0.369531 0.627344 0.195312 0.089063
6 0.561719 0.646094 0.076563 0.154688
21 0.408594 0.700000 0.070312 0.065625
21 0.490625 0.675000 0.068750 0.028125
21 0.335156 0.681250 0.057813 0.053125
21 0.677344 0.699219 0.154688 0.104688
22 0.408594 0.700000 0.070312 0.065625
22 0.490625 0.675000 0.068750 0.028125
22 0.335156 0.681250 0.057813 0.053125
22 0.677344 0.699219 0.154688 0.104688