0 0.788281 0.610156 0.101562 0.020313
0 0.633594 0.612500 0.029687 0.031250
0 0.084375 0.607031 0.168750 0.064062
0 0.243750 0.608594 0.143750 0.101562
0 0.331250 0.572656 0.025000 0.045312
6 0.412500 0.596094 0.050000 0.054688
23 0.253125 0.658594 0.050000 0.048438
23 0.465625 0.644531 0.037500 0.042188
23 0.387500 0.668750 0.125000 0.115625
23 0.094531 0.715625 0.189062 0.209375
23 0.525781 0.652344 0.082812 0.098437
24 0.253125 0.658594 0.050000 0.048438
24 0.465625 0.644531 0.037500 0.042188
24 0.387500 0.668750 0.125000 0.115625
24 0.094531 0.715625 0.189062 0.209375
24 0.525781 0.652344 0.082812 0.098437