0 0.122656 0.637500 0.042188 0.068750
0 0.184375 0.609375 0.043750 0.028125
0 0.259375 0.595313 0.021875 0.028125
0 0.053125 0.643750 0.090625 0.150000
0 0.226562 0.581250 0.043750 0.068750
0 0.317969 0.594531 0.085938 0.135937
0 0.762500 0.583594 0.318750 0.364063
3 0.134375 0.784375 0.268750 0.087500
11 0.282813 0.709375 0.037500 0.075000
11 0.651563 0.403125 0.696875 0.806250
23 0.461719 0.763281 0.032813 0.032813
23 0.329688 0.753906 0.028125 0.035937
23 0.397656 0.769531 0.070312 0.082812
23 0.054688 0.732812 0.059375 0.021875
24 0.461719 0.763281 0.032813 0.032813
24 0.329688 0.753906 0.028125 0.035937
24 0.397656 0.769531 0.070312 0.082812
24 0.054688 0.732812 0.059375 0.021875