0 0.432031 0.628906 0.039062 0.029687
0 0.130469 0.647656 0.023438 0.104688
0 0.455469 0.602344 0.023438 0.045312
0 0.417969 0.525000 0.029687 0.056250
0 0.721094 0.384375 0.542188 0.359375
0 0.139063 0.389844 0.278125 0.626563
2 0.205469 0.724219 0.170313 0.076563
3 0.165625 0.726562 0.159375 0.075000
3 0.258594 0.698438 0.023438 0.040625
8 0.670312 0.592187 0.278125 0.168750
10 0.544531 0.827344 0.142187 0.232813
14 0.557031 0.692969 0.173437 0.345313
20 0.243750 0.691406 0.015625 0.067187
21 0.243750 0.691406 0.015625 0.067187
23 0.336719 0.670312 0.110937 0.043750
23 0.087500 0.811719 0.146875 0.376563
23 0.453906 0.700781 0.070312 0.182812
23 0.609375 0.685156 0.121875 0.179688
23 0.890625 0.608594 0.218750 0.135937
24 0.336719 0.670312 0.110937 0.043750
24 0.087500 0.811719 0.146875 0.376563
24 0.453906 0.700781 0.070312 0.182812
24 0.609375 0.685156 0.121875 0.179688
24 0.890625 0.608594 0.218750 0.135937