0 0.261719 0.425781 0.039062 0.154688
0 0.228125 0.303906 0.456250 0.535937
0 0.712500 0.226562 0.525000 0.453125
2 0.182031 0.707812 0.267188 0.265625
2 0.314063 0.507812 0.034375 0.028125
2 0.678125 0.453906 0.053125 0.020313
2 0.801562 0.435937 0.078125 0.018750
2 0.602344 0.439063 0.095312 0.056250
3 0.099219 0.682813 0.179688 0.275000
3 0.180469 0.544531 0.048438 0.070312
3 0.233594 0.539844 0.064062 0.073438
3 0.289062 0.549219 0.043750 0.095312
21 0.375000 0.464062 0.100000 0.096875
21 0.513281 0.423438 0.104688 0.043750
21 0.909375 0.392188 0.153125 0.150000
22 0.375000 0.464062 0.100000 0.096875
22 0.513281 0.423438 0.104688 0.043750
22 0.909375 0.392188 0.153125 0.150000