0 0.820312 0.630469 0.050000 0.045312
0 0.632812 0.625000 0.034375 0.065625
0 0.950781 0.540625 0.098437 0.221875
0 0.765625 0.512500 0.290625 0.275000
2 0.937500 0.707812 0.125000 0.040625
3 0.972656 0.671875 0.054688 0.050000
3 0.900781 0.667969 0.079687 0.054688
4 0.460156 0.574219 0.020313 0.110937
4 0.727344 0.544531 0.070312 0.207813
4 0.384375 0.569531 0.043750 0.267188
23 0.317969 0.833594 0.548438 0.332813
23 0.734375 0.694531 0.284375 0.104688
24 0.317969 0.833594 0.548438 0.332813
24 0.734375 0.694531 0.284375 0.104688