0 0.337500 0.319531 0.675000 0.489063
0 0.744531 0.226562 0.248438 0.421875
2 0.603125 0.753906 0.793750 0.492188
8 0.589063 0.585156 0.096875 0.079687
8 0.675781 0.560937 0.054688 0.084375
10 0.223438 0.753906 0.096875 0.079687
10 0.343750 0.703906 0.068750 0.067187
23 0.198437 0.746094 0.315625 0.176563
23 0.409375 0.667969 0.103125 0.070312
23 0.547656 0.658594 0.139063 0.104688
23 0.749219 0.562500 0.082812 0.056250
23 0.910156 0.492969 0.167187 0.079687
24 0.198437 0.746094 0.315625 0.176563
24 0.409375 0.667969 0.103125 0.070312
24 0.547656 0.658594 0.139063 0.104688
24 0.749219 0.562500 0.082812 0.056250
24 0.910156 0.492969 0.167187 0.079687