1 0.471875 0.072656 0.028125 0.020313
3 0.057031 0.642969 0.082812 0.054688
3 0.117969 0.628906 0.035937 0.042188
3 0.164062 0.619531 0.043750 0.042188
3 0.218750 0.605469 0.059375 0.039062
3 0.271094 0.593750 0.042188 0.034375
3 0.351562 0.578906 0.118750 0.042188
3 0.449219 0.558594 0.064062 0.039062
3 0.500000 0.550000 0.037500 0.034375
3 0.563281 0.536719 0.070312 0.039062
3 0.616406 0.526563 0.039062 0.031250
3 0.690625 0.512500 0.100000 0.043750
3 0.942969 0.462500 0.042188 0.025000
4 0.533594 0.544531 0.042188 0.082812
4 0.580469 0.491406 0.082812 0.176563
4 0.888281 0.271094 0.223438 0.542188
7 0.668750 0.539844 0.037500 0.029687
11 0.280469 0.616406 0.051562 0.051562
11 0.330469 0.605469 0.045312 0.045312
11 0.382812 0.592969 0.056250 0.045312
11 0.453125 0.576562 0.062500 0.043750
23 0.425000 0.623437 0.078125 0.075000
24 0.425000 0.623437 0.078125 0.075000