0 0.007031 0.432031 0.014063 0.073438
0 0.605469 0.319531 0.507812 0.620313
2 0.314063 0.731250 0.084375 0.028125
2 0.644531 0.728906 0.207813 0.032813
2 0.385937 0.723437 0.053125 0.025000
2 0.240625 0.721094 0.043750 0.048438
2 0.469531 0.710938 0.110937 0.034375
2 0.601562 0.704688 0.156250 0.037500
2 0.818750 0.667969 0.065625 0.017188
3 0.307812 0.692187 0.031250 0.025000
3 0.279687 0.700000 0.025000 0.043750
3 0.346875 0.682031 0.015625 0.051562
3 0.613281 0.655469 0.023438 0.029687
3 0.379688 0.674219 0.056250 0.067187
3 0.462500 0.663281 0.118750 0.073438
3 0.557813 0.651563 0.084375 0.062500
3 0.653125 0.622656 0.084375 0.039062
3 0.781250 0.620313 0.040625 0.043750
3 0.739844 0.620313 0.026562 0.050000
3 0.871875 0.609375 0.031250 0.043750
3 0.905469 0.605469 0.042188 0.048438
7 0.769531 0.652344 0.023438 0.048438
9 0.742188 0.667188 0.028125 0.059375
9 0.699219 0.668750 0.048438 0.068750
12 0.828125 0.763281 0.343750 0.067187
15 0.707812 0.639844 0.043750 0.101562
20 0.267969 0.716406 0.023438 0.067187
21 0.267969 0.716406 0.023438 0.067187
23 0.081250 0.739062 0.093750 0.068750
23 0.181250 0.707031 0.090625 0.054688
24 0.081250 0.739062 0.093750 0.068750
24 0.181250 0.707031 0.090625 0.054688