0 0.630469 0.487500 0.023438 0.031250
0 0.248438 0.473438 0.018750 0.062500
0 0.293750 0.457031 0.062500 0.070312
0 0.628125 0.429688 0.021875 0.037500
0 0.925781 0.433594 0.148438 0.185938
0 0.756250 0.410156 0.231250 0.198437
0 0.568750 0.403125 0.134375 0.184375
0 0.388281 0.383594 0.189062 0.245312
0 0.117188 0.314844 0.234375 0.357812
3 0.066406 0.559375 0.132812 0.075000
3 0.601562 0.557813 0.090625 0.078125
3 0.665625 0.545312 0.025000 0.078125
3 0.421094 0.553125 0.110937 0.096875
3 0.260937 0.515625 0.068750 0.021875
4 0.646094 0.452344 0.029687 0.282813
23 0.826562 0.526563 0.346875 0.087500
24 0.826562 0.526563 0.346875 0.087500