0 0.151562 0.622656 0.034375 0.045312
0 0.098437 0.621094 0.062500 0.067187
0 0.057031 0.620313 0.023438 0.081250
0 0.021094 0.613281 0.026562 0.095312
0 0.252344 0.596094 0.051562 0.070312
0 0.342187 0.564844 0.106250 0.104688
0 0.737500 0.305469 0.525000 0.610938
0 0.287500 0.139063 0.575000 0.278125
2 0.521875 0.679688 0.087500 0.015625
2 0.504687 0.634375 0.025000 0.028125
2 0.557813 0.628906 0.053125 0.029687
21 0.172656 0.664062 0.123438 0.043750
21 0.232813 0.629687 0.037500 0.021875
21 0.500000 0.614844 0.021875 0.045312
21 0.834375 0.594531 0.181250 0.076563
21 0.655469 0.600000 0.104688 0.100000
21 0.984375 0.567969 0.031250 0.057813
22 0.172656 0.664062 0.123438 0.043750
22 0.232813 0.629687 0.037500 0.021875
22 0.500000 0.614844 0.021875 0.045312
22 0.834375 0.594531 0.181250 0.076563
22 0.655469 0.600000 0.104688 0.100000
22 0.984375 0.567969 0.031250 0.057813