0 0.588281 0.541406 0.132812 0.370312
0 0.737500 0.214062 0.134375 0.265625
0 0.823438 0.061719 0.106250 0.123438
3 0.092969 0.816406 0.095312 0.095312
3 0.240625 0.782813 0.137500 0.078125
3 0.449219 0.738281 0.051562 0.023438
4 0.178906 0.729688 0.023438 0.087500
5 0.098437 0.864062 0.084375 0.059375
5 0.242969 0.808594 0.132812 0.064062
5 0.774219 0.421094 0.451562 0.842187
13 0.078125 0.726562 0.118750 0.146875
13 0.385156 0.685156 0.020313 0.104688
13 0.232813 0.696875 0.146875 0.162500
13 0.357812 0.669531 0.031250 0.145313
13 0.440625 0.657031 0.062500 0.126562
13 0.534375 0.615625 0.068750 0.221875