0 0.376563 0.472656 0.040625 0.082812
0 0.335938 0.475000 0.037500 0.090625
0 0.760156 0.317969 0.126562 0.167187
0 0.269531 0.377344 0.085938 0.301563
0 0.257031 0.167969 0.067187 0.064062
0 0.902344 0.181250 0.195312 0.362500
0 0.143750 0.247656 0.287500 0.495312
2 0.207813 0.789844 0.415625 0.420312
4 0.676562 0.328125 0.009375 0.215625
8 0.747656 0.432812 0.132812 0.081250
20 0.450000 0.489844 0.040625 0.051562
20 0.337500 0.490625 0.015625 0.062500
20 0.281250 0.499219 0.031250 0.079687
21 0.450000 0.489844 0.040625 0.051562
21 0.337500 0.490625 0.015625 0.062500
21 0.281250 0.499219 0.031250 0.079687
23 0.250000 0.542969 0.037500 0.089063
23 0.113281 0.587500 0.226562 0.356250
23 0.758594 0.655469 0.482812 0.689063
24 0.250000 0.542969 0.037500 0.089063
24 0.113281 0.587500 0.226562 0.356250
24 0.758594 0.655469 0.482812 0.689063