0 0.478125 0.207031 0.050000 0.048438
0 0.711719 0.198437 0.051562 0.043750
0 0.207031 0.189844 0.414062 0.267188
2 0.739062 0.750781 0.521875 0.498437
2 0.573438 0.439063 0.090625 0.065625
3 0.015625 0.538281 0.031250 0.092188
3 0.010937 0.464844 0.021875 0.045312
3 0.469531 0.404687 0.032813 0.025000
3 0.504687 0.400781 0.034375 0.026562
3 0.192969 0.373437 0.385937 0.296875
21 0.678906 0.392188 0.067187 0.046875
21 0.773438 0.374219 0.068750 0.060937
21 0.929688 0.368750 0.075000 0.078125
22 0.678906 0.392188 0.067187 0.046875
22 0.773438 0.374219 0.068750 0.060937
22 0.929688 0.368750 0.075000 0.078125