0 0.022656 0.496875 0.045312 0.025000
0 0.086719 0.488281 0.073438 0.042188
0 0.940625 0.495312 0.118750 0.068750
0 0.791406 0.491406 0.148438 0.060937
0 0.739062 0.397656 0.025000 0.057813
2 0.865625 0.573438 0.268750 0.071875
4 0.301563 0.427344 0.006250 0.214062
6 0.472656 0.496875 0.020313 0.078125
9 0.425000 0.602344 0.078125 0.223438
15 0.439063 0.501563 0.084375 0.287500
23 0.240625 0.513281 0.040625 0.026562
23 0.311719 0.514062 0.014063 0.037500
23 0.130469 0.514844 0.101562 0.042188
23 0.656250 0.531250 0.150000 0.084375
23 0.368750 0.515625 0.093750 0.106250
24 0.240625 0.513281 0.040625 0.026562
24 0.311719 0.514062 0.014063 0.037500
24 0.130469 0.514844 0.101562 0.042188
24 0.656250 0.531250 0.150000 0.084375
24 0.368750 0.515625 0.093750 0.106250