1 0.719531 0.023438 0.064062 0.040625
2 0.761719 0.784375 0.476562 0.096875
3 0.549219 0.713281 0.032813 0.048438
3 0.785156 0.712500 0.429688 0.187500
4 0.547656 0.614062 0.082812 0.250000
4 0.875781 0.089844 0.248438 0.139063
11 0.263281 0.671094 0.210938 0.120313
11 0.192969 0.607812 0.085938 0.090625
11 0.072656 0.613281 0.145313 0.257812
23 0.150781 0.746094 0.079687 0.048438
23 0.503125 0.728125 0.043750 0.046875
23 0.240625 0.736719 0.075000 0.073438
23 0.416406 0.745313 0.117188 0.128125
24 0.150781 0.746094 0.079687 0.048438
24 0.503125 0.728125 0.043750 0.046875
24 0.240625 0.736719 0.075000 0.073438
24 0.416406 0.745313 0.117188 0.128125