0 0.389844 0.542188 0.045312 0.075000
0 0.107031 0.531250 0.020313 0.071875
0 0.389062 0.488281 0.040625 0.023438
0 0.564844 0.518750 0.039062 0.093750
0 0.531250 0.523438 0.021875 0.106250
0 0.046875 0.517969 0.093750 0.110937
0 0.166406 0.521875 0.085938 0.125000
0 0.221875 0.508594 0.021875 0.101562
0 0.248438 0.514062 0.025000 0.115625
0 0.456250 0.511719 0.084375 0.114062
0 0.305469 0.513281 0.089063 0.135937
0 0.529687 0.416406 0.018750 0.032813
0 0.672656 0.441406 0.260937 0.257812
0 0.889062 0.200000 0.221875 0.400000
2 0.771875 0.674219 0.456250 0.185938
3 0.989062 0.608594 0.021875 0.070312
3 0.896094 0.530469 0.139063 0.220312
4 0.378125 0.485156 0.050000 0.189062
4 0.574219 0.475781 0.039062 0.176563
4 0.260156 0.489063 0.029687 0.203125
4 0.497656 0.481250 0.107813 0.218750
4 0.817969 0.491406 0.054688 0.285938
4 0.144531 0.356250 0.076563 0.478125
4 0.668750 0.150781 0.275000 0.298438
18 0.819531 0.432812 0.029687 0.118750
21 0.153125 0.572656 0.053125 0.026562
21 0.090625 0.569531 0.046875 0.026562
21 0.617188 0.564063 0.056250 0.025000
21 0.780469 0.529687 0.064062 0.131250
22 0.153125 0.572656 0.053125 0.026562
22 0.090625 0.569531 0.046875 0.026562
22 0.617188 0.564063 0.056250 0.025000
22 0.780469 0.529687 0.064062 0.131250