0 0.425781 0.689844 0.042188 0.060937
0 0.113281 0.721094 0.182812 0.151562
0 0.256250 0.707031 0.087500 0.129688
0 0.339844 0.690625 0.085938 0.100000
0 0.482812 0.657813 0.075000 0.090625
0 0.982812 0.528125 0.034375 0.175000
0 0.886719 0.521875 0.214062 0.234375
1 0.409375 0.174219 0.028125 0.026562
2 0.239844 0.902344 0.367188 0.195312
2 0.150781 0.816406 0.079687 0.023438
2 0.267188 0.793750 0.071875 0.025000
2 0.351562 0.777344 0.081250 0.026562
2 0.488281 0.746875 0.135937 0.050000
2 0.966406 0.686719 0.067187 0.017188
3 0.260156 0.732031 0.070312 0.032813
3 0.950000 0.644531 0.090625 0.042188
4 0.530469 0.633594 0.032813 0.192188
4 0.357031 0.416406 0.135937 0.779687
12 0.364844 0.801562 0.064062 0.028125
12 0.710156 0.761719 0.579688 0.092188
21 0.076563 0.817187 0.068750 0.065625
21 0.156250 0.767188 0.046875 0.040625
21 0.196875 0.760938 0.025000 0.040625
21 0.360938 0.730469 0.053125 0.042188
21 0.432031 0.721875 0.042188 0.043750
21 0.502344 0.714844 0.057813 0.035937
21 0.742969 0.681250 0.067187 0.037500
21 0.617969 0.705469 0.148438 0.132812
21 0.867188 0.677344 0.134375 0.095312
22 0.076563 0.817187 0.068750 0.065625
22 0.156250 0.767188 0.046875 0.040625
22 0.196875 0.760938 0.025000 0.040625
22 0.360938 0.730469 0.053125 0.042188
22 0.432031 0.721875 0.042188 0.043750
22 0.502344 0.714844 0.057813 0.035937
22 0.742969 0.681250 0.067187 0.037500
22 0.617969 0.705469 0.148438 0.132812
22 0.867188 0.677344 0.134375 0.095312