0 0.586719 0.625781 0.026562 0.035937
0 0.616406 0.620313 0.035937 0.046875
0 0.435937 0.596875 0.075000 0.081250
0 0.164844 0.588281 0.048438 0.085938
0 0.853125 0.558594 0.028125 0.051562
0 0.910937 0.549219 0.078125 0.051562
0 0.983594 0.532031 0.032813 0.023438
0 0.728906 0.530469 0.201563 0.214062
0 0.201563 0.372656 0.403125 0.626563
2 0.275781 0.797656 0.460938 0.317188
4 0.578125 0.511719 0.053125 0.264062
4 0.382812 0.467969 0.056250 0.392188
4 0.819531 0.409375 0.151562 0.496875
13 0.518750 0.617969 0.031250 0.029687
13 0.553125 0.603125 0.031250 0.043750
13 0.839844 0.539062 0.042188 0.053125
13 0.932813 0.484375 0.134375 0.109375
22 0.426563 0.635938 0.046875 0.053125
23 0.218750 0.662500 0.153125 0.153125
23 0.028125 0.675000 0.043750 0.187500
24 0.218750 0.662500 0.153125 0.153125
24 0.028125 0.675000 0.043750 0.187500