0 0.559375 0.529687 0.037500 0.034375
0 0.526563 0.526563 0.018750 0.046875
0 0.496875 0.521875 0.028125 0.056250
0 0.318750 0.464844 0.043750 0.057813
0 0.664062 0.466406 0.093750 0.107813
0 0.396094 0.478125 0.110937 0.137500
0 0.857031 0.442188 0.285938 0.159375
2 0.895312 0.610938 0.209375 0.028125
2 0.722656 0.593750 0.123438 0.025000
2 0.450000 0.778125 0.715625 0.443750
2 0.450000 0.563281 0.212500 0.032813
3 0.875000 0.581250 0.168750 0.053125
3 0.750000 0.575000 0.068750 0.040625
3 0.675000 0.566406 0.071875 0.039062
3 0.519531 0.554688 0.089063 0.031250
4 0.697656 0.460938 0.035937 0.253125
5 0.357031 0.532031 0.110937 0.032813
21 0.609375 0.567969 0.106250 0.073438
22 0.609375 0.567969 0.106250 0.073438