0 0.446094 0.702344 0.017188 0.035937
0 0.711719 0.688281 0.023438 0.039062
0 0.575000 0.674219 0.015625 0.073438
0 0.215625 0.677344 0.084375 0.104688
0 0.811719 0.666406 0.057813 0.092188
0 0.368750 0.662500 0.018750 0.084375
0 0.152344 0.660937 0.048438 0.137500
0 0.218750 0.604688 0.081250 0.031250
0 0.321875 0.641406 0.062500 0.139063
0 0.539844 0.644531 0.048438 0.148438
0 0.584375 0.582812 0.037500 0.106250
0 0.919531 0.628125 0.160938 0.200000
0 0.072656 0.359375 0.145313 0.365625
2 0.206250 0.879687 0.412500 0.240625
2 0.404687 0.769531 0.087500 0.023438
2 0.954688 0.732031 0.090625 0.010937
8 0.753125 0.671094 0.053125 0.026562
21 0.204687 0.726562 0.090625 0.028125
21 0.324219 0.729688 0.054688 0.053125
21 0.881250 0.720313 0.056250 0.037500
21 0.645312 0.720313 0.059375 0.043750
21 0.767188 0.730469 0.168750 0.104688
22 0.204687 0.726562 0.090625 0.028125
22 0.324219 0.729688 0.054688 0.053125
22 0.881250 0.720313 0.056250 0.037500
22 0.645312 0.720313 0.059375 0.043750
22 0.767188 0.730469 0.168750 0.104688