0 0.705469 0.458594 0.051562 0.089063
0 0.670312 0.436719 0.025000 0.095312
0 0.850781 0.334375 0.057813 0.071875
0 0.641406 0.383594 0.204687 0.214062
0 0.346875 0.362500 0.371875 0.287500
0 0.082031 0.321094 0.164062 0.276562
2 0.031250 0.560156 0.062500 0.020313
2 0.103125 0.554688 0.071875 0.015625
2 0.824219 0.602344 0.351562 0.151562
2 0.411719 0.528906 0.089063 0.014063
3 0.915625 0.528125 0.168750 0.156250
3 0.015625 0.485156 0.031250 0.117188
4 0.536719 0.426563 0.042188 0.190625
4 0.180469 0.335938 0.085938 0.443750
6 0.192969 0.488281 0.070312 0.064062
6 0.048438 0.488281 0.040625 0.110937
6 0.107031 0.487500 0.076563 0.112500
7 0.273438 0.493750 0.053125 0.043750
21 0.218750 0.526563 0.140625 0.081250
21 0.710156 0.520312 0.064062 0.075000
21 0.603906 0.530469 0.098437 0.098437
21 0.491406 0.507812 0.073438 0.053125
21 0.667188 0.521094 0.018750 0.092188
22 0.218750 0.526563 0.140625 0.081250
22 0.710156 0.520312 0.064062 0.075000
22 0.603906 0.530469 0.098437 0.098437
22 0.491406 0.507812 0.073438 0.053125
22 0.667188 0.521094 0.018750 0.092188