0 0.689063 0.586719 0.078125 0.032813
0 0.909375 0.535156 0.018750 0.045312
2 0.971875 0.780469 0.056250 0.057813
2 0.625000 0.724219 0.162500 0.070312
4 0.471875 0.529687 0.065625 0.193750
5 0.745313 0.684375 0.106250 0.037500
5 0.169531 0.699219 0.185938 0.085938
6 0.407031 0.653125 0.020313 0.028125
6 0.464844 0.643750 0.089063 0.040625
12 0.339844 0.787500 0.057813 0.021875
18 0.664062 0.610938 0.059375 0.046875
18 0.915625 0.430469 0.165625 0.257812
21 0.175781 0.797656 0.279687 0.192188
21 0.445312 0.768750 0.253125 0.234375
21 0.822656 0.689063 0.051562 0.096875
21 0.625781 0.628125 0.032813 0.025000
21 0.728125 0.612500 0.075000 0.053125
21 0.947656 0.625781 0.104688 0.207813
22 0.175781 0.797656 0.279687 0.192188
22 0.445312 0.768750 0.253125 0.234375
22 0.822656 0.689063 0.051562 0.096875
22 0.625781 0.628125 0.032813 0.025000
22 0.728125 0.612500 0.075000 0.053125
22 0.947656 0.625781 0.104688 0.207813