0 0.990625 0.600781 0.018750 0.051562
0 0.509375 0.587500 0.018750 0.046875
0 0.035937 0.570312 0.071875 0.415625
0 0.870313 0.496094 0.256250 0.270313
0 0.331250 0.364844 0.046875 0.098437
0 0.805469 0.335156 0.170313 0.157812
0 0.939844 0.196875 0.032813 0.021875
1 0.659375 0.381250 0.031250 0.040625
2 0.083594 0.798438 0.064062 0.087500
2 0.651563 0.650781 0.028125 0.035937
2 0.896094 0.700781 0.207813 0.151562
2 0.741406 0.636719 0.035937 0.042188
3 0.857031 0.270313 0.220312 0.128125
6 0.078906 0.696094 0.039062 0.051562
6 0.144531 0.682813 0.045312 0.059375
8 0.289844 0.658594 0.264062 0.270313
10 0.835156 0.735156 0.242188 0.285938
21 0.084375 0.737500 0.037500 0.043750
21 0.158594 0.760938 0.107813 0.131250
21 0.585938 0.687500 0.356250 0.275000
21 0.766406 0.603125 0.042188 0.109375
22 0.084375 0.737500 0.037500 0.043750
22 0.158594 0.760938 0.107813 0.131250
22 0.585938 0.687500 0.356250 0.275000
22 0.766406 0.603125 0.042188 0.109375