0 0.123438 0.472656 0.053125 0.064062
0 0.042188 0.472656 0.084375 0.164062
0 0.102344 0.403125 0.045312 0.059375
0 0.503125 0.387500 0.059375 0.059375
0 0.625781 0.353125 0.073438 0.025000
0 0.160938 0.398438 0.096875 0.146875
0 0.764062 0.304688 0.056250 0.046875
0 0.807031 0.308594 0.035937 0.060937
0 0.860938 0.290625 0.087500 0.096875
0 0.561719 0.271094 0.326562 0.232813
0 0.746094 0.066406 0.029687 0.057813
0 0.864062 0.161719 0.215625 0.323437
2 0.588281 0.741406 0.823438 0.517188
7 0.173437 0.501563 0.037500 0.075000
23 0.060156 0.501563 0.067187 0.056250
23 0.287500 0.467187 0.046875 0.053125
23 0.654687 0.529687 0.690625 0.421875
23 0.893750 0.325000 0.056250 0.018750
24 0.060156 0.501563 0.067187 0.056250
24 0.287500 0.467187 0.046875 0.053125
24 0.654687 0.529687 0.690625 0.421875
24 0.893750 0.325000 0.056250 0.018750