0 0.604688 0.604688 0.053125 0.050000
0 0.443750 0.621875 0.084375 0.140625
0 0.257031 0.584375 0.295312 0.165625
0 0.858594 0.461719 0.282813 0.307812
1 0.409375 0.089844 0.037500 0.029687
2 0.079687 0.810937 0.065625 0.025000
2 0.943750 0.656250 0.112500 0.021875
3 0.064844 0.765625 0.064062 0.093750
3 0.287500 0.725000 0.034375 0.037500
3 0.974219 0.616406 0.051562 0.042188
5 0.835156 0.637500 0.045312 0.025000
7 0.368750 0.728125 0.146875 0.165625
9 0.877344 0.643750 0.023438 0.050000
15 0.863281 0.612500 0.035937 0.093750
23 0.111719 0.910156 0.126562 0.179688
23 0.189062 0.741406 0.196875 0.157812
23 0.627344 0.639062 0.392188 0.290625
24 0.111719 0.910156 0.126562 0.179688
24 0.189062 0.741406 0.196875 0.157812
24 0.627344 0.639062 0.392188 0.290625