0 0.300000 0.664844 0.056250 0.035937
0 0.121094 0.663281 0.054688 0.042188
0 0.065625 0.661719 0.053125 0.057813
0 0.386719 0.646094 0.110937 0.082812
0 0.871875 0.635938 0.256250 0.115625
0 0.485938 0.631250 0.071875 0.109375
0 0.592969 0.618750 0.139063 0.162500
2 0.738281 0.790625 0.523438 0.153125
2 0.363281 0.693750 0.170313 0.034375
2 0.106250 0.682813 0.143750 0.028125
4 0.774219 0.539844 0.020313 0.082812
4 0.446875 0.562500 0.012500 0.275000
13 0.990625 0.662500 0.018750 0.053125
13 0.238281 0.630469 0.139063 0.051562
13 0.385937 0.592187 0.112500 0.059375
13 0.953906 0.575000 0.092188 0.059375
13 0.748437 0.564063 0.062500 0.053125
20 0.601562 0.695312 0.025000 0.050000
20 0.693750 0.697656 0.046875 0.098437
21 0.601562 0.695312 0.025000 0.050000
21 0.693750 0.697656 0.046875 0.098437
23 0.407031 0.671875 0.026562 0.028125
23 0.226562 0.683594 0.103125 0.060937
23 0.857812 0.672656 0.059375 0.045312
23 0.025000 0.724219 0.050000 0.170313
24 0.407031 0.671875 0.026562 0.028125
24 0.226562 0.683594 0.103125 0.060937
24 0.857812 0.672656 0.059375 0.045312
24 0.025000 0.724219 0.050000 0.170313