0 0.768750 0.752344 0.025000 0.060937
0 0.840625 0.751563 0.037500 0.081250
0 0.956250 0.722656 0.031250 0.039062
0 0.889844 0.750781 0.057813 0.107813
0 0.407813 0.704688 0.015625 0.087500
0 0.229687 0.657813 0.040625 0.068750
0 0.122656 0.510938 0.045312 0.034375
3 0.108594 0.695312 0.176563 0.075000
4 0.417969 0.712500 0.014063 0.100000
4 0.498437 0.651563 0.018750 0.143750
4 0.383594 0.614062 0.026562 0.171875
4 0.437500 0.550781 0.053125 0.204687
4 0.841406 0.606250 0.060937 0.396875
21 0.564063 0.749219 0.031250 0.032813
21 0.469531 0.753906 0.076563 0.085938
22 0.564063 0.749219 0.031250 0.032813
22 0.469531 0.753906 0.076563 0.085938