0 0.096875 0.597656 0.178125 0.142187
0 0.109375 0.431250 0.175000 0.187500
0 0.930469 0.350781 0.023438 0.060937
0 0.767188 0.369531 0.068750 0.160938
0 0.465625 0.284375 0.556250 0.562500
0 0.908594 0.201563 0.164062 0.403125
0 0.800781 0.225781 0.235937 0.451562
2 0.117969 0.667188 0.048438 0.025000
2 0.930469 0.577344 0.139063 0.207813
2 0.822656 0.452344 0.092188 0.023438
3 0.138281 0.636719 0.023438 0.057813
4 0.764844 0.341406 0.107813 0.235937
4 0.891406 0.264062 0.157812 0.528125
8 0.033594 0.653906 0.045312 0.092188
8 0.700000 0.454688 0.053125 0.059375
9 0.916406 0.454688 0.035937 0.062500
9 0.986719 0.433594 0.026562 0.060937
9 0.962500 0.429688 0.034375 0.056250
15 0.963281 0.387500 0.060937 0.171875
20 0.087500 0.657813 0.021875 0.050000
20 0.057031 0.667188 0.023438 0.068750
21 0.087500 0.657813 0.021875 0.050000
21 0.057031 0.667188 0.023438 0.068750
23 0.076563 0.672656 0.028125 0.035937
23 0.107031 0.639844 0.023438 0.039062
23 0.317969 0.625000 0.310937 0.237500
23 0.580469 0.509375 0.217188 0.171875
23 0.755469 0.445312 0.051562 0.065625
24 0.076563 0.672656 0.028125 0.035937
24 0.107031 0.639844 0.023438 0.039062
24 0.317969 0.625000 0.310937 0.237500
24 0.580469 0.509375 0.217188 0.171875
24 0.755469 0.445312 0.051562 0.065625