0 0.735938 0.517188 0.021875 0.031250
0 0.682813 0.510156 0.043750 0.042188
0 0.615625 0.482812 0.065625 0.087500
0 0.694531 0.435937 0.017188 0.087500
0 0.007812 0.403906 0.015625 0.126562
0 0.774219 0.301563 0.451562 0.603125
0 0.286719 0.237500 0.339062 0.475000
0 0.053906 0.264844 0.107813 0.529687
2 0.500000 0.796094 1.000000 0.407813
5 0.874219 0.615625 0.154688 0.025000
5 0.725000 0.609375 0.050000 0.040625
6 0.610938 0.524219 0.025000 0.029687
10 0.059375 0.700781 0.118750 0.326562
18 0.667188 0.443750 0.040625 0.125000
21 0.575781 0.557031 0.045312 0.054688
21 0.303125 0.547656 0.037500 0.042188
21 0.393750 0.535937 0.043750 0.040625
21 0.205469 0.541406 0.139063 0.054688
21 0.020313 0.532813 0.040625 0.043750
22 0.575781 0.557031 0.045312 0.054688
22 0.303125 0.547656 0.037500 0.042188
22 0.393750 0.535937 0.043750 0.040625
22 0.205469 0.541406 0.139063 0.054688
22 0.020313 0.532813 0.040625 0.043750