0 0.253125 0.498437 0.034375 0.056250
0 0.290625 0.480469 0.021875 0.035937
0 0.351562 0.477344 0.018750 0.045312
0 0.464844 0.467969 0.020313 0.029687
0 0.439844 0.453125 0.026562 0.062500
0 0.018750 0.495312 0.037500 0.156250
0 0.689844 0.440625 0.026562 0.056250
0 0.747656 0.419531 0.029687 0.054688
0 0.127344 0.481250 0.142187 0.203125
0 0.781250 0.430469 0.040625 0.107813
0 0.897656 0.395313 0.204687 0.196875
2 0.921875 0.690625 0.106250 0.062500
2 0.016406 0.673438 0.032813 0.028125
2 0.142969 0.615625 0.167187 0.087500
2 0.782813 0.567187 0.146875 0.056250
2 0.342187 0.535156 0.128125 0.051562
2 0.892969 0.513281 0.120313 0.039062
7 0.250000 0.582031 0.056250 0.092188
23 0.314063 0.507031 0.037500 0.035937
23 0.382031 0.490625 0.026562 0.028125
23 0.491406 0.485156 0.039062 0.045312
23 0.528906 0.489063 0.035937 0.059375
23 0.585156 0.481250 0.029687 0.053125
23 0.976562 0.510938 0.046875 0.125000
23 0.652344 0.515625 0.085938 0.134375
23 0.699219 0.469531 0.023438 0.057813
23 0.750781 0.463281 0.057813 0.057813
24 0.314063 0.507031 0.037500 0.035937
24 0.382031 0.490625 0.026562 0.028125
24 0.491406 0.485156 0.039062 0.045312
24 0.528906 0.489063 0.035937 0.059375
24 0.585156 0.481250 0.029687 0.053125
24 0.976562 0.510938 0.046875 0.125000
24 0.652344 0.515625 0.085938 0.134375
24 0.699219 0.469531 0.023438 0.057813
24 0.750781 0.463281 0.057813 0.057813