0 0.500000 0.635938 0.028125 0.034375
0 0.824219 0.587500 0.014063 0.071875
0 0.921875 0.580469 0.156250 0.135937
0 0.624219 0.511719 0.364063 0.314063
0 0.747656 0.332031 0.029687 0.045312
0 0.217188 0.430469 0.434375 0.523438
2 0.135937 0.744531 0.271875 0.104688
2 0.310937 0.729688 0.068750 0.078125
2 0.411719 0.724219 0.082812 0.076563
4 0.436719 0.667188 0.014063 0.090625
4 0.567969 0.571094 0.039062 0.129688
4 0.367188 0.547656 0.006250 0.117188
4 0.425000 0.444531 0.106250 0.304688
10 0.915625 0.666406 0.043750 0.073438
20 0.277344 0.698438 0.039062 0.143750
20 0.760156 0.657031 0.020313 0.076563
20 0.374219 0.694531 0.064062 0.179688
21 0.277344 0.698438 0.039062 0.143750
21 0.760156 0.657031 0.020313 0.076563
21 0.374219 0.694531 0.064062 0.179688
23 0.459375 0.673438 0.031250 0.056250
23 0.414844 0.671875 0.032813 0.056250
23 0.775781 0.665625 0.014063 0.053125
23 0.978125 0.693750 0.043750 0.125000
23 0.312500 0.669531 0.062500 0.076563
23 0.616406 0.679688 0.279687 0.115625
23 0.843750 0.656250 0.118750 0.078125
23 0.142969 0.672656 0.257812 0.126562
24 0.459375 0.673438 0.031250 0.056250
24 0.414844 0.671875 0.032813 0.056250
24 0.775781 0.665625 0.014063 0.053125
24 0.978125 0.693750 0.043750 0.125000
24 0.312500 0.669531 0.062500 0.076563
24 0.616406 0.679688 0.279687 0.115625
24 0.843750 0.656250 0.118750 0.078125
24 0.142969 0.672656 0.257812 0.126562