0 0.131250 0.664844 0.028125 0.023438
0 0.392188 0.628906 0.037500 0.029687
0 0.278906 0.628906 0.032813 0.045312
0 0.138281 0.615625 0.023438 0.025000
0 0.480469 0.617188 0.051562 0.040625
0 0.457813 0.507031 0.037500 0.064062
0 0.032813 0.571094 0.065625 0.248438
0 0.879687 0.403125 0.240625 0.512500
0 0.016406 0.124219 0.032813 0.248438
3 0.086719 0.648438 0.020313 0.028125
3 0.049219 0.657813 0.035937 0.050000
3 0.210938 0.635156 0.028125 0.032813
5 0.211719 0.700781 0.026562 0.026562
5 0.132031 0.700781 0.114062 0.048438
5 0.800000 0.699219 0.400000 0.070312
5 0.267969 0.686719 0.076563 0.045312
5 0.342187 0.666406 0.056250 0.029687
5 0.688281 0.650781 0.095312 0.020313
5 0.475000 0.644531 0.040625 0.014063