0 0.023438 0.557813 0.046875 0.090625
0 0.383594 0.542188 0.070312 0.081250
0 0.457031 0.528125 0.079687 0.075000
0 0.013281 0.453125 0.026562 0.115625
0 0.179688 0.442969 0.359375 0.464062
0 0.764844 0.267188 0.460938 0.534375
2 0.100000 0.704688 0.125000 0.093750
2 0.934375 0.581250 0.131250 0.046875
4 0.040625 0.496875 0.081250 0.356250
6 0.417969 0.547656 0.067187 0.048438
6 0.514062 0.523438 0.071875 0.071875
20 0.042188 0.664844 0.028125 0.039062
20 0.096094 0.668750 0.042188 0.093750
20 0.465625 0.560156 0.031250 0.023438
20 0.376563 0.562500 0.021875 0.037500
20 0.610938 0.535937 0.093750 0.053125
20 0.695312 0.530469 0.040625 0.082812
20 0.765625 0.498437 0.021875 0.043750
20 0.832812 0.542188 0.103125 0.146875
21 0.042188 0.664844 0.028125 0.039062
21 0.096094 0.668750 0.042188 0.093750
21 0.465625 0.560156 0.031250 0.023438
21 0.376563 0.562500 0.021875 0.037500
21 0.610938 0.535937 0.093750 0.053125
21 0.695312 0.530469 0.040625 0.082812
21 0.765625 0.498437 0.021875 0.043750
21 0.832812 0.542188 0.103125 0.146875
23 0.400000 0.653906 0.478125 0.254688
23 0.730469 0.520312 0.051562 0.056250
23 0.779687 0.514062 0.028125 0.062500
23 0.824219 0.523438 0.039062 0.084375
23 0.923438 0.503906 0.153125 0.142187
24 0.400000 0.653906 0.478125 0.254688
24 0.730469 0.520312 0.051562 0.056250
24 0.779687 0.514062 0.028125 0.062500
24 0.824219 0.523438 0.039062 0.084375
24 0.923438 0.503906 0.153125 0.142187