0 0.190625 0.581250 0.021875 0.037500
0 0.331250 0.560937 0.106250 0.228125
2 0.261719 0.794531 0.426563 0.389062
3 0.414062 0.571875 0.087500 0.068750
4 0.701562 0.450781 0.056250 0.107813
4 0.814063 0.403125 0.056250 0.168750
4 0.894531 0.346094 0.154688 0.276562
5 0.086719 0.726562 0.132812 0.181250
5 0.236719 0.670312 0.129688 0.150000
5 0.396875 0.596875 0.050000 0.062500
5 0.750781 0.510938 0.085938 0.034375
5 0.909375 0.512500 0.065625 0.068750
5 0.967187 0.508594 0.065625 0.079687
11 0.533594 0.528125 0.073438 0.037500
11 0.697656 0.498437 0.029687 0.021875
20 0.151562 0.678125 0.062500 0.281250
21 0.151562 0.678125 0.062500 0.281250
23 0.702344 0.524219 0.048438 0.035937
23 0.866406 0.514844 0.126562 0.064062
24 0.702344 0.524219 0.048438 0.035937
24 0.866406 0.514844 0.126562 0.064062