0 0.459375 0.435937 0.015625 0.053125
0 0.016406 0.428125 0.032813 0.056250
0 0.071875 0.421094 0.050000 0.070312
0 0.708594 0.383594 0.107813 0.160938
0 0.810156 0.404687 0.089063 0.212500
0 0.879687 0.351562 0.240625 0.334375
2 0.721875 0.824219 0.556250 0.351562
2 0.123438 0.816406 0.246875 0.367188
2 0.864844 0.520312 0.089063 0.021875
2 0.085156 0.500000 0.076563 0.012500
5 0.021094 0.476562 0.042188 0.040625
5 0.149219 0.457031 0.032813 0.026562
5 0.085938 0.470313 0.078125 0.053125
8 0.363281 0.459375 0.029687 0.043750
8 0.582812 0.442188 0.021875 0.040625
8 0.626563 0.447656 0.040625 0.060937
23 0.953125 0.527344 0.093750 0.057813
23 0.625781 0.496875 0.039062 0.050000
23 0.501563 0.480469 0.028125 0.026562
23 0.792188 0.501563 0.059375 0.071875
23 0.014844 0.493750 0.029687 0.062500
23 0.436719 0.474219 0.051562 0.035937
23 0.211719 0.479687 0.014063 0.059375
23 0.559375 0.479687 0.065625 0.062500
23 0.176563 0.478906 0.034375 0.060937
23 0.240625 0.476562 0.037500 0.059375
23 0.702344 0.489063 0.104688 0.093750
24 0.953125 0.527344 0.093750 0.057813
24 0.625781 0.496875 0.039062 0.050000
24 0.501563 0.480469 0.028125 0.026562
24 0.792188 0.501563 0.059375 0.071875
24 0.014844 0.493750 0.029687 0.062500
24 0.436719 0.474219 0.051562 0.035937
24 0.211719 0.479687 0.014063 0.059375
24 0.559375 0.479687 0.065625 0.062500
24 0.176563 0.478906 0.034375 0.060937
24 0.240625 0.476562 0.037500 0.059375
24 0.702344 0.489063 0.104688 0.093750