0 0.460156 0.603906 0.048438 0.067187
1 0.903125 0.169531 0.037500 0.076563
1 0.940625 0.136719 0.043750 0.076563
2 0.595313 0.679688 0.150000 0.034375
2 0.885156 0.670312 0.110937 0.031250
3 0.616406 0.642969 0.092188 0.035937
3 0.688281 0.648438 0.023438 0.050000
3 0.735156 0.642969 0.017188 0.048438
3 0.910156 0.620313 0.126562 0.071875
5 0.669531 0.643750 0.026562 0.065625
5 0.705469 0.630469 0.023438 0.085938
5 0.837500 0.622656 0.031250 0.085938
5 0.786719 0.622656 0.032813 0.092188
8 0.297656 0.667188 0.067187 0.068750
21 0.495312 0.651563 0.059375 0.046875
22 0.495312 0.651563 0.059375 0.046875