0 0.258594 0.575000 0.057813 0.050000
0 0.318750 0.561719 0.065625 0.054688
0 0.379688 0.553125 0.078125 0.046875
0 0.520312 0.525781 0.050000 0.029687
0 0.452344 0.530469 0.060937 0.067187
0 0.613281 0.511719 0.026562 0.032813
0 0.046875 0.562500 0.068750 0.137500
0 0.707031 0.494531 0.029687 0.026562
0 0.856250 0.453125 0.068750 0.053125
0 0.947656 0.440625 0.023438 0.031250
0 0.707031 0.425781 0.067187 0.048438
0 0.244531 0.475781 0.457813 0.214062
0 0.617188 0.423438 0.118750 0.171875
1 0.275781 0.510938 0.029687 0.025000
1 0.831250 0.355469 0.031250 0.032813
1 0.914844 0.323437 0.035937 0.043750
2 0.265625 0.599219 0.050000 0.020313
2 0.859375 0.481250 0.062500 0.018750
4 0.077344 0.564844 0.029687 0.139063
4 0.667969 0.405469 0.023438 0.085938
10 0.330469 0.589844 0.032813 0.032813
21 0.508594 0.556250 0.117188 0.059375
21 0.588281 0.540625 0.045312 0.062500
21 0.655469 0.519531 0.045312 0.039062
21 0.733594 0.503906 0.032813 0.029687
21 0.984375 0.467969 0.025000 0.035937
22 0.508594 0.556250 0.117188 0.059375
22 0.588281 0.540625 0.045312 0.062500
22 0.655469 0.519531 0.045312 0.039062
22 0.733594 0.503906 0.032813 0.029687
22 0.984375 0.467969 0.025000 0.035937