0 0.482812 0.532031 0.056250 0.070312
0 0.575000 0.535156 0.031250 0.101562
0 0.541406 0.488281 0.032813 0.123438
0 0.325000 0.292969 0.650000 0.585938
2 0.043750 0.790625 0.087500 0.184375
5 0.621094 0.598437 0.051562 0.025000
5 0.578125 0.599219 0.031250 0.026562
5 0.542188 0.600781 0.034375 0.029687
5 0.483594 0.602344 0.057813 0.032813
6 0.818750 0.570312 0.046875 0.071875
6 0.979688 0.570312 0.040625 0.078125
6 0.739844 0.570312 0.079687 0.134375
8 0.147656 0.534375 0.295312 0.296875
20 0.673438 0.608594 0.028125 0.070312
20 0.964063 0.607812 0.031250 0.087500
21 0.673438 0.608594 0.028125 0.070312
21 0.964063 0.607812 0.031250 0.087500
23 0.889062 0.593750 0.103125 0.071875
23 0.640625 0.571094 0.028125 0.032813
23 0.492188 0.567187 0.037500 0.037500
23 0.541406 0.566406 0.032813 0.039062
23 0.303125 0.736719 0.321875 0.448437
24 0.889062 0.593750 0.103125 0.071875
24 0.640625 0.571094 0.028125 0.032813
24 0.492188 0.567187 0.037500 0.037500
24 0.541406 0.566406 0.032813 0.039062
24 0.303125 0.736719 0.321875 0.448437