0 0.078906 0.403125 0.157812 0.418750
0 0.817187 0.335938 0.365625 0.459375
2 0.119531 0.702344 0.179688 0.035937
3 0.214062 0.598437 0.403125 0.081250
4 0.714063 0.449219 0.071875 0.232813
4 0.785156 0.428906 0.064062 0.210938
5 0.155469 0.654687 0.276562 0.118750
6 0.867969 0.503906 0.104688 0.107813
10 0.300000 0.685937 0.059375 0.062500
10 0.938281 0.630469 0.054688 0.154688
14 0.314844 0.642188 0.051562 0.087500
14 0.972656 0.607031 0.054688 0.267188
21 0.618750 0.739844 0.468750 0.476562
21 0.910156 0.523438 0.104688 0.065625
22 0.618750 0.739844 0.468750 0.476562
22 0.910156 0.523438 0.104688 0.065625