0 0.414844 0.540625 0.051562 0.034375
0 0.267188 0.496094 0.112500 0.104688
0 0.028125 0.381250 0.046875 0.043750
0 0.704688 0.286719 0.590625 0.573438
2 0.684375 0.808594 0.631250 0.382812
3 0.741406 0.498437 0.517188 0.221875
5 0.723437 0.678906 0.553125 0.195312
8 0.064062 0.605469 0.128125 0.482812
20 0.407813 0.586719 0.025000 0.104688
21 0.407813 0.586719 0.025000 0.104688
23 0.385156 0.600000 0.035937 0.046875
23 0.458594 0.572656 0.029687 0.039062
23 0.427344 0.582031 0.032813 0.060937
23 0.238281 0.653906 0.232813 0.260937
24 0.385156 0.600000 0.035937 0.046875
24 0.458594 0.572656 0.029687 0.039062
24 0.427344 0.582031 0.032813 0.060937
24 0.238281 0.653906 0.232813 0.260937