0 0.482031 0.441406 0.032813 0.045312
0 0.545312 0.406250 0.062500 0.084375
0 0.650000 0.362500 0.165625 0.171875
0 0.847656 0.224219 0.232813 0.448437
2 0.286719 0.600000 0.348438 0.150000
2 0.392969 0.517969 0.032813 0.026562
2 0.822656 0.470313 0.067187 0.046875
2 0.936719 0.462500 0.126562 0.050000
3 0.393750 0.472656 0.025000 0.023438
3 0.088281 0.496094 0.039062 0.079687
3 0.246094 0.480469 0.032813 0.057813
3 0.192188 0.484375 0.046875 0.065625
3 0.282031 0.478125 0.054688 0.056250
3 0.353906 0.470313 0.045312 0.043750
5 0.214062 0.532813 0.028125 0.034375
5 0.254688 0.524219 0.025000 0.032813
6 0.069531 0.553125 0.139063 0.437500
6 0.938281 0.350781 0.117188 0.195312
8 0.564844 0.449219 0.060937 0.048438
8 0.612500 0.437500 0.031250 0.031250
13 0.552344 0.367188 0.054688 0.031250
14 0.610156 0.461719 0.032813 0.042188
21 0.539844 0.500000 0.104688 0.096875
21 0.702344 0.458594 0.176563 0.126562
22 0.539844 0.500000 0.104688 0.096875
22 0.702344 0.458594 0.176563 0.126562