0 0.896875 0.678125 0.031250 0.093750
0 0.853906 0.484375 0.039062 0.090625
0 0.636719 0.612500 0.310937 0.368750
0 0.821094 0.581250 0.126562 0.331250
0 0.940625 0.541406 0.118750 0.357812
0 0.410156 0.529687 0.148438 0.509375
0 0.215625 0.559375 0.315625 0.675000
0 0.562500 0.289844 0.168750 0.245312
2 0.223438 0.954688 0.290625 0.090625
2 0.697656 0.844531 0.604688 0.179688
2 0.854688 0.746875 0.068750 0.031250
2 0.956250 0.717969 0.062500 0.032813
21 0.143750 0.923438 0.162500 0.118750
21 0.466406 0.852344 0.373437 0.182812
22 0.143750 0.923438 0.162500 0.118750
22 0.466406 0.852344 0.373437 0.182812