0 0.058594 0.678125 0.095312 0.146875
0 0.992969 0.492188 0.014063 0.090625
0 0.490625 0.381250 0.981250 0.762500
1 0.075000 0.430469 0.037500 0.070312
1 0.917969 0.280469 0.039062 0.073438
21 0.234375 0.851562 0.393750 0.296875
21 0.835938 0.689063 0.037500 0.046875
21 0.657813 0.776563 0.306250 0.296875
21 0.926562 0.679688 0.146875 0.290625
22 0.234375 0.851562 0.393750 0.296875
22 0.835938 0.689063 0.037500 0.046875
22 0.657813 0.776563 0.306250 0.296875
22 0.926562 0.679688 0.146875 0.290625