0 0.342969 0.646094 0.026562 0.032813
0 0.439844 0.613281 0.045312 0.017188
0 0.486719 0.591406 0.042188 0.060937
0 0.641406 0.552344 0.126562 0.110937
0 0.741406 0.543750 0.073438 0.115625
0 0.942187 0.498437 0.115625 0.206250
0 0.160938 0.399219 0.321875 0.698438
2 0.157031 0.733594 0.314063 0.098437
2 0.587500 0.634375 0.168750 0.009375
3 0.655469 0.600781 0.045312 0.017188
3 0.747656 0.594531 0.035937 0.017188
3 0.982031 0.597656 0.035937 0.032813
5 0.982031 0.622656 0.035937 0.020313
5 0.783594 0.605469 0.032813 0.026562
5 0.655469 0.608594 0.067187 0.039062
15 0.424219 0.678906 0.032813 0.098437
20 0.365625 0.678906 0.031250 0.117188
20 0.321875 0.677344 0.037500 0.120313
21 0.365625 0.678906 0.031250 0.117188
21 0.321875 0.677344 0.037500 0.120313
23 0.446094 0.628125 0.114062 0.021875
23 0.345313 0.627344 0.031250 0.026562
23 0.846875 0.603125 0.050000 0.040625
23 0.922656 0.600000 0.039062 0.046875
24 0.446094 0.628125 0.114062 0.021875
24 0.345313 0.627344 0.031250 0.026562
24 0.846875 0.603125 0.050000 0.040625
24 0.922656 0.600000 0.039062 0.046875