0 0.731250 0.565625 0.028125 0.053125
0 0.693750 0.560937 0.034375 0.087500
0 0.053906 0.623437 0.107813 0.337500
0 0.303906 0.604688 0.479687 0.343750
0 0.549219 0.548438 0.079687 0.253125
0 0.604688 0.504687 0.075000 0.187500
0 0.668750 0.438281 0.034375 0.076563
0 0.825781 0.445312 0.270313 0.165625
0 0.972656 0.390625 0.039062 0.071875
2 0.777344 0.832031 0.445312 0.251563
3 0.864844 0.554688 0.270313 0.275000
5 0.877344 0.734375 0.245312 0.137500
9 0.631250 0.655469 0.037500 0.035937
12 0.171094 0.870313 0.220312 0.081250
12 0.409375 0.817187 0.268750 0.087500
12 0.646875 0.716406 0.056250 0.042188
12 0.543750 0.714844 0.143750 0.060937
15 0.619531 0.631250 0.039062 0.056250
20 0.609375 0.688281 0.043750 0.160938
21 0.609375 0.688281 0.043750 0.160938
23 0.573438 0.638281 0.037500 0.073438
23 0.707812 0.619531 0.025000 0.048438
23 0.742188 0.615625 0.028125 0.050000
23 0.628906 0.624219 0.060937 0.073438
24 0.573438 0.638281 0.037500 0.073438
24 0.707812 0.619531 0.025000 0.048438
24 0.742188 0.615625 0.028125 0.050000
24 0.628906 0.624219 0.060937 0.073438