0 0.442188 0.518750 0.031250 0.043750
0 0.682813 0.521094 0.440625 0.167187
0 0.945312 0.397656 0.109375 0.307812
1 0.715625 0.474219 0.025000 0.023438
2 0.902344 0.984375 0.195312 0.031250
2 0.466406 0.981250 0.632812 0.037500
2 0.064844 0.980469 0.129688 0.039062
2 0.815625 0.701562 0.062500 0.021875
2 0.521094 0.706250 0.464062 0.031250
3 0.828906 0.593750 0.017188 0.037500
3 0.953906 0.611719 0.092188 0.089063
9 0.033594 0.638281 0.032813 0.054688
15 0.021875 0.615625 0.028125 0.075000
20 0.801562 0.588281 0.062500 0.114062