0 0.514062 0.620313 0.081250 0.081250
0 0.247656 0.646875 0.439063 0.140625
0 0.595313 0.596094 0.028125 0.051562
0 0.788281 0.578906 0.023438 0.051562
0 0.896094 0.546875 0.207813 0.090625
2 0.426563 0.759375 0.203125 0.081250
2 0.582031 0.661719 0.085938 0.042188
4 0.715625 0.538281 0.034375 0.145313
4 0.771875 0.475781 0.068750 0.267188
4 0.415625 0.362500 0.153125 0.696875
23 0.121094 0.782031 0.185938 0.167187
23 0.347656 0.703906 0.192188 0.107813
23 0.652344 0.640625 0.054688 0.053125
23 0.774219 0.639062 0.107813 0.103125
23 0.920312 0.577344 0.096875 0.032813
24 0.121094 0.782031 0.185938 0.167187
24 0.347656 0.703906 0.192188 0.107813
24 0.652344 0.640625 0.054688 0.053125
24 0.774219 0.639062 0.107813 0.103125
24 0.920312 0.577344 0.096875 0.032813