0 0.726562 0.408594 0.068750 0.092188
0 0.864844 0.327344 0.039062 0.035937
2 0.551562 0.508594 0.231250 0.039062
2 0.910937 0.470313 0.178125 0.012500
3 0.480469 0.463281 0.045312 0.048438
3 0.519531 0.441406 0.042188 0.089063
3 0.719531 0.427344 0.057813 0.064062
3 0.567969 0.423438 0.073438 0.125000
3 0.626563 0.410938 0.053125 0.150000
3 0.880469 0.381250 0.235937 0.162500
4 0.423438 0.348438 0.056250 0.150000
4 0.135937 0.305469 0.046875 0.235937
4 0.577344 0.261719 0.098437 0.523438
6 0.358594 0.436719 0.035937 0.023438
10 0.312500 0.533594 0.018750 0.042188
14 0.310937 0.507812 0.025000 0.065625
23 0.231250 0.550000 0.087500 0.112500
23 0.292187 0.520312 0.031250 0.056250
23 0.367969 0.514844 0.107813 0.157812
24 0.231250 0.550000 0.087500 0.112500
24 0.292187 0.520312 0.031250 0.056250
24 0.367969 0.514844 0.107813 0.157812