0 0.605469 0.535156 0.023438 0.042188
0 0.053125 0.534375 0.012500 0.050000
0 0.832031 0.537500 0.023438 0.071875
0 0.872656 0.517188 0.051562 0.118750
0 0.279687 0.506250 0.165625 0.100000
0 0.924219 0.473438 0.045312 0.046875
0 0.553125 0.503906 0.021875 0.107813
0 0.402344 0.508594 0.048438 0.117188
0 0.514062 0.499219 0.031250 0.123438
0 0.144531 0.460938 0.107813 0.053125
0 0.041406 0.479687 0.082812 0.093750
0 0.646094 0.454688 0.020313 0.046875
0 0.600781 0.494531 0.060937 0.126562
4 0.670312 0.499219 0.028125 0.167187
4 0.632031 0.504687 0.007812 0.178125
4 0.900781 0.445312 0.032813 0.115625
4 0.971875 0.384375 0.056250 0.184375
4 0.088281 0.392188 0.017188 0.250000
4 0.535937 0.350781 0.059375 0.585938
6 0.152344 0.514062 0.126562 0.096875
8 0.696094 0.559375 0.029687 0.043750
16 0.035156 0.748437 0.070312 0.246875
21 0.783594 0.570312 0.023438 0.021875
21 0.818750 0.568750 0.040625 0.021875
21 0.735156 0.571094 0.042188 0.029687
21 0.600781 0.569531 0.054688 0.032813
21 0.014844 0.549219 0.029687 0.032813
21 0.195312 0.554688 0.271875 0.078125
21 0.925781 0.630469 0.148438 0.310937
22 0.783594 0.570312 0.023438 0.021875
22 0.818750 0.568750 0.040625 0.021875
22 0.735156 0.571094 0.042188 0.029687
22 0.600781 0.569531 0.054688 0.032813
22 0.014844 0.549219 0.029687 0.032813
22 0.195312 0.554688 0.271875 0.078125
22 0.925781 0.630469 0.148438 0.310937