0 0.530469 0.714063 0.129688 0.087500
0 0.733594 0.665625 0.057813 0.103125
0 0.784375 0.614062 0.081250 0.090625
0 0.189844 0.606250 0.045312 0.087500
0 0.124219 0.564844 0.079687 0.120313
1 0.387500 0.303906 0.031250 0.023438
1 0.765625 0.025000 0.040625 0.031250
2 0.210156 0.907031 0.282813 0.170313
2 0.871094 0.749219 0.257812 0.017188
3 0.797656 0.725781 0.132812 0.042188
3 0.933594 0.713281 0.132812 0.060937
4 0.600781 0.689844 0.029687 0.082812
4 0.721875 0.596094 0.068750 0.154688
4 0.282813 0.556250 0.178125 0.618750
21 0.546875 0.760938 0.059375 0.065625
21 0.613281 0.739844 0.032813 0.026562
21 0.405469 0.792969 0.129688 0.145313
22 0.546875 0.760938 0.059375 0.065625
22 0.613281 0.739844 0.032813 0.026562
22 0.405469 0.792969 0.129688 0.145313