0 0.433594 0.725781 0.026562 0.029687
0 0.617969 0.710938 0.017188 0.065625
0 0.346875 0.704688 0.040625 0.078125
0 0.712500 0.695312 0.012500 0.065625
0 0.658594 0.695312 0.023438 0.065625
0 0.679688 0.692187 0.015625 0.065625
0 0.696875 0.689844 0.015625 0.067187
0 0.636719 0.693750 0.017188 0.075000
0 0.564844 0.696875 0.026562 0.081250
0 0.592969 0.698438 0.026562 0.093750
0 0.496094 0.695312 0.095312 0.112500
0 0.796875 0.610156 0.156250 0.295312
0 0.979688 0.410938 0.040625 0.046875
0 0.102344 0.565625 0.204687 0.409375
1 0.783594 0.082031 0.042188 0.026562
2 0.381250 0.775000 0.046875 0.018750
3 0.871094 0.728906 0.132812 0.079687
3 0.973437 0.728125 0.053125 0.090625
4 0.323437 0.657031 0.006250 0.173437
4 0.405469 0.621094 0.032813 0.242188
7 0.410156 0.757031 0.026562 0.032813
21 0.575000 0.753906 0.053125 0.045312
21 0.183594 0.801562 0.367188 0.146875
21 0.807813 0.846875 0.384375 0.262500
22 0.575000 0.753906 0.053125 0.045312
22 0.183594 0.801562 0.367188 0.146875
22 0.807813 0.846875 0.384375 0.262500