0 0.322656 0.374219 0.082812 0.073438
0 0.188281 0.364063 0.039062 0.090625
0 0.689063 0.258594 0.015625 0.060937
0 0.083594 0.257031 0.167187 0.395313
0 0.856250 0.385156 0.287500 0.770312
0 0.447656 0.210156 0.467187 0.420312
2 0.870313 0.759375 0.259375 0.412500
2 0.066406 0.455469 0.073438 0.026562
2 0.349219 0.407813 0.220312 0.037500
2 0.535156 0.362500 0.073438 0.018750
4 0.717187 0.310156 0.015625 0.070312
4 0.690625 0.175000 0.059375 0.350000
9 0.142969 0.423438 0.039062 0.034375
9 0.676562 0.326562 0.031250 0.031250
20 0.016406 0.541406 0.032813 0.185938
20 0.692187 0.310937 0.015625 0.059375
20 0.740625 0.308594 0.031250 0.064062
21 0.016406 0.541406 0.032813 0.185938
21 0.692187 0.310937 0.015625 0.059375
21 0.740625 0.308594 0.031250 0.064062