0 0.432812 0.302344 0.046875 0.045312
0 0.953906 0.305469 0.057813 0.079687
0 0.093750 0.251563 0.031250 0.040625
0 0.173437 0.146875 0.346875 0.293750
2 0.950000 0.589844 0.100000 0.173437
2 0.733594 0.698438 0.532813 0.603125
2 0.213281 0.693750 0.314063 0.612500
3 0.371094 0.321875 0.014063 0.034375
3 0.315625 0.319531 0.028125 0.051562
3 0.242188 0.317188 0.112500 0.056250
3 0.136719 0.306250 0.048438 0.046875
3 0.087500 0.310156 0.046875 0.060937
3 0.042188 0.301563 0.025000 0.046875
3 0.010937 0.298438 0.021875 0.040625
4 0.728906 0.256250 0.007812 0.131250
4 0.350000 0.103906 0.006250 0.207813
5 0.326562 0.315625 0.050000 0.062500
5 0.234375 0.284375 0.128125 0.018750
5 0.139063 0.278906 0.053125 0.014063
9 0.403906 0.446875 0.020313 0.109375
9 0.730469 0.346875 0.029687 0.037500
9 0.118750 0.342187 0.071875 0.068750
10 0.217188 0.382812 0.075000 0.034375
10 0.055469 0.354687 0.110937 0.075000
10 0.166406 0.333594 0.082812 0.117188
20 0.059375 0.246875 0.090625 0.071875
20 0.172656 0.213281 0.114062 0.054688
21 0.469531 0.332031 0.064062 0.042188
22 0.469531 0.332031 0.064062 0.042188