0 0.319531 0.533594 0.120313 0.142187
0 0.465625 0.465625 0.156250 0.153125
0 0.593750 0.422656 0.162500 0.260937
0 0.744531 0.346094 0.117188 0.135937
0 0.145313 0.519531 0.290625 0.648438
0 0.016406 0.091406 0.032813 0.026562
0 0.890625 0.230469 0.193750 0.460938
2 0.153125 0.864844 0.193750 0.185938
2 0.312500 0.663281 0.143750 0.204687
4 0.442188 0.467187 0.025000 0.137500
4 0.524219 0.401562 0.067187 0.353125
4 0.343750 0.330469 0.118750 0.529687
4 0.800781 0.321094 0.132812 0.610938
5 0.289062 0.652344 0.131250 0.104688
5 0.878125 0.594531 0.040625 0.029687
5 0.716406 0.516406 0.264062 0.214062
5 0.846094 0.480469 0.048438 0.157812
21 0.367969 0.541406 0.026562 0.026562
21 0.500781 0.562500 0.107813 0.137500
21 0.924219 0.503906 0.151562 0.239063
22 0.367969 0.541406 0.026562 0.026562
22 0.500781 0.562500 0.107813 0.137500
22 0.924219 0.503906 0.151562 0.239063