0 0.517969 0.483594 0.035937 0.070312
0 0.549219 0.464062 0.023438 0.037500
0 0.484375 0.475781 0.040625 0.092188
0 0.395313 0.479687 0.153125 0.103125
0 0.692187 0.414062 0.253125 0.146875
0 0.153125 0.466406 0.168750 0.251563
0 0.039844 0.430469 0.079687 0.204687
0 0.911719 0.412500 0.176563 0.184375
4 0.827344 0.489063 0.029687 0.065625
4 0.524219 0.408594 0.032813 0.148438
4 0.455469 0.418750 0.051562 0.221875
4 0.780469 0.190625 0.048438 0.221875
4 0.054688 0.325781 0.090625 0.501563
5 0.189844 0.545312 0.142187 0.081250
5 0.550000 0.506250 0.037500 0.053125
5 0.586719 0.506250 0.029687 0.059375
5 0.674219 0.499219 0.151562 0.085938
5 0.779687 0.484375 0.068750 0.103125
23 0.348438 0.551562 0.059375 0.071875
23 0.407031 0.531250 0.039062 0.040625
24 0.348438 0.551562 0.059375 0.071875
24 0.407031 0.531250 0.039062 0.040625