0 0.260937 0.541406 0.050000 0.048438
0 0.212500 0.524219 0.037500 0.114062
0 0.372656 0.505469 0.176563 0.104688
0 0.137500 0.527344 0.053125 0.167187
0 0.166406 0.521875 0.054688 0.181250
0 0.049219 0.523438 0.098437 0.240625
0 0.747656 0.405469 0.035937 0.129688
0 0.935156 0.367188 0.023438 0.090625
0 0.818750 0.353906 0.140625 0.226562
2 0.622656 0.544531 0.129688 0.035937
2 0.780469 0.632031 0.439063 0.257812
2 0.757031 0.520312 0.129688 0.050000
2 0.863281 0.494531 0.076563 0.032813
2 0.953125 0.464844 0.037500 0.039062
21 0.049219 0.653125 0.079687 0.115625
21 0.146094 0.616406 0.064062 0.067187
21 0.323437 0.564844 0.287500 0.120313
22 0.049219 0.653125 0.079687 0.115625
22 0.146094 0.616406 0.064062 0.067187
22 0.323437 0.564844 0.287500 0.120313