0 0.094531 0.498437 0.026562 0.078125
0 0.395313 0.428906 0.021875 0.073438
0 0.447656 0.443750 0.082812 0.106250
0 0.351562 0.442188 0.059375 0.140625
0 0.260937 0.432031 0.115625 0.164062
0 0.141406 0.440625 0.123438 0.196875
0 0.035937 0.360938 0.071875 0.056250
0 0.660156 0.457813 0.339062 0.265625
0 0.916406 0.368750 0.167187 0.546875
2 0.894531 0.753906 0.210938 0.251563
2 0.259375 0.589063 0.128125 0.050000
2 0.560937 0.569531 0.115625 0.117188
2 0.350781 0.545312 0.060937 0.096875
4 0.386719 0.408594 0.029687 0.217188
4 0.205469 0.417187 0.032813 0.393750
4 0.329688 0.357812 0.053125 0.400000
4 0.809375 0.325000 0.075000 0.650000
4 0.107031 0.155469 0.054688 0.310937
7 0.874219 0.594531 0.017188 0.035937
17 0.146875 0.674219 0.025000 0.092188
17 0.114844 0.648438 0.014063 0.062500
17 0.191406 0.650781 0.023438 0.076563
22 0.067187 0.571094 0.134375 0.417187
23 0.703125 0.655469 0.206250 0.204687
23 0.957031 0.568750 0.032813 0.046875
23 0.864844 0.564063 0.035937 0.050000
23 0.498437 0.572656 0.056250 0.085938
23 0.157812 0.567187 0.068750 0.084375
23 0.099219 0.564063 0.032813 0.084375
23 0.287500 0.543750 0.053125 0.062500
23 0.343750 0.522656 0.040625 0.045312
23 0.471875 0.512500 0.021875 0.031250
23 0.401562 0.496875 0.028125 0.040625
24 0.703125 0.655469 0.206250 0.204687
24 0.957031 0.568750 0.032813 0.046875
24 0.864844 0.564063 0.035937 0.050000
24 0.498437 0.572656 0.056250 0.085938
24 0.157812 0.567187 0.068750 0.084375
24 0.099219 0.564063 0.032813 0.084375
24 0.287500 0.543750 0.053125 0.062500
24 0.343750 0.522656 0.040625 0.045312
24 0.471875 0.512500 0.021875 0.031250
24 0.401562 0.496875 0.028125 0.040625