0 0.042969 0.589063 0.023438 0.031250
0 0.009375 0.560937 0.018750 0.093750
0 0.389062 0.550781 0.071875 0.148438
0 0.559375 0.513281 0.078125 0.182812
0 0.116406 0.490625 0.232813 0.225000
0 0.460938 0.493750 0.106250 0.256250
0 0.824219 0.334375 0.076563 0.096875
0 0.447656 0.153906 0.126562 0.026562
0 0.927344 0.232813 0.098437 0.209375
0 0.179688 0.065625 0.065625 0.034375
1 0.757031 0.350781 0.042188 0.023438
1 0.197656 0.113281 0.035937 0.020313
2 0.369531 0.701562 0.126562 0.037500
2 0.559375 0.662500 0.112500 0.128125
3 0.474219 0.670312 0.120313 0.112500
3 0.196094 0.653906 0.248438 0.273438
3 0.776563 0.646875 0.446875 0.637500
5 0.691406 0.947656 0.098437 0.067187
5 0.324219 0.752344 0.026562 0.067187
5 0.203125 0.717187 0.215625 0.140625
5 0.067187 0.614062 0.053125 0.040625
5 0.310937 0.605469 0.040625 0.092188
10 0.384375 0.669531 0.040625 0.048438
10 0.319531 0.666406 0.035937 0.042188
23 0.371094 0.599219 0.026562 0.035937
24 0.371094 0.599219 0.026562 0.035937