0 0.189062 0.705469 0.043750 0.023438
0 0.889844 0.708594 0.026562 0.045312
0 0.385937 0.698438 0.118750 0.081250
0 0.524219 0.688281 0.067187 0.070312
0 0.578125 0.686719 0.050000 0.079687
0 0.635938 0.680469 0.093750 0.092188
0 0.965625 0.672656 0.068750 0.107813
0 0.778906 0.664844 0.182812 0.095312
0 0.845313 0.485156 0.062500 0.035937
0 0.904687 0.487500 0.040625 0.046875
0 0.952344 0.475781 0.035937 0.035937
2 0.864062 0.771094 0.271875 0.051562
3 0.438281 0.746094 0.082812 0.017188
3 0.320312 0.708594 0.065625 0.042188
4 0.546875 0.662500 0.028125 0.125000
4 0.574219 0.640625 0.076563 0.209375
4 0.641406 0.520312 0.126562 0.450000
20 0.149219 0.764844 0.064062 0.048438
20 0.280469 0.732031 0.229687 0.114062
21 0.560156 0.735156 0.032813 0.032813
21 0.508594 0.734375 0.048438 0.053125
22 0.560156 0.735156 0.032813 0.032813
22 0.508594 0.734375 0.048438 0.053125