0 0.782031 0.508594 0.114062 0.057813
0 0.900781 0.489844 0.120313 0.060937
0 0.625000 0.482031 0.087500 0.129688
0 0.289844 0.348438 0.579688 0.615625
1 0.675000 0.389062 0.025000 0.034375
1 0.875000 0.065625 0.078125 0.115625
2 0.714063 0.775781 0.571875 0.448437
4 0.812500 0.383594 0.081250 0.314063
20 0.589844 0.560156 0.029687 0.079687
20 0.620313 0.553125 0.025000 0.081250
20 0.701562 0.571094 0.100000 0.198437
21 0.589844 0.560156 0.029687 0.079687
21 0.620313 0.553125 0.025000 0.081250
21 0.701562 0.571094 0.100000 0.198437
23 0.108594 0.947656 0.092188 0.104688
23 0.303125 0.766406 0.565625 0.467187
24 0.108594 0.947656 0.092188 0.104688
24 0.303125 0.766406 0.565625 0.467187