0 0.748437 0.532813 0.059375 0.096875
0 0.621875 0.552344 0.218750 0.142187
0 0.985938 0.491406 0.028125 0.035937
0 0.873437 0.458594 0.231250 0.307812
0 0.416406 0.463281 0.107813 0.354687
0 0.188281 0.336719 0.376563 0.610938
2 0.075000 0.740625 0.093750 0.087500
2 0.410938 0.662500 0.053125 0.025000
2 0.262500 0.703125 0.243750 0.106250
2 0.807813 0.611719 0.131250 0.020313
5 0.338281 0.657813 0.035937 0.021875
5 0.700000 0.599219 0.068750 0.035937
5 0.764062 0.592187 0.037500 0.028125
8 0.567187 0.612500 0.034375 0.034375
23 0.397656 0.632031 0.026562 0.026562
23 0.501563 0.628125 0.056250 0.081250
23 0.907031 0.571094 0.057813 0.045312
24 0.397656 0.632031 0.026562 0.026562
24 0.501563 0.628125 0.056250 0.081250
24 0.907031 0.571094 0.057813 0.045312