0 0.671094 0.742188 0.042188 0.062500
0 0.770312 0.756250 0.065625 0.115625
0 0.470313 0.682031 0.078125 0.079687
0 0.411719 0.676562 0.032813 0.068750
0 0.891406 0.659375 0.217188 0.321875
2 0.832812 0.825781 0.121875 0.020313
3 0.457031 0.785156 0.035937 0.026562
3 0.393750 0.772656 0.068750 0.023438
3 0.177344 0.853906 0.354687 0.273438
4 0.360156 0.681250 0.014063 0.215625
4 0.908594 0.646094 0.026562 0.207813
4 0.091406 0.658594 0.039062 0.301563
4 0.114844 0.219531 0.070312 0.439063
5 0.718750 0.784375 0.046875 0.025000
21 0.499219 0.807813 0.035937 0.043750
21 0.669531 0.852344 0.223438 0.135937
21 0.389062 0.848437 0.140625 0.150000
21 0.943750 0.803125 0.112500 0.115625
22 0.499219 0.807813 0.035937 0.043750
22 0.669531 0.852344 0.223438 0.135937
22 0.389062 0.848437 0.140625 0.150000
22 0.943750 0.803125 0.112500 0.115625