0 0.494531 0.587500 0.285938 0.262500
0 0.684375 0.547656 0.087500 0.210938
0 0.815625 0.503125 0.178125 0.128125
0 0.965625 0.413281 0.068750 0.239063
0 0.175781 0.420312 0.351562 0.628125
1 0.633594 0.210938 0.039062 0.025000
3 0.628125 0.652344 0.028125 0.023438
3 0.669531 0.643750 0.035937 0.031250
3 0.145313 0.653906 0.028125 0.051562
3 0.109375 0.646875 0.021875 0.050000
3 0.718750 0.632812 0.021875 0.034375
3 0.828125 0.632812 0.100000 0.178125
3 0.959375 0.625781 0.081250 0.242188
4 0.637500 0.480469 0.031250 0.401562
5 0.691406 0.664062 0.076563 0.034375
5 0.164844 0.653906 0.014063 0.045312
5 0.121094 0.646875 0.026562 0.053125
5 0.760938 0.607031 0.046875 0.095312
5 0.902344 0.642188 0.089063 0.303125
12 0.223438 0.940625 0.446875 0.062500
21 0.350000 0.708594 0.021875 0.042188
21 0.418750 0.703906 0.071875 0.035937
21 0.147656 0.800781 0.295312 0.270313
21 0.728125 0.822656 0.543750 0.354687
22 0.350000 0.708594 0.021875 0.042188
22 0.418750 0.703906 0.071875 0.035937
22 0.147656 0.800781 0.295312 0.270313
22 0.728125 0.822656 0.543750 0.354687