1 0.684375 0.062500 0.037500 0.018750
2 0.785156 0.871875 0.429688 0.240625
2 0.660156 0.692187 0.123438 0.015625
2 0.465625 0.678906 0.156250 0.014063
3 0.882812 0.765625 0.234375 0.109375
3 0.675000 0.728125 0.159375 0.062500
3 0.232813 0.682813 0.025000 0.046875
3 0.199219 0.698438 0.032813 0.084375
3 0.089063 0.706250 0.178125 0.103125
6 0.332813 0.660156 0.043750 0.042188
6 0.059375 0.641406 0.059375 0.048438
21 0.736719 0.691406 0.032813 0.029687
21 0.786719 0.691406 0.045312 0.042188
21 0.357031 0.714844 0.098437 0.101562
22 0.736719 0.691406 0.032813 0.029687
22 0.786719 0.691406 0.045312 0.042188
22 0.357031 0.714844 0.098437 0.101562