0 0.682031 0.600781 0.017188 0.032813
0 0.719531 0.593750 0.042188 0.053125
0 0.492969 0.570312 0.051562 0.028125
0 0.785156 0.523438 0.429688 0.200000
0 0.450781 0.467969 0.139063 0.095312
3 0.132031 0.700781 0.014063 0.042188
3 0.203906 0.697656 0.104688 0.045312
3 0.312500 0.687500 0.059375 0.031250
3 0.421094 0.675000 0.101562 0.028125
3 0.491406 0.664062 0.032813 0.015625
5 0.985156 0.727344 0.029687 0.048438
5 0.732812 0.690625 0.203125 0.046875
5 0.460156 0.642969 0.023438 0.042188
5 0.497656 0.642188 0.045312 0.043750
5 0.582812 0.633594 0.065625 0.029687
5 0.643750 0.632812 0.053125 0.034375
5 0.355469 0.631250 0.010937 0.081250
5 0.313281 0.631250 0.060937 0.087500
5 0.564844 0.597656 0.048438 0.026562
5 0.496094 0.595313 0.045312 0.025000
5 0.184375 0.628906 0.156250 0.101562
5 0.407813 0.623437 0.078125 0.093750
8 0.067187 0.671094 0.134375 0.251563
11 0.505469 0.721875 0.035937 0.025000
11 0.736719 0.658594 0.229687 0.057813
11 0.862500 0.646094 0.021875 0.039062
11 0.952344 0.643750 0.095312 0.053125
11 0.399219 0.576562 0.060937 0.031250
11 0.321094 0.560937 0.045312 0.059375
11 0.111719 0.519531 0.223438 0.129688
21 0.696875 0.704688 0.031250 0.025000
21 0.582812 0.728125 0.125000 0.168750
22 0.696875 0.704688 0.031250 0.025000
22 0.582812 0.728125 0.125000 0.168750