0 0.482031 0.457031 0.045312 0.039062
0 0.633594 0.439844 0.064062 0.076563
0 0.671094 0.434375 0.026562 0.078125
0 0.735156 0.391406 0.032813 0.048438
0 0.094531 0.395313 0.032813 0.093750
0 0.050000 0.292187 0.100000 0.453125
2 0.738281 0.543750 0.123438 0.062500
2 0.820312 0.525781 0.028125 0.039062
2 0.945312 0.519531 0.109375 0.082812
3 0.767188 0.429688 0.043750 0.031250
3 0.823438 0.417187 0.053125 0.021875
3 0.978906 0.404687 0.026562 0.031250
4 0.521875 0.411719 0.046875 0.170313
4 0.087500 0.403906 0.050000 0.214062
12 0.351562 0.625781 0.662500 0.157812
12 0.772656 0.509375 0.051562 0.028125
12 0.628125 0.514062 0.137500 0.046875
20 0.521094 0.478906 0.023438 0.051562
20 0.613281 0.462500 0.035937 0.050000
20 0.742969 0.481250 0.045312 0.143750
20 0.701562 0.483594 0.053125 0.160938
20 0.944531 0.443750 0.067187 0.125000
21 0.521094 0.478906 0.023438 0.051562
21 0.613281 0.462500 0.035937 0.050000
21 0.742969 0.481250 0.045312 0.143750
21 0.701562 0.483594 0.053125 0.160938
21 0.944531 0.443750 0.067187 0.125000
23 0.081250 0.562500 0.162500 0.106250
23 0.332813 0.536719 0.328125 0.145313
23 0.767969 0.457031 0.054688 0.054688
23 0.822656 0.446875 0.054688 0.059375
23 0.985938 0.431250 0.021875 0.031250
23 0.905469 0.427344 0.020313 0.060937
24 0.081250 0.562500 0.162500 0.106250
24 0.332813 0.536719 0.328125 0.145313
24 0.767969 0.457031 0.054688 0.054688
24 0.822656 0.446875 0.054688 0.059375
24 0.985938 0.431250 0.021875 0.031250
24 0.905469 0.427344 0.020313 0.060937