0 0.552344 0.611719 0.026562 0.026562
0 0.497656 0.626563 0.073438 0.096875
0 0.061719 0.556250 0.060937 0.071875
0 0.343750 0.510156 0.106250 0.198437
0 0.682031 0.374219 0.123438 0.292187
0 0.870313 0.316406 0.259375 0.226562
2 0.910937 0.817969 0.178125 0.079687
3 0.039844 0.644531 0.079687 0.082812
5 0.276562 0.696094 0.109375 0.014063
5 0.114844 0.697656 0.123438 0.026562
6 0.461719 0.660156 0.039062 0.064062
7 0.892188 0.672656 0.043750 0.051562
7 0.822656 0.655469 0.095312 0.079687
18 0.886719 0.603906 0.060937 0.089063
23 0.053125 0.786719 0.106250 0.242188
23 0.562500 0.677344 0.128125 0.129688
23 0.403125 0.688281 0.125000 0.173437
24 0.053125 0.786719 0.106250 0.242188
24 0.562500 0.677344 0.128125 0.129688
24 0.403125 0.688281 0.125000 0.173437