0 0.241406 0.764062 0.070312 0.068750
0 0.114844 0.777344 0.154688 0.110937
0 0.987500 0.642188 0.025000 0.031250
0 0.078906 0.635938 0.139063 0.081250
0 0.878125 0.621094 0.140625 0.114062
0 0.863281 0.441406 0.264062 0.170313
3 0.195312 0.882812 0.040625 0.081250
3 0.257812 0.852344 0.025000 0.060937
3 0.300000 0.832812 0.018750 0.050000
8 0.308594 0.753906 0.023438 0.032813
8 0.628125 0.692187 0.043750 0.034375
11 0.238281 0.728906 0.429688 0.173437
11 0.739062 0.594531 0.521875 0.239063
17 0.187500 0.908594 0.025000 0.057813
17 0.237500 0.875781 0.021875 0.064062
17 0.221875 0.819531 0.040625 0.032813
23 0.117188 0.935156 0.118750 0.129688
23 0.166406 0.835156 0.079687 0.082812
23 0.307031 0.784375 0.026562 0.034375
23 0.402344 0.774219 0.092188 0.082812
23 0.490625 0.737500 0.025000 0.037500
23 0.602344 0.738281 0.057813 0.067187
23 0.692187 0.702344 0.031250 0.032813
23 0.763281 0.692187 0.039062 0.031250
23 0.818750 0.689844 0.053125 0.042188
24 0.117188 0.935156 0.118750 0.129688
24 0.166406 0.835156 0.079687 0.082812
24 0.307031 0.784375 0.026562 0.034375
24 0.402344 0.774219 0.092188 0.082812
24 0.490625 0.737500 0.025000 0.037500
24 0.602344 0.738281 0.057813 0.067187
24 0.692187 0.702344 0.031250 0.032813
24 0.763281 0.692187 0.039062 0.031250
24 0.818750 0.689844 0.053125 0.042188