0 0.092969 0.507812 0.185938 0.125000
2 0.238281 0.738281 0.414062 0.251563
2 0.864062 0.573438 0.271875 0.046875
3 0.460156 0.571094 0.048438 0.035937
3 0.553125 0.545312 0.034375 0.037500
3 0.654687 0.510156 0.168750 0.092188
3 0.760938 0.482812 0.053125 0.075000
5 0.126562 0.636719 0.046875 0.104688
5 0.172656 0.626563 0.048438 0.096875
5 0.660937 0.548438 0.165625 0.050000
5 0.852344 0.502344 0.060937 0.107813
5 0.953906 0.496875 0.092188 0.115625
5 0.789844 0.489063 0.092188 0.131250
21 0.327344 0.597656 0.070312 0.110937
21 0.234375 0.607812 0.131250 0.140625
21 0.505469 0.577344 0.092188 0.085938
22 0.327344 0.597656 0.070312 0.110937
22 0.234375 0.607812 0.131250 0.140625
22 0.505469 0.577344 0.092188 0.085938