0 0.810156 0.803906 0.023438 0.039062
0 0.701562 0.810156 0.034375 0.054688
0 0.117188 0.818750 0.109375 0.128125
0 0.047656 0.652344 0.017188 0.132812
0 0.074219 0.652344 0.023438 0.142187
0 0.192969 0.589844 0.164062 0.285938
0 0.584375 0.623437 0.831250 0.646875
2 0.454688 0.916406 0.100000 0.051562
2 0.864844 0.846094 0.089063 0.023438
4 0.059375 0.652344 0.015625 0.142187
6 0.953906 0.793750 0.092188 0.168750
12 0.671094 0.939844 0.657813 0.120313
20 0.392188 0.892969 0.018750 0.051562
20 0.890625 0.811719 0.025000 0.057813
21 0.392188 0.892969 0.018750 0.051562
21 0.890625 0.811719 0.025000 0.057813
23 0.481250 0.892969 0.056250 0.054688
23 0.266406 0.932813 0.292187 0.134375
23 0.671094 0.876563 0.307812 0.153125
24 0.481250 0.892969 0.056250 0.054688
24 0.266406 0.932813 0.292187 0.134375
24 0.671094 0.876563 0.307812 0.153125