0 0.614844 0.444531 0.026562 0.045312
0 0.582031 0.444531 0.029687 0.045312
0 0.436719 0.428906 0.035937 0.067187
0 0.031250 0.407031 0.031250 0.035937
0 0.479687 0.432812 0.009375 0.090625
0 0.807031 0.428125 0.032813 0.093750
0 0.550000 0.414062 0.028125 0.103125
0 0.597656 0.379688 0.060937 0.059375
0 0.711719 0.403906 0.079687 0.139063
0 0.866406 0.397656 0.082812 0.154688
0 0.954688 0.394531 0.090625 0.157812
0 0.020313 0.285938 0.040625 0.093750
0 0.019531 0.205469 0.039062 0.039062
0 0.139844 0.167187 0.195312 0.334375
0 0.018750 0.088281 0.037500 0.176563
3 0.853906 0.487500 0.057813 0.025000
3 0.925781 0.485938 0.082812 0.028125
3 0.685937 0.483594 0.028125 0.023438
3 0.578125 0.478906 0.025000 0.023438
3 0.550000 0.476562 0.028125 0.021875
5 0.419531 0.640625 0.514062 0.087500
5 0.048438 0.599219 0.028125 0.035937
5 0.341406 0.555469 0.032813 0.032813
5 0.186719 0.555469 0.079687 0.039062
5 0.810156 0.551562 0.189062 0.078125
5 0.450781 0.531250 0.064062 0.053125
5 0.552344 0.528125 0.032813 0.053125
5 0.344531 0.485156 0.023438 0.032813
5 0.297656 0.472656 0.048438 0.026562
11 0.167969 0.475000 0.020313 0.071875
11 0.500000 0.315625 1.000000 0.631250
23 0.896875 0.746875 0.175000 0.290625
23 0.709375 0.638281 0.100000 0.139063
23 0.264062 0.546094 0.125000 0.051562
24 0.896875 0.746875 0.175000 0.290625
24 0.709375 0.638281 0.100000 0.139063
24 0.264062 0.546094 0.125000 0.051562