0 0.110937 0.400000 0.021875 0.037500
0 0.238281 0.387500 0.029687 0.025000
0 0.501563 0.366406 0.068750 0.057813
0 0.549219 0.371094 0.023438 0.073438
0 0.607031 0.377344 0.048438 0.089063
0 0.321875 0.348438 0.025000 0.040625
0 0.761719 0.209375 0.476562 0.418750
0 0.101562 0.210938 0.203125 0.421875
2 0.937500 0.693750 0.125000 0.103125
2 0.657813 0.420312 0.084375 0.025000
5 0.912500 0.538281 0.175000 0.223438
7 0.775000 0.414062 0.118750 0.378125
7 0.900781 0.264062 0.060937 0.096875
23 0.707812 0.435156 0.021875 0.104688
23 0.317188 0.458594 0.634375 0.214062
24 0.707812 0.435156 0.021875 0.104688
24 0.317188 0.458594 0.634375 0.214062