0 0.028906 0.528125 0.057813 0.081250
0 0.584375 0.522656 0.043750 0.095312
0 0.753906 0.495312 0.060937 0.081250
0 0.927344 0.482812 0.082812 0.081250
0 0.210156 0.505469 0.273438 0.176563
0 0.792188 0.389844 0.178125 0.295312
0 0.532813 0.397656 0.371875 0.382812
2 0.670312 0.854688 0.659375 0.290625
5 0.014063 0.617188 0.028125 0.037500
5 0.285938 0.652344 0.571875 0.126562
5 0.768750 0.581250 0.306250 0.062500
5 0.972656 0.547656 0.045312 0.017188
9 0.109375 0.804688 0.218750 0.271875
9 0.038281 0.623437 0.042188 0.046875
23 0.363281 0.590625 0.017188 0.040625
23 0.184375 0.606250 0.234375 0.071875
23 0.328906 0.592187 0.045312 0.050000
23 0.396094 0.585156 0.048438 0.051562
23 0.448437 0.578906 0.040625 0.042188
23 0.513281 0.571875 0.089063 0.046875
23 0.589844 0.564063 0.039062 0.037500
23 0.754687 0.544531 0.062500 0.045312
23 0.670312 0.550000 0.106250 0.056250
23 0.876563 0.536719 0.134375 0.039062
24 0.363281 0.590625 0.017188 0.040625
24 0.184375 0.606250 0.234375 0.071875
24 0.328906 0.592187 0.045312 0.050000
24 0.396094 0.585156 0.048438 0.051562
24 0.448437 0.578906 0.040625 0.042188
24 0.513281 0.571875 0.089063 0.046875
24 0.589844 0.564063 0.039062 0.037500
24 0.754687 0.544531 0.062500 0.045312
24 0.670312 0.550000 0.106250 0.056250
24 0.876563 0.536719 0.134375 0.039062