0 0.486719 0.646094 0.067187 0.045312
0 0.550000 0.640625 0.021875 0.056250
0 0.576562 0.632812 0.031250 0.071875
0 0.436719 0.477344 0.051562 0.070312
0 0.899219 0.535937 0.201563 0.237500
0 0.763281 0.475781 0.067187 0.139063
0 0.711719 0.236719 0.054688 0.142187
0 0.159375 0.442188 0.318750 0.593750
0 0.592969 0.360156 0.285938 0.617188
0 0.814063 0.146875 0.315625 0.293750
0 0.566406 0.053906 0.182812 0.107813
2 0.100781 0.729688 0.064062 0.034375
2 0.820312 0.750000 0.359375 0.093750
2 0.724219 0.717187 0.035937 0.040625
2 0.885938 0.714844 0.093750 0.070312
2 0.425781 0.691406 0.185938 0.029687
2 0.592969 0.678906 0.095312 0.026562
3 0.177344 0.703125 0.095312 0.043750
3 0.483594 0.676562 0.114062 0.028125
4 0.778906 0.728906 0.023438 0.039062
4 0.421875 0.654687 0.015625 0.090625
4 0.398438 0.490625 0.037500 0.168750
4 0.723437 0.437500 0.118750 0.584375
4 0.673438 0.057031 0.068750 0.114062
5 0.921875 0.677344 0.156250 0.054688
20 0.717969 0.627344 0.017188 0.076563
20 0.835156 0.583594 0.045312 0.082812
20 0.783594 0.582031 0.054688 0.079687
21 0.272656 0.700781 0.114062 0.076563
21 0.839844 0.635156 0.029687 0.042188
21 0.795312 0.646094 0.053125 0.064062
22 0.272656 0.700781 0.114062 0.076563
22 0.839844 0.635156 0.029687 0.042188
22 0.795312 0.646094 0.053125 0.064062