0 0.058594 0.810156 0.023438 0.060937
0 0.078906 0.807031 0.017188 0.064062
0 0.132031 0.800781 0.089063 0.070312
0 0.357031 0.769531 0.032813 0.045312
0 0.432812 0.702344 0.021875 0.042188
0 0.689063 0.697656 0.075000 0.045312
0 0.510156 0.698438 0.073438 0.053125
0 0.556250 0.696875 0.031250 0.053125
0 0.880469 0.676562 0.035937 0.037500
0 0.773438 0.678906 0.071875 0.042188
0 0.631250 0.687500 0.031250 0.068750
0 0.339844 0.679688 0.020313 0.081250
0 0.035937 0.622656 0.062500 0.107813
0 0.586719 0.606250 0.085938 0.078125
0 0.313281 0.667969 0.054688 0.276562
0 0.185938 0.660156 0.243750 0.342187
2 0.778125 0.738281 0.250000 0.020313
5 0.393750 0.764844 0.037500 0.035937
23 0.568750 0.753125 0.146875 0.084375
23 0.778906 0.704688 0.114062 0.040625
23 0.949219 0.700000 0.101562 0.115625
24 0.568750 0.753125 0.146875 0.084375
24 0.778906 0.704688 0.114062 0.040625
24 0.949219 0.700000 0.101562 0.115625