0 0.064844 0.672656 0.110937 0.170313
0 0.131250 0.662500 0.025000 0.153125
0 0.160938 0.628125 0.053125 0.090625
0 0.663281 0.621875 0.032813 0.090625
0 0.984375 0.626563 0.031250 0.125000
0 0.629687 0.523438 0.068750 0.281250
0 0.049219 0.356250 0.098437 0.396875
0 0.302344 0.456250 0.473438 0.631250
0 0.820312 0.347656 0.359375 0.679688
2 0.121875 0.876563 0.137500 0.075000
2 0.076563 0.771094 0.078125 0.029687
2 0.360938 0.760156 0.112500 0.042188
2 0.812500 0.688281 0.100000 0.014063
4 0.122656 0.692969 0.029687 0.126562
4 0.081250 0.340625 0.081250 0.543750
6 0.593750 0.661719 0.021875 0.042188
7 0.702344 0.675000 0.020313 0.028125
10 0.075000 0.739844 0.084375 0.085938
10 0.423438 0.728125 0.028125 0.068750
21 0.212500 0.772656 0.193750 0.164062
21 0.539844 0.691406 0.032813 0.048438
21 0.504687 0.682031 0.025000 0.035937
21 0.646094 0.670312 0.073438 0.046875
21 0.752344 0.679688 0.082812 0.071875
21 0.912500 0.678125 0.103125 0.093750
22 0.212500 0.772656 0.193750 0.164062
22 0.539844 0.691406 0.032813 0.048438
22 0.504687 0.682031 0.025000 0.035937
22 0.646094 0.670312 0.073438 0.046875
22 0.752344 0.679688 0.082812 0.071875
22 0.912500 0.678125 0.103125 0.093750