0 0.516406 0.797656 0.060937 0.045312
0 0.032031 0.756250 0.064062 0.100000
0 0.670312 0.714844 0.053125 0.051562
0 0.778125 0.674219 0.056250 0.042188
0 0.687500 0.644531 0.093750 0.085938
0 0.142187 0.466406 0.059375 0.051562
0 0.900781 0.491406 0.076563 0.214062
0 0.351562 0.591406 0.575000 0.442188
3 0.133594 0.852344 0.123438 0.089063
3 0.872656 0.807813 0.142187 0.050000
5 0.247656 0.850000 0.117188 0.078125
5 0.067969 0.852344 0.029687 0.092188
5 0.028906 0.859375 0.057813 0.106250
6 0.764062 0.807813 0.084375 0.078125
8 0.320312 0.795312 0.031250 0.081250
8 0.420312 0.797656 0.159375 0.092188
20 0.560156 0.817969 0.014063 0.070312
21 0.560156 0.817969 0.014063 0.070312
23 0.541406 0.810156 0.026562 0.029687
24 0.541406 0.810156 0.026562 0.029687