0 0.142187 0.621875 0.031250 0.050000
0 0.247656 0.600781 0.035937 0.120313
0 0.555469 0.556250 0.092188 0.040625
0 0.529687 0.501563 0.075000 0.071875
0 0.853906 0.417969 0.064062 0.232813
0 0.248438 0.370312 0.496875 0.678125
0 0.864844 0.273438 0.242188 0.546875
0 0.709375 0.282031 0.306250 0.564063
2 0.918750 0.688281 0.162500 0.095312
2 0.779687 0.575781 0.106250 0.032813
3 0.405469 0.621875 0.045312 0.056250
3 0.514062 0.582812 0.043750 0.043750
3 0.698438 0.571094 0.065625 0.045312
3 0.911719 0.600000 0.176563 0.137500
9 0.940625 0.665625 0.046875 0.028125
21 0.159375 0.689063 0.159375 0.121875
21 0.328125 0.646094 0.096875 0.089063
21 0.467187 0.614062 0.084375 0.087500
21 0.560156 0.582812 0.070312 0.053125
22 0.159375 0.689063 0.159375 0.121875
22 0.328125 0.646094 0.096875 0.089063
22 0.467187 0.614062 0.084375 0.087500
22 0.560156 0.582812 0.070312 0.053125