0 0.013281 0.550781 0.026562 0.082812
0 0.285156 0.521094 0.035937 0.048438
0 0.330469 0.507031 0.048438 0.029687
0 0.007031 0.487500 0.014063 0.053125
0 0.553125 0.485156 0.031250 0.079687
0 0.399219 0.425781 0.045312 0.117188
0 0.190625 0.342969 0.381250 0.529687
0 0.727344 0.304688 0.545312 0.609375
2 0.968750 0.596875 0.062500 0.031250
2 0.182812 0.596875 0.134375 0.053125
2 0.645312 0.647656 0.709375 0.323437
7 0.382031 0.600000 0.051562 0.100000
21 0.064062 0.618750 0.109375 0.106250
21 0.344531 0.561719 0.117188 0.154688
21 0.434375 0.532031 0.084375 0.101562
22 0.064062 0.618750 0.109375 0.106250
22 0.344531 0.561719 0.117188 0.154688
22 0.434375 0.532031 0.084375 0.101562