0 0.129688 0.649219 0.062500 0.073438
0 0.035937 0.656250 0.071875 0.115625
0 0.427344 0.596875 0.079687 0.050000
0 0.114062 0.530469 0.062500 0.032813
0 0.339844 0.495312 0.042188 0.043750
0 0.581250 0.503906 0.059375 0.076563
0 0.144531 0.446875 0.229687 0.112500
0 0.418750 0.464062 0.250000 0.209375
0 0.156250 0.322656 0.231250 0.201563
0 0.139844 0.206250 0.204687 0.175000
0 0.809375 0.370312 0.381250 0.740625
0 0.255469 0.167969 0.414062 0.335938
2 0.256250 0.816406 0.150000 0.089063
2 0.674219 0.821875 0.639062 0.234375
3 0.983594 0.809375 0.032813 0.259375
4 0.256250 0.770312 0.021875 0.056250
4 0.156250 0.425000 0.312500 0.737500
8 0.492969 0.657813 0.092188 0.081250
8 0.413281 0.634375 0.026562 0.037500
8 0.370312 0.640625 0.046875 0.050000
8 0.310937 0.631250 0.034375 0.053125
8 0.205469 0.659375 0.126562 0.115625
9 0.253125 0.742969 0.028125 0.057813
9 0.203125 0.732812 0.028125 0.075000
15 0.241406 0.703906 0.026562 0.117188
16 0.848437 0.853906 0.046875 0.092188
20 0.691406 0.706250 0.032813 0.128125
20 0.222656 0.712500 0.029687 0.140625
20 0.592969 0.671094 0.026562 0.092188
20 0.399219 0.656250 0.023438 0.065625
20 0.297656 0.658594 0.010937 0.070312
20 0.335938 0.741406 0.087500 0.260937
20 0.435937 0.708594 0.053125 0.201563
20 0.678125 0.606250 0.046875 0.065625
20 0.939063 0.690625 0.068750 0.284375
21 0.691406 0.706250 0.032813 0.128125
21 0.222656 0.712500 0.029687 0.140625
21 0.592969 0.671094 0.026562 0.092188
21 0.399219 0.656250 0.023438 0.065625
21 0.297656 0.658594 0.010937 0.070312
21 0.335938 0.741406 0.087500 0.260937
21 0.435937 0.708594 0.053125 0.201563
21 0.678125 0.606250 0.046875 0.065625
21 0.939063 0.690625 0.068750 0.284375
23 0.086719 0.695312 0.132812 0.059375
23 0.571094 0.675000 0.029687 0.031250
23 0.258594 0.687500 0.020313 0.059375
23 0.377344 0.681250 0.026562 0.065625
24 0.086719 0.695312 0.132812 0.059375
24 0.571094 0.675000 0.029687 0.031250
24 0.258594 0.687500 0.020313 0.059375
24 0.377344 0.681250 0.026562 0.065625