0 0.488281 0.400781 0.145313 0.257812
0 0.205469 0.460156 0.410938 0.860938
0 0.767969 0.325000 0.464062 0.650000
1 0.446094 0.024219 0.042188 0.039062
4 0.438281 0.583594 0.032813 0.195312
4 0.449219 0.560156 0.032813 0.235937
4 0.524219 0.303906 0.073438 0.285938
4 0.403125 0.169531 0.071875 0.314063
5 0.408594 0.596875 0.035937 0.025000
5 0.767969 0.504687 0.189062 0.134375
20 0.478125 0.537500 0.025000 0.081250
21 0.478125 0.537500 0.025000 0.081250
23 0.781250 0.533594 0.159375 0.154688
24 0.781250 0.533594 0.159375 0.154688