0 0.473438 0.432031 0.046875 0.048438
0 0.828906 0.353906 0.104688 0.029687
0 0.745313 0.346875 0.046875 0.062500
2 0.876563 0.706250 0.134375 0.146875
2 0.211719 0.547656 0.079687 0.023438
2 0.639844 0.499219 0.145313 0.035937
3 0.695312 0.401562 0.046875 0.046875
3 0.825000 0.371094 0.175000 0.082812
4 0.567969 0.371094 0.020313 0.242188
5 0.594531 0.467187 0.035937 0.031250
5 0.728906 0.400781 0.020313 0.045312
5 0.796094 0.389062 0.014063 0.034375
21 0.388281 0.489844 0.154688 0.092188
22 0.388281 0.489844 0.154688 0.092188