0 0.565625 0.735938 0.043750 0.025000
0 0.986719 0.735938 0.026562 0.037500
0 0.656250 0.734375 0.021875 0.053125
0 0.323437 0.716406 0.037500 0.048438
0 0.357812 0.715625 0.028125 0.053125
0 0.401562 0.691406 0.056250 0.039062
0 0.945312 0.732031 0.056250 0.129688
0 0.828906 0.724219 0.173437 0.139063
2 0.197656 0.863281 0.395313 0.192188
2 0.422656 0.751563 0.104688 0.018750
3 0.988281 0.775000 0.023438 0.046875
3 0.152344 0.728906 0.304688 0.210938
4 0.966406 0.728906 0.029687 0.135937
13 0.531250 0.707031 0.071875 0.029687
13 0.359375 0.678125 0.025000 0.025000
13 0.304688 0.684375 0.075000 0.050000
21 0.582812 0.767969 0.109375 0.067187
22 0.582812 0.767969 0.109375 0.067187