0 0.378125 0.462500 0.031250 0.031250
0 0.484375 0.369531 0.343750 0.264062
0 0.825000 0.328906 0.296875 0.254688
0 0.162500 0.539844 0.325000 0.920312
2 0.104688 0.964063 0.062500 0.071875
2 0.336719 0.861719 0.395313 0.276562
2 0.705469 0.482031 0.248438 0.045312
2 0.942187 0.467969 0.115625 0.045312
3 0.510156 0.489844 0.085938 0.048438
4 0.317969 0.428125 0.032813 0.143750
7 0.200000 0.760156 0.093750 0.167187
7 0.611719 0.471875 0.023438 0.034375
21 0.139063 0.523438 0.034375 0.025000
21 0.188281 0.515625 0.057813 0.040625
21 0.382812 0.503125 0.078125 0.056250
21 0.964063 0.402344 0.037500 0.060937
22 0.139063 0.523438 0.034375 0.025000
22 0.188281 0.515625 0.057813 0.040625
22 0.382812 0.503125 0.078125 0.056250
22 0.964063 0.402344 0.037500 0.060937