0 0.114062 0.521875 0.028125 0.034375
0 0.014063 0.519531 0.028125 0.032813
0 0.085156 0.519531 0.023438 0.039062
0 0.531250 0.520312 0.040625 0.043750
0 0.274219 0.510156 0.017188 0.032813
0 0.040625 0.514062 0.021875 0.046875
0 0.143750 0.513281 0.012500 0.060937
0 0.587500 0.524219 0.015625 0.135937
0 0.399219 0.492969 0.064062 0.110937
0 0.170313 0.453906 0.034375 0.173437
0 0.149219 0.409375 0.020313 0.090625
0 0.103906 0.406250 0.051562 0.096875
0 0.029687 0.377344 0.040625 0.042188
0 0.460156 0.434375 0.048438 0.228125
0 0.568750 0.355469 0.012500 0.082812
0 0.514062 0.360938 0.068750 0.109375
0 0.307031 0.410938 0.232813 0.237500
0 0.585156 0.330469 0.014063 0.139063
0 0.803125 0.342969 0.393750 0.685937
2 0.660156 0.649219 0.101562 0.070312
2 0.575781 0.632031 0.042188 0.101562
3 0.376563 0.553906 0.043750 0.017188
3 0.095312 0.575000 0.062500 0.075000
3 0.025781 0.574219 0.051562 0.076563
3 0.161719 0.533594 0.020313 0.026562
4 0.606250 0.571875 0.025000 0.221875
4 0.559375 0.528906 0.012500 0.189062
4 0.485938 0.447656 0.006250 0.242188
4 0.432812 0.442969 0.040625 0.260937
4 0.526563 0.307031 0.106250 0.554688
4 0.595313 0.190625 0.028125 0.381250
4 0.089844 0.318750 0.095312 0.637500
18 0.603125 0.418750 0.021875 0.084375
23 0.205469 0.550781 0.026562 0.032813
23 0.285156 0.614062 0.148438 0.175000
24 0.205469 0.550781 0.026562 0.032813
24 0.285156 0.614062 0.148438 0.175000