0 0.704688 0.576562 0.037500 0.053125
0 0.330469 0.570312 0.023438 0.071875
0 0.900781 0.562500 0.051562 0.084375
0 0.059375 0.557813 0.046875 0.115625
0 0.805469 0.545312 0.126562 0.121875
0 0.278906 0.470313 0.042188 0.068750
0 0.017969 0.504687 0.035937 0.221875
0 0.206250 0.493750 0.093750 0.259375
0 0.072656 0.160938 0.145313 0.321875
1 0.774219 0.211719 0.017188 0.045312
1 0.358594 0.207813 0.017188 0.059375
2 0.877344 0.669531 0.060937 0.023438
2 0.132812 0.676562 0.265625 0.043750
2 0.299219 0.639844 0.076563 0.014063
3 0.124219 0.635156 0.248438 0.057813
3 0.885938 0.615625 0.021875 0.021875
3 0.822656 0.616406 0.089063 0.023438
3 0.297656 0.620313 0.085938 0.037500
21 0.664844 0.620313 0.042188 0.037500
21 0.577344 0.609375 0.101562 0.037500
21 0.487500 0.607812 0.075000 0.037500
21 0.403125 0.616406 0.059375 0.060937
21 0.950781 0.648438 0.098437 0.150000
22 0.664844 0.620313 0.042188 0.037500
22 0.577344 0.609375 0.101562 0.037500
22 0.487500 0.607812 0.075000 0.037500
22 0.403125 0.616406 0.059375 0.060937
22 0.950781 0.648438 0.098437 0.150000