0 0.992188 0.513281 0.015625 0.073438
0 0.447656 0.506250 0.064062 0.078125
0 0.746094 0.327344 0.507812 0.554688
0 0.177344 0.306250 0.354687 0.612500
2 0.327344 0.804688 0.351562 0.275000
2 0.394531 0.638281 0.042188 0.020313
2 0.325781 0.634375 0.089063 0.028125
2 0.857812 0.628125 0.087500 0.028125
2 0.136719 0.647656 0.273438 0.098437
6 0.424219 0.620313 0.098437 0.053125
6 0.327344 0.617188 0.092188 0.059375
6 0.346875 0.558594 0.259375 0.145313
21 0.606250 0.575000 0.025000 0.031250
21 0.560937 0.567969 0.059375 0.035937
21 0.926562 0.650781 0.146875 0.204687
21 0.724219 0.642969 0.204687 0.276562
22 0.606250 0.575000 0.025000 0.031250
22 0.560937 0.567969 0.059375 0.035937
22 0.926562 0.650781 0.146875 0.204687
22 0.724219 0.642969 0.204687 0.276562