0 0.961719 0.549219 0.076563 0.032813
0 0.882812 0.547656 0.046875 0.039062
0 0.774219 0.546875 0.064062 0.040625
0 0.832812 0.547656 0.050000 0.045312
0 0.401562 0.545312 0.046875 0.062500
0 0.364844 0.543750 0.014063 0.062500
0 0.452344 0.535937 0.048438 0.056250
0 0.206250 0.507031 0.037500 0.145313
0 0.007031 0.492969 0.014063 0.210938
0 0.103906 0.492188 0.167187 0.212500
0 0.282031 0.472656 0.095312 0.214062
2 0.102344 0.594531 0.164062 0.020313
2 0.657813 0.791406 0.684375 0.417187
4 0.354687 0.532813 0.018750 0.084375
4 0.021875 0.416406 0.043750 0.398438
21 0.435937 0.576562 0.028125 0.028125
21 0.903906 0.567187 0.192188 0.025000
22 0.435937 0.576562 0.028125 0.028125
22 0.903906 0.567187 0.192188 0.025000