0 0.415625 0.636719 0.118750 0.173437
0 0.778125 0.568750 0.025000 0.062500
0 0.700781 0.575781 0.142187 0.117188
0 0.819531 0.530469 0.082812 0.176563
0 0.261719 0.557031 0.195312 0.257812
0 0.090625 0.507812 0.181250 0.356250
0 0.925000 0.423438 0.150000 0.368750
2 0.232813 0.933594 0.168750 0.132812
2 0.373437 0.815625 0.140625 0.190625
2 0.485156 0.739844 0.092188 0.082812
2 0.811719 0.705469 0.101562 0.032813
3 0.479687 0.721094 0.081250 0.079687
3 0.221875 0.838281 0.390625 0.314063
3 0.746094 0.668750 0.098437 0.075000
3 0.817969 0.659375 0.023438 0.062500
3 0.923438 0.654687 0.153125 0.131250
12 0.632812 0.753125 0.337500 0.062500
20 0.429688 0.705469 0.040625 0.164062
21 0.429688 0.705469 0.040625 0.164062
23 0.829688 0.650781 0.053125 0.073438
23 0.622656 0.682813 0.167187 0.140625
24 0.829688 0.650781 0.053125 0.073438
24 0.622656 0.682813 0.167187 0.140625