0 0.749219 0.717187 0.032813 0.040625
0 0.329688 0.585156 0.046875 0.067187
0 0.205469 0.336719 0.114062 0.098437
0 0.668750 0.377344 0.662500 0.754687
2 0.080469 0.846875 0.160938 0.071875
2 0.828906 0.812500 0.342187 0.078125
2 0.194531 0.762500 0.254688 0.056250
3 0.864844 0.781250 0.032813 0.037500
3 0.946094 0.781250 0.107813 0.043750
3 0.630469 0.744531 0.070312 0.032813
3 0.703906 0.749219 0.070312 0.045312
3 0.861719 0.739062 0.051562 0.028125
3 0.773438 0.742188 0.031250 0.034375
3 0.160938 0.675781 0.200000 0.139063
5 0.846875 0.783594 0.306250 0.092188
5 0.632031 0.753906 0.076563 0.035937
5 0.265625 0.725781 0.025000 0.079687
5 0.140625 0.731250 0.231250 0.121875
23 0.546094 0.764844 0.089063 0.070312
23 0.427344 0.751563 0.079687 0.084375
24 0.546094 0.764844 0.089063 0.070312
24 0.427344 0.751563 0.079687 0.084375