0 0.776563 0.385156 0.446875 0.770312
1 0.387500 0.410938 0.015625 0.050000
1 0.351562 0.411719 0.015625 0.051562
2 0.782031 0.775000 0.082812 0.015625
2 0.439844 0.752344 0.245312 0.070312
8 0.380469 0.686719 0.014063 0.089063
8 0.258594 0.682031 0.204687 0.132812
20 0.870313 0.710938 0.015625 0.062500
20 0.507031 0.725781 0.035937 0.098437
20 0.345313 0.720313 0.043750 0.096875
21 0.870313 0.710938 0.015625 0.062500
21 0.507031 0.725781 0.035937 0.098437
21 0.345313 0.720313 0.043750 0.096875
22 0.867969 0.750000 0.264062 0.150000
23 0.393750 0.703125 0.021875 0.050000
23 0.451562 0.699219 0.040625 0.051562
23 0.418750 0.702344 0.025000 0.057813
23 0.078125 0.705469 0.156250 0.095312
24 0.393750 0.703125 0.021875 0.050000
24 0.451562 0.699219 0.040625 0.051562
24 0.418750 0.702344 0.025000 0.057813
24 0.078125 0.705469 0.156250 0.095312