0 0.228906 0.787500 0.023438 0.071875
0 0.518750 0.741406 0.059375 0.048438
0 0.452344 0.735938 0.039062 0.062500
0 0.605469 0.738281 0.020313 0.073438
0 0.412500 0.717187 0.031250 0.068750
0 0.657813 0.701562 0.056250 0.068750
0 0.577344 0.569531 0.054688 0.073438
0 0.111719 0.522656 0.223438 0.889062
0 0.768750 0.410938 0.462500 0.821875
2 0.142187 0.953906 0.134375 0.092188
2 0.819531 0.861719 0.360938 0.154688
2 0.624219 0.785937 0.048438 0.021875
5 0.716406 0.756250 0.029687 0.025000
12 0.566406 0.832031 0.164062 0.045312
23 0.396875 0.871094 0.409375 0.257812
24 0.396875 0.871094 0.409375 0.257812