0 0.909375 0.657031 0.034375 0.045312
0 0.850781 0.651563 0.064062 0.062500
0 0.711719 0.651563 0.085938 0.068750
0 0.642188 0.637500 0.034375 0.046875
0 0.414844 0.635938 0.039062 0.043750
0 0.142187 0.644531 0.050000 0.070312
0 0.793750 0.643750 0.031250 0.081250
0 0.601562 0.621875 0.025000 0.037500
0 0.485156 0.641406 0.095312 0.076563
0 0.235937 0.639844 0.046875 0.073438
0 0.767969 0.640625 0.023438 0.090625
0 0.091406 0.614844 0.032813 0.039062
0 0.814063 0.278125 0.371875 0.556250
1 0.480469 0.035156 0.039062 0.048438
2 0.227344 0.792188 0.454688 0.128125
2 0.957812 0.734375 0.084375 0.050000
2 0.321094 0.702344 0.129688 0.020313
2 0.825000 0.685156 0.331250 0.026562
3 0.232813 0.688281 0.090625 0.026562
3 0.342969 0.663281 0.082812 0.023438
7 0.142187 0.714844 0.031250 0.045312
8 0.546094 0.656250 0.048438 0.046875
12 0.701562 0.726562 0.503125 0.015625
16 0.414062 0.713281 0.021875 0.051562
23 0.082031 0.682031 0.051562 0.020313
23 0.466406 0.671875 0.057813 0.028125
23 0.415625 0.671875 0.037500 0.028125
23 0.609375 0.676562 0.140625 0.062500
24 0.082031 0.682031 0.051562 0.020313
24 0.466406 0.671875 0.057813 0.028125
24 0.415625 0.671875 0.037500 0.028125
24 0.609375 0.676562 0.140625 0.062500