0 0.663281 0.493750 0.054688 0.078125
0 0.719531 0.487500 0.045312 0.071875
0 0.442969 0.481250 0.067187 0.096875
0 0.366406 0.495312 0.073438 0.162500
0 0.891406 0.445312 0.217188 0.140625
0 0.598437 0.444531 0.084375 0.195312
0 0.941406 0.278125 0.067187 0.087500
0 0.240625 0.356250 0.200000 0.493750
2 0.079687 0.684375 0.106250 0.040625
2 0.765625 0.548438 0.087500 0.012500
3 0.139063 0.595313 0.040625 0.043750
3 0.061719 0.623437 0.114062 0.128125
4 0.034375 0.494531 0.028125 0.142187
4 0.329688 0.497656 0.043750 0.207813
5 0.160156 0.628906 0.067187 0.039062
5 0.255469 0.600000 0.089063 0.031250
5 0.874219 0.484375 0.026562 0.062500
21 0.525781 0.571094 0.160938 0.157812
22 0.525781 0.571094 0.160938 0.157812