0 0.049219 0.565625 0.098437 0.234375
0 0.128125 0.514062 0.071875 0.165625
0 0.653906 0.440625 0.135937 0.125000
0 0.061719 0.446875 0.123438 0.359375
0 0.851562 0.234375 0.250000 0.468750
0 0.479687 0.285156 0.646875 0.570312
2 0.091406 0.789844 0.123438 0.226562
2 0.067187 0.664062 0.084375 0.053125
2 0.135937 0.636719 0.068750 0.060937
2 0.709375 0.585156 0.234375 0.054688
2 0.321875 0.555469 0.084375 0.014063
2 0.461719 0.541406 0.101562 0.026562
2 0.578906 0.522656 0.042188 0.023438
2 0.709375 0.500000 0.200000 0.056250
2 0.900000 0.466406 0.165625 0.060937
12 0.403125 0.746875 0.584375 0.262500
12 0.773438 0.549219 0.100000 0.029687
12 0.912500 0.521094 0.159375 0.073438
21 0.260937 0.553906 0.040625 0.020313
21 0.385937 0.543750 0.050000 0.043750
22 0.260937 0.553906 0.040625 0.020313
22 0.385937 0.543750 0.050000 0.043750