0 0.872656 0.664844 0.098437 0.114062
0 0.775000 0.652344 0.096875 0.139063
0 0.387500 0.563281 0.062500 0.054688
0 0.169531 0.623437 0.098437 0.190625
0 0.353906 0.620313 0.182812 0.200000
0 0.241406 0.619531 0.048438 0.198437
0 0.569531 0.582812 0.295312 0.246875
2 0.797656 0.870313 0.404687 0.259375
2 0.210938 0.721875 0.175000 0.009375
4 0.269531 0.601562 0.035937 0.243750
4 0.962500 0.523438 0.015625 0.093750
4 0.013281 0.514062 0.026562 0.081250
4 0.724219 0.559375 0.029687 0.375000
4 0.225781 0.485156 0.026562 0.357812
5 0.425000 0.702344 0.056250 0.017188
16 0.880469 0.756250 0.020313 0.043750
21 0.485156 0.711719 0.029687 0.029687
21 0.622656 0.718750 0.020313 0.050000
21 0.777344 0.713281 0.089063 0.042188
21 0.557813 0.703125 0.037500 0.025000
21 0.671875 0.714063 0.068750 0.056250
21 0.108594 0.702344 0.085938 0.032813
22 0.485156 0.711719 0.029687 0.029687
22 0.622656 0.718750 0.020313 0.050000
22 0.777344 0.713281 0.089063 0.042188
22 0.557813 0.703125 0.037500 0.025000
22 0.671875 0.714063 0.068750 0.056250
22 0.108594 0.702344 0.085938 0.032813