0 0.349219 0.532031 0.089063 0.107813
0 0.210938 0.474219 0.181250 0.226562
0 0.071875 0.446094 0.143750 0.320312
1 0.171875 0.209375 0.031250 0.025000
2 0.210938 0.743750 0.334375 0.187500
2 0.532031 0.649219 0.098437 0.064062
5 0.357812 0.635156 0.040625 0.054688
5 0.089063 0.696875 0.156250 0.187500
5 0.257031 0.662500 0.142187 0.121875
5 0.460938 0.610156 0.059375 0.026562
5 0.818750 0.560937 0.162500 0.137500
5 0.953125 0.541406 0.093750 0.176563
7 0.153125 0.707031 0.028125 0.048438
8 0.528906 0.596875 0.054688 0.062500
23 0.396875 0.637500 0.046875 0.053125
23 0.539062 0.615625 0.046875 0.046875
23 0.730469 0.606250 0.242188 0.156250
23 0.993750 0.575000 0.012500 0.096875
24 0.396875 0.637500 0.046875 0.053125
24 0.539062 0.615625 0.046875 0.046875
24 0.730469 0.606250 0.242188 0.156250
24 0.993750 0.575000 0.012500 0.096875