0 0.820312 0.619531 0.031250 0.048438
0 0.764844 0.619531 0.048438 0.048438
0 0.214844 0.544531 0.023438 0.067187
0 0.150781 0.539844 0.048438 0.067187
0 0.645312 0.325000 0.709375 0.650000
2 0.347656 0.698438 0.164062 0.034375
2 0.035937 0.686719 0.056250 0.023438
3 0.962500 0.635156 0.075000 0.035937
18 0.810937 0.305469 0.209375 0.167187
21 0.080469 0.664844 0.020313 0.045312
21 0.847656 0.742188 0.223438 0.203125
21 0.045312 0.654687 0.040625 0.053125
21 0.180469 0.664844 0.170313 0.079687
22 0.080469 0.664844 0.020313 0.045312
22 0.847656 0.742188 0.223438 0.203125
22 0.045312 0.654687 0.040625 0.053125
22 0.180469 0.664844 0.170313 0.079687