0 0.420312 0.466406 0.156250 0.092188
0 0.030469 0.440625 0.060937 0.118750
0 0.360938 0.401562 0.271875 0.134375
0 0.125000 0.227344 0.093750 0.073438
2 0.021094 0.591406 0.042188 0.026562
2 0.114062 0.577344 0.125000 0.035937
2 0.969531 0.557813 0.060937 0.028125
3 0.621094 0.482031 0.064062 0.039062
3 0.309375 0.491406 0.090625 0.092188
3 0.214844 0.488281 0.057813 0.089063
3 0.116406 0.467969 0.120313 0.060937
3 0.047656 0.468750 0.010937 0.062500
4 0.686719 0.407031 0.039062 0.148438
4 0.518750 0.385937 0.031250 0.137500
4 0.500000 0.369531 0.006250 0.170313
4 0.832812 0.361719 0.018750 0.285938
4 0.195312 0.346094 0.109375 0.448437
4 0.800000 0.264844 0.137500 0.529687
5 0.253906 0.514844 0.023438 0.035937
5 0.207813 0.514062 0.040625 0.040625
5 0.116406 0.524219 0.120313 0.060937
5 0.710938 0.485938 0.053125 0.021875
5 0.565625 0.487500 0.046875 0.037500
13 0.814063 0.431250 0.040625 0.065625
21 0.336719 0.535156 0.073438 0.067187
21 0.678906 0.498437 0.032813 0.037500
21 0.245312 0.477344 0.037500 0.039062
21 0.514844 0.564844 0.173437 0.220312
22 0.336719 0.535156 0.073438 0.067187
22 0.678906 0.498437 0.032813 0.037500
22 0.245312 0.477344 0.037500 0.039062
22 0.514844 0.564844 0.173437 0.220312