0 0.591406 0.666406 0.020313 0.039062
0 0.861719 0.649219 0.073438 0.042188
0 0.453906 0.650781 0.051562 0.045312
0 0.952344 0.645312 0.048438 0.053125
0 0.332031 0.652344 0.032813 0.085938
0 0.978906 0.582812 0.017188 0.096875
0 0.993750 0.540625 0.012500 0.075000
0 0.691406 0.499219 0.154688 0.320312
0 0.152344 0.521094 0.304688 0.392188
2 0.852344 0.775781 0.117188 0.039062
2 0.225781 0.722656 0.045312 0.020313
2 0.293750 0.710938 0.087500 0.034375
2 0.734375 0.710938 0.275000 0.043750
3 0.950781 0.685937 0.042188 0.028125
3 0.207813 0.677344 0.025000 0.026562
3 0.867188 0.669531 0.043750 0.054688
3 0.757031 0.667188 0.151562 0.050000
5 0.757031 0.696875 0.148438 0.025000
21 0.953125 0.814844 0.093750 0.326562
21 0.526563 0.682031 0.118750 0.060937
21 0.390625 0.682031 0.109375 0.073438
21 0.110937 0.778906 0.221875 0.267188
22 0.953125 0.814844 0.093750 0.326562
22 0.526563 0.682031 0.118750 0.060937
22 0.390625 0.682031 0.109375 0.073438
22 0.110937 0.778906 0.221875 0.267188