0 0.328906 0.374219 0.039062 0.029687
0 0.444531 0.350000 0.039062 0.093750
0 0.392969 0.332031 0.067187 0.189062
0 0.192188 0.348438 0.365625 0.221875
2 0.212500 0.729688 0.293750 0.540625
2 0.067969 0.466406 0.060937 0.020313
3 0.027344 0.415625 0.054688 0.087500
3 0.476562 0.364063 0.040625 0.068750
3 0.199219 0.347656 0.029687 0.095312
3 0.290625 0.339844 0.018750 0.082812
3 0.542188 0.344531 0.087500 0.120313
3 0.629687 0.343750 0.065625 0.159375
3 0.663281 0.326562 0.045312 0.153125
3 0.879687 0.278125 0.240625 0.353125
4 0.409375 0.234375 0.075000 0.440625
5 0.923438 0.464062 0.153125 0.059375
5 0.523438 0.409375 0.043750 0.021875
5 0.484375 0.410156 0.028125 0.029687
18 0.232031 0.277344 0.076563 0.079687