0 0.594531 0.422656 0.020313 0.032813
0 0.415625 0.406250 0.018750 0.059375
0 0.631250 0.413281 0.040625 0.092188
0 0.442188 0.400000 0.021875 0.065625
0 0.378906 0.403906 0.020313 0.117188
0 0.276562 0.302344 0.175000 0.254688
0 0.882812 0.135156 0.234375 0.270313
0 0.634375 0.236719 0.250000 0.473438
0 0.093750 0.185938 0.187500 0.371875
2 0.117188 0.533594 0.068750 0.026562
2 0.656250 0.516406 0.150000 0.120313
3 0.287500 0.401562 0.046875 0.034375
3 0.047656 0.386719 0.095312 0.048438
5 0.052344 0.443750 0.057813 0.068750
10 0.057813 0.489063 0.115625 0.190625
20 0.656250 0.430469 0.012500 0.070312
21 0.656250 0.430469 0.012500 0.070312
23 0.556250 0.445312 0.021875 0.034375
23 0.466406 0.428906 0.107813 0.160938
23 0.208594 0.417969 0.257812 0.248438
23 0.861719 0.488281 0.276562 0.523438
24 0.556250 0.445312 0.021875 0.034375
24 0.466406 0.428906 0.107813 0.160938
24 0.208594 0.417969 0.257812 0.248438
24 0.861719 0.488281 0.276562 0.523438