0 0.359375 0.674219 0.025000 0.029687
0 0.520312 0.660156 0.025000 0.039062
0 0.483594 0.635938 0.045312 0.093750
0 0.277344 0.597656 0.092188 0.120313
2 0.494531 0.735938 0.070312 0.012500
6 0.521094 0.703125 0.017188 0.034375
6 0.485938 0.702344 0.050000 0.042188
6 0.725000 0.725000 0.200000 0.193750
8 0.584375 0.691406 0.109375 0.126562
11 0.500000 0.380469 1.000000 0.760938
20 0.246094 0.695312 0.192188 0.112500
21 0.900000 0.731250 0.062500 0.043750
21 0.977344 0.733594 0.045312 0.079687
21 0.846094 0.712500 0.042188 0.040625
21 0.086719 0.728906 0.129688 0.082812
21 0.305469 0.730469 0.151562 0.107813
21 0.475000 0.689844 0.028125 0.045312
22 0.900000 0.731250 0.062500 0.043750
22 0.977344 0.733594 0.045312 0.079687
22 0.846094 0.712500 0.042188 0.040625
22 0.086719 0.728906 0.129688 0.082812
22 0.305469 0.730469 0.151562 0.107813
22 0.475000 0.689844 0.028125 0.045312