0 0.028125 0.497656 0.056250 0.035937
0 0.682031 0.419531 0.054688 0.020313
0 0.256250 0.290625 0.353125 0.581250
0 0.058594 0.225000 0.117188 0.450000
2 0.034375 0.621875 0.068750 0.062500
2 0.335156 0.508594 0.148438 0.051562
3 0.938281 0.441406 0.045312 0.020313
3 0.987500 0.439063 0.025000 0.021875
10 0.428906 0.555469 0.054688 0.098437
10 0.816406 0.590625 0.229687 0.287500
14 0.524219 0.478125 0.029687 0.059375
14 0.427344 0.491406 0.054688 0.129688
14 0.778125 0.470313 0.134375 0.325000
18 0.214062 0.495312 0.021875 0.046875
21 0.471875 0.485938 0.031250 0.043750
22 0.471875 0.485938 0.031250 0.043750