0 0.792969 0.516406 0.085938 0.060937
0 0.907813 0.482031 0.015625 0.060937
0 0.877344 0.500781 0.020313 0.101562
0 0.852344 0.496875 0.017188 0.100000
0 0.542188 0.466406 0.015625 0.042188
0 0.522656 0.467187 0.017188 0.043750
0 0.936719 0.497656 0.023438 0.107813
0 0.975000 0.492969 0.034375 0.142187
0 0.524219 0.428125 0.017188 0.028125
0 0.500000 0.453125 0.015625 0.078125
0 0.396875 0.447656 0.190625 0.089063
0 0.257031 0.393750 0.007812 0.071875
0 0.795312 0.379688 0.087500 0.112500
0 0.235937 0.392969 0.028125 0.182812
0 0.889844 0.135937 0.220312 0.271875
0 0.509375 0.252344 0.484375 0.504687
0 0.153125 0.260156 0.306250 0.520312
2 0.075781 0.585156 0.151562 0.048438
2 0.857812 0.554688 0.271875 0.087500
3 0.343750 0.515625 0.025000 0.031250
3 0.389844 0.505469 0.054688 0.020313
3 0.451562 0.499219 0.059375 0.017188
3 0.521094 0.493750 0.070312 0.012500
15 0.226562 0.531250 0.018750 0.056250
21 0.458594 0.528906 0.039062 0.035937
21 0.101562 0.527344 0.168750 0.064062
21 0.659375 0.525000 0.040625 0.062500
22 0.458594 0.528906 0.039062 0.035937
22 0.101562 0.527344 0.168750 0.064062
22 0.659375 0.525000 0.040625 0.062500