0 0.857812 0.742188 0.143750 0.150000
0 0.935937 0.735938 0.059375 0.150000
0 0.964063 0.655469 0.043750 0.023438
2 0.280469 0.928906 0.170313 0.060937
2 0.436719 0.889062 0.132812 0.037500
3 0.668750 0.860938 0.081250 0.050000
3 0.730469 0.862500 0.054688 0.065625
3 0.810937 0.864062 0.115625 0.106250
3 0.925781 0.866406 0.148438 0.123438
4 0.435937 0.748437 0.028125 0.256250
4 0.550000 0.295312 0.900000 0.590625
5 0.088281 0.935937 0.057813 0.106250
6 0.579688 0.855469 0.021875 0.029687
6 0.675000 0.821094 0.043750 0.039062
23 0.853125 0.842969 0.065625 0.079687
23 0.911719 0.807031 0.045312 0.020313
24 0.853125 0.842969 0.065625 0.079687
24 0.911719 0.807031 0.045312 0.020313