0 0.225781 0.651563 0.089063 0.043750
0 0.317969 0.639062 0.048438 0.028125
0 0.753125 0.634375 0.037500 0.037500
0 0.076563 0.635938 0.078125 0.084375
0 0.016406 0.636719 0.032813 0.092188
0 0.677344 0.619531 0.114062 0.079687
0 0.983594 0.572656 0.032813 0.023438
2 0.221094 0.842187 0.442188 0.315625
3 0.703906 0.664062 0.148438 0.025000
3 0.807813 0.667188 0.056250 0.037500
21 0.328125 0.678125 0.046875 0.034375
21 0.496094 0.710938 0.098437 0.134375
21 0.595313 0.678906 0.071875 0.098437
21 0.888281 0.763281 0.223438 0.364063
22 0.328125 0.678125 0.046875 0.034375
22 0.496094 0.710938 0.098437 0.134375
22 0.595313 0.678906 0.071875 0.098437
22 0.888281 0.763281 0.223438 0.364063