0 0.609375 0.623437 0.021875 0.043750
0 0.519531 0.627344 0.039062 0.076563
0 0.475781 0.620313 0.020313 0.071875
0 0.653906 0.602344 0.039062 0.045312
0 0.973437 0.577344 0.053125 0.101562
0 0.882812 0.530469 0.031250 0.026562
0 0.219531 0.553125 0.439063 0.431250
2 0.092188 0.849219 0.184375 0.223438
2 0.535156 0.682813 0.070312 0.046875
2 0.605469 0.660156 0.073438 0.045312
4 0.492188 0.629687 0.015625 0.118750
4 0.858594 0.567969 0.004687 0.126562
5 0.837500 0.628125 0.031250 0.018750
10 0.896875 0.671094 0.037500 0.057813
10 0.860156 0.655469 0.029687 0.073438
14 0.882031 0.642969 0.042188 0.104688
23 0.350781 0.772656 0.364063 0.295312
23 0.795312 0.621094 0.053125 0.067187
23 0.943750 0.641406 0.112500 0.160938
23 0.713281 0.626563 0.092188 0.159375
24 0.350781 0.772656 0.364063 0.295312
24 0.795312 0.621094 0.053125 0.067187
24 0.943750 0.641406 0.112500 0.160938
24 0.713281 0.626563 0.092188 0.159375