0 0.063281 0.695312 0.076563 0.050000
0 0.712500 0.628125 0.062500 0.025000
0 0.928125 0.611719 0.040625 0.023438
0 0.446094 0.560156 0.039062 0.073438
0 0.246875 0.482812 0.293750 0.240625
0 0.820312 0.382812 0.359375 0.484375
0 0.809375 0.132812 0.228125 0.265625
0 0.510156 0.020313 0.039062 0.040625
2 0.651563 0.667188 0.043750 0.025000
2 0.721094 0.665625 0.082812 0.065625
2 0.925781 0.657813 0.148438 0.071875
2 0.597656 0.643750 0.092188 0.043750
3 0.469531 0.669531 0.051562 0.073438
8 0.363281 0.646875 0.073438 0.071875
8 0.232031 0.673438 0.185938 0.140625
16 0.473438 0.743750 0.021875 0.040625
21 0.097656 0.736719 0.132812 0.101562
21 0.335938 0.673438 0.053125 0.056250
21 0.396875 0.660937 0.025000 0.075000
22 0.097656 0.736719 0.132812 0.101562
22 0.335938 0.673438 0.053125 0.056250
22 0.396875 0.660937 0.025000 0.075000