0 0.096875 0.588281 0.021875 0.057813
0 0.139844 0.579688 0.029687 0.043750
0 0.262500 0.434375 0.084375 0.090625
0 0.389062 0.396094 0.062500 0.045312
0 0.168750 0.245312 0.337500 0.337500
0 0.861719 0.036719 0.032813 0.035937
0 0.746094 0.079687 0.117188 0.159375
0 0.617188 0.174219 0.196875 0.348438
1 0.120313 0.128906 0.040625 0.029687
2 0.859375 0.435156 0.265625 0.110937
4 0.845313 0.217188 0.096875 0.434375
5 0.533594 0.472656 0.032813 0.035937
5 0.975000 0.344531 0.028125 0.107813
5 0.915625 0.353906 0.093750 0.142187
6 0.217969 0.535937 0.082812 0.121875
21 0.048438 0.627344 0.025000 0.048438
21 0.164062 0.593750 0.053125 0.050000
21 0.360938 0.535937 0.328125 0.165625
21 0.579688 0.485156 0.090625 0.101562
21 0.690625 0.446094 0.143750 0.145313
21 0.824219 0.378906 0.020313 0.035937
21 0.775781 0.397656 0.045312 0.095312
21 0.846094 0.357812 0.042188 0.065625
22 0.048438 0.627344 0.025000 0.048438
22 0.164062 0.593750 0.053125 0.050000
22 0.360938 0.535937 0.328125 0.165625
22 0.579688 0.485156 0.090625 0.101562
22 0.690625 0.446094 0.143750 0.145313
22 0.824219 0.378906 0.020313 0.035937
22 0.775781 0.397656 0.045312 0.095312
22 0.846094 0.357812 0.042188 0.065625