0 0.388281 0.697656 0.026562 0.032813
0 0.424219 0.696875 0.042188 0.040625
0 0.469531 0.695312 0.045312 0.046875
0 0.346094 0.678906 0.026562 0.067187
0 0.267188 0.659375 0.128125 0.137500
0 0.128125 0.647656 0.150000 0.126562
1 0.637500 0.578125 0.028125 0.031250
2 0.736719 0.863281 0.526563 0.273438
3 0.167187 0.720313 0.093750 0.021875
3 0.751563 0.733594 0.496875 0.151562
4 0.202344 0.646875 0.014063 0.131250
4 0.050781 0.627344 0.014063 0.095312
4 0.823438 0.430469 0.078125 0.495312
4 0.776563 0.037500 0.025000 0.043750
21 0.392188 0.731250 0.181250 0.062500
21 0.250000 0.735156 0.087500 0.070312
21 0.074219 0.749219 0.148438 0.164062
22 0.392188 0.731250 0.181250 0.062500
22 0.250000 0.735156 0.087500 0.070312
22 0.074219 0.749219 0.148438 0.164062