0 0.304688 0.564063 0.031250 0.059375
0 0.662500 0.446094 0.025000 0.092188
0 0.329688 0.483594 0.131250 0.176563
0 0.467969 0.446094 0.204687 0.229687
0 0.613281 0.420312 0.095312 0.203125
0 0.145313 0.532031 0.290625 0.657813
0 0.832031 0.287500 0.335938 0.575000
2 0.086719 0.854688 0.060937 0.065625
2 0.743750 0.578125 0.071875 0.050000
3 0.682031 0.496094 0.029687 0.051562
3 0.768750 0.487500 0.131250 0.140625
4 0.268750 0.464062 0.062500 0.234375
4 0.640625 0.364844 0.056250 0.257812
4 0.706250 0.096094 0.056250 0.164062
13 0.396875 0.390625 0.065625 0.025000
23 0.272656 0.696875 0.335938 0.318750
23 0.871875 0.623437 0.256250 0.253125
23 0.652344 0.556250 0.114062 0.128125
23 0.465625 0.525781 0.046875 0.070312
23 0.539844 0.504687 0.073438 0.062500
24 0.272656 0.696875 0.335938 0.318750
24 0.871875 0.623437 0.256250 0.253125
24 0.652344 0.556250 0.114062 0.128125
24 0.465625 0.525781 0.046875 0.070312
24 0.539844 0.504687 0.073438 0.062500