0 0.357812 0.696094 0.012500 0.070312
0 0.431250 0.684375 0.075000 0.078125
0 0.700781 0.634375 0.114062 0.115625
0 0.255469 0.389844 0.510938 0.745313
0 0.750781 0.361719 0.498437 0.723437
3 0.408594 0.767969 0.060937 0.098437
3 0.491406 0.690625 0.048438 0.043750
8 0.520312 0.642188 0.018750 0.040625
8 0.583594 0.672656 0.082812 0.167187
8 0.815625 0.660156 0.140625 0.170313
8 0.934375 0.666406 0.131250 0.270313
8 0.198437 0.665625 0.396875 0.668750
21 0.448437 0.785156 0.109375 0.098437
21 0.639844 0.783594 0.079687 0.110937
21 0.692969 0.678125 0.029687 0.031250
21 0.528906 0.689063 0.042188 0.075000
22 0.448437 0.785156 0.109375 0.098437
22 0.639844 0.783594 0.079687 0.110937
22 0.692969 0.678125 0.029687 0.031250
22 0.528906 0.689063 0.042188 0.075000