0 0.286719 0.395313 0.020313 0.034375
0 0.266406 0.230469 0.532813 0.448437
0 0.735156 0.178906 0.448437 0.357812
0 0.636719 0.030469 0.114062 0.060937
0 0.518750 0.016406 0.065625 0.032813
2 0.534375 0.374219 0.884375 0.179688
7 0.600000 0.314063 0.059375 0.137500
9 0.491406 0.360938 0.029687 0.068750
9 0.425781 0.364063 0.070312 0.090625
9 0.525781 0.340625 0.051562 0.090625
20 0.082812 0.428906 0.028125 0.079687
20 0.149219 0.409375 0.045312 0.084375
20 0.180469 0.403906 0.032813 0.079687
20 0.224219 0.389844 0.026562 0.073438
20 0.299219 0.367188 0.035937 0.093750
20 0.960156 0.265625 0.026562 0.081250
21 0.082812 0.428906 0.028125 0.079687
21 0.149219 0.409375 0.045312 0.084375
21 0.180469 0.403906 0.032813 0.079687
21 0.224219 0.389844 0.026562 0.073438
21 0.299219 0.367188 0.035937 0.093750
21 0.960156 0.265625 0.026562 0.081250