0 0.250000 0.515625 0.031250 0.090625
0 0.015625 0.214062 0.031250 0.250000
0 0.658594 0.307031 0.682813 0.614062
2 0.871094 0.753125 0.045312 0.062500
2 0.710938 0.746094 0.040625 0.095312
2 0.835156 0.712500 0.032813 0.078125
2 0.301563 0.723437 0.075000 0.143750
2 0.507812 0.698438 0.321875 0.206250
8 0.277344 0.542969 0.026562 0.054688
8 0.127344 0.523438 0.254688 0.393750
9 0.496875 0.575781 0.021875 0.039062
12 0.446875 0.909375 0.584375 0.181250
12 0.125000 0.748437 0.190625 0.115625
15 0.278906 0.582031 0.023438 0.064062
15 0.506250 0.557813 0.025000 0.071875
21 0.260937 0.588281 0.031250 0.060937
22 0.260937 0.588281 0.031250 0.060937