0 0.303906 0.542969 0.017188 0.054688
0 0.360156 0.545312 0.085938 0.062500
0 0.260156 0.542969 0.045312 0.060937
0 0.224219 0.539844 0.023438 0.064062
0 0.164062 0.541406 0.093750 0.095312
0 0.145313 0.509375 0.053125 0.031250
0 0.504687 0.489844 0.043750 0.089063
0 0.445312 0.514844 0.075000 0.142187
0 0.098437 0.507031 0.031250 0.139063
0 0.050781 0.369531 0.048438 0.067187
2 0.501563 0.657813 0.475000 0.087500
5 0.538281 0.657031 0.401562 0.070312
5 0.632812 0.578906 0.212500 0.020313
8 0.859375 0.500000 0.281250 1.000000
21 0.070312 0.732812 0.140625 0.300000
22 0.070312 0.732812 0.140625 0.300000