0 0.064062 0.803125 0.125000 0.128125
0 0.008594 0.741406 0.017188 0.173437
0 0.438281 0.691406 0.017188 0.089063
0 0.479687 0.703125 0.046875 0.125000
0 0.561719 0.674219 0.082812 0.135937
0 0.308594 0.648438 0.148438 0.090625
0 0.836719 0.532813 0.326562 0.456250
0 0.213281 0.422656 0.426563 0.845313
2 0.155469 0.887500 0.310937 0.150000
18 0.076563 0.654687 0.137500 0.168750
21 0.953906 0.839844 0.092188 0.289062
21 0.621875 0.803906 0.625000 0.323437
22 0.953906 0.839844 0.092188 0.289062
22 0.621875 0.803906 0.625000 0.323437