0 0.842969 0.528906 0.045312 0.051562
0 0.882812 0.526563 0.021875 0.050000
0 0.317188 0.528125 0.090625 0.056250
0 0.931250 0.517969 0.071875 0.039062
0 0.251563 0.523438 0.031250 0.075000
0 0.207031 0.510938 0.051562 0.059375
0 0.101562 0.429688 0.203125 0.290625
3 0.815625 0.552344 0.043750 0.073438
4 0.235937 0.464844 0.012500 0.226562
7 0.116406 0.576562 0.023438 0.040625
9 0.967187 0.604688 0.053125 0.065625
10 0.593750 0.595313 0.021875 0.046875
10 0.928125 0.585938 0.037500 0.059375
10 0.878125 0.576562 0.046875 0.065625
14 0.595313 0.564844 0.028125 0.073438
15 0.980469 0.581250 0.039062 0.106250
20 0.764062 0.582031 0.025000 0.067187
20 0.806250 0.578906 0.050000 0.064062
20 0.700781 0.570312 0.032813 0.081250
20 0.733594 0.545312 0.032813 0.040625
21 0.764062 0.582031 0.025000 0.067187
21 0.806250 0.578906 0.050000 0.064062
21 0.700781 0.570312 0.032813 0.081250
21 0.733594 0.545312 0.032813 0.040625
22 0.578125 0.558594 0.043750 0.070312
22 0.488281 0.563281 0.054688 0.085938
23 0.935156 0.560156 0.129688 0.073438
24 0.935156 0.560156 0.129688 0.073438