0 0.587500 0.450000 0.025000 0.050000
0 0.518750 0.452344 0.034375 0.089063
0 0.829688 0.254688 0.340625 0.509375
0 0.250000 0.292187 0.500000 0.584375
1 0.062500 0.381250 0.025000 0.028125
2 0.128125 0.575781 0.256250 0.057813
2 0.536719 0.532031 0.073438 0.042188
2 0.917188 0.510156 0.165625 0.039062
2 0.688281 0.516406 0.226562 0.054688
12 0.407813 0.558594 0.162500 0.010937
21 0.289844 0.520312 0.042188 0.071875
21 0.626563 0.480469 0.040625 0.020313
21 0.418750 0.506250 0.215625 0.081250
22 0.289844 0.520312 0.042188 0.071875
22 0.626563 0.480469 0.040625 0.020313
22 0.418750 0.506250 0.215625 0.081250