0 0.275781 0.682813 0.017188 0.043750
0 0.239844 0.678906 0.042188 0.045312
0 0.337500 0.679688 0.040625 0.068750
0 0.693750 0.681250 0.071875 0.081250
0 0.771875 0.679688 0.059375 0.096875
0 0.992188 0.658594 0.015625 0.126562
0 0.507031 0.659375 0.285938 0.131250
0 0.894531 0.649219 0.173437 0.154688
0 0.992969 0.496094 0.014063 0.126562
1 0.857812 0.255469 0.028125 0.023438
2 0.333594 0.746094 0.164062 0.014063
2 0.614062 0.740625 0.375000 0.012500
2 0.894531 0.733594 0.173437 0.010937
16 0.421875 0.729688 0.021875 0.046875
21 0.174219 0.690625 0.042188 0.031250
22 0.174219 0.690625 0.042188 0.031250