0 0.775781 0.335156 0.023438 0.064062
0 0.867188 0.315625 0.021875 0.028125
0 0.742188 0.324219 0.040625 0.070312
0 0.821875 0.317188 0.068750 0.068750
0 0.935156 0.279687 0.054688 0.068750
0 0.195312 0.343750 0.140625 0.278125
0 0.916406 0.147656 0.064062 0.082812
0 0.896094 0.078906 0.082812 0.079687
0 0.375781 0.245312 0.670312 0.490625
2 0.140625 0.508594 0.075000 0.039062
2 0.989844 0.496094 0.020313 0.095312
2 0.521094 0.707031 0.957812 0.585938
3 0.636719 0.478906 0.029687 0.057813
3 0.717187 0.448437 0.046875 0.050000
3 0.971875 0.372656 0.028125 0.023438
5 0.138281 0.490625 0.048438 0.018750
5 0.982812 0.414062 0.031250 0.071875
7 0.747656 0.432031 0.029687 0.067187
9 0.764062 0.425000 0.031250 0.071875
9 0.839063 0.391406 0.025000 0.048438
12 0.125781 0.642188 0.229687 0.168750
23 0.068750 0.546875 0.137500 0.134375
23 0.243750 0.483594 0.059375 0.051562
23 0.455469 0.439063 0.032813 0.031250
23 0.360156 0.459375 0.160938 0.071875
23 0.527344 0.454688 0.095312 0.118750
23 0.678906 0.428906 0.229687 0.160938
23 0.844531 0.374219 0.095312 0.092188
24 0.068750 0.546875 0.137500 0.134375
24 0.243750 0.483594 0.059375 0.051562
24 0.455469 0.439063 0.032813 0.031250
24 0.360156 0.459375 0.160938 0.071875
24 0.527344 0.454688 0.095312 0.118750
24 0.678906 0.428906 0.229687 0.160938
24 0.844531 0.374219 0.095312 0.092188