0 0.866406 0.757812 0.045312 0.050000
0 0.706250 0.741406 0.059375 0.035937
0 0.022656 0.742969 0.032813 0.064062
0 0.653125 0.693750 0.028125 0.056250
0 0.896094 0.714063 0.020313 0.103125
0 0.951562 0.721094 0.096875 0.129688
2 0.861719 0.869531 0.276562 0.070312
2 0.659375 0.797656 0.146875 0.014063
4 0.900000 0.686719 0.025000 0.160938
4 0.051562 0.642969 0.050000 0.298438
5 0.024219 0.794531 0.039062 0.020313
6 0.279687 0.746875 0.040625 0.065625
12 0.103906 0.818750 0.154688 0.015625
12 0.268750 0.807031 0.168750 0.014063
12 0.070312 0.809375 0.131250 0.028125
15 0.199219 0.782031 0.026562 0.048438
23 0.926562 0.776563 0.062500 0.021875
23 0.083594 0.786719 0.079687 0.042188
23 0.276562 0.770312 0.031250 0.031250
23 0.167969 0.781250 0.064062 0.053125
23 0.715625 0.761719 0.031250 0.026562
23 0.320312 0.760156 0.046875 0.042188
23 0.233594 0.770312 0.057813 0.062500
23 0.646094 0.757812 0.051562 0.043750
23 0.465625 0.767969 0.228125 0.226562
24 0.926562 0.776563 0.062500 0.021875
24 0.083594 0.786719 0.079687 0.042188
24 0.276562 0.770312 0.031250 0.031250
24 0.167969 0.781250 0.064062 0.053125
24 0.715625 0.761719 0.031250 0.026562
24 0.320312 0.760156 0.046875 0.042188
24 0.233594 0.770312 0.057813 0.062500
24 0.646094 0.757812 0.051562 0.043750
24 0.465625 0.767969 0.228125 0.226562