0 0.389844 0.507031 0.023438 0.048438
0 0.802344 0.495312 0.026562 0.071875
0 0.139844 0.475000 0.154688 0.134375
0 0.299219 0.482812 0.154688 0.156250
0 0.719531 0.471094 0.054688 0.167187
0 0.580469 0.462500 0.042188 0.159375
0 0.029687 0.416406 0.059375 0.285938
0 0.878125 0.367188 0.243750 0.425000
2 0.912500 0.683594 0.175000 0.104688
2 0.217969 0.748437 0.435937 0.293750
2 0.710938 0.612500 0.140625 0.065625
2 0.383594 0.571875 0.048438 0.021875
3 0.721875 0.567969 0.050000 0.032813
3 0.302344 0.549219 0.079687 0.029687
3 0.364063 0.542969 0.021875 0.029687
3 0.912500 0.596875 0.175000 0.143750
3 0.107031 0.537500 0.173437 0.043750
4 0.221094 0.366406 0.010937 0.392188
4 0.740625 0.328906 0.056250 0.551562
6 0.507031 0.566406 0.060937 0.126562
8 0.235156 0.542188 0.026562 0.037500
20 0.832031 0.592187 0.014063 0.062500
21 0.832031 0.592187 0.014063 0.062500
23 0.195312 0.550000 0.040625 0.025000
23 0.649219 0.557813 0.048438 0.059375
23 0.444531 0.553125 0.032813 0.050000
23 0.793750 0.554688 0.009375 0.056250
24 0.195312 0.550000 0.040625 0.025000
24 0.649219 0.557813 0.048438 0.059375
24 0.444531 0.553125 0.032813 0.050000
24 0.793750 0.554688 0.009375 0.056250