0 0.571875 0.665625 0.071875 0.015625
0 0.322656 0.675781 0.057813 0.048438
0 0.406250 0.663281 0.034375 0.042188
0 0.271094 0.667969 0.023438 0.073438
0 0.202344 0.646094 0.110937 0.123438
0 0.023438 0.642969 0.046875 0.132812
0 0.102344 0.641406 0.082812 0.132812
2 0.134375 0.725781 0.146875 0.023438
2 0.754687 0.782813 0.490625 0.159375
3 0.021094 0.721094 0.042188 0.026562
3 0.125000 0.716406 0.128125 0.023438
3 0.613281 0.689844 0.201563 0.064062
3 0.871875 0.690625 0.256250 0.115625
4 0.142969 0.641406 0.014063 0.129688
4 0.610938 0.585156 0.018750 0.164062
4 0.603125 0.386719 0.015625 0.132812
23 0.407031 0.678906 0.214062 0.129688
24 0.407031 0.678906 0.214062 0.129688