0 0.927344 0.277344 0.045312 0.045312
0 0.872656 0.262500 0.042188 0.031250
0 0.496875 0.291406 0.059375 0.095312
0 0.718750 0.196875 0.071875 0.181250
0 0.779687 0.147656 0.053125 0.114062
0 0.939063 0.064844 0.121875 0.129688
0 0.383594 0.075781 0.301563 0.151562
2 0.500000 0.671094 1.000000 0.657813
2 0.561719 0.314063 0.064062 0.034375
3 0.725000 0.298438 0.081250 0.025000
3 0.940625 0.290625 0.031250 0.021875
3 0.979688 0.292187 0.040625 0.028125
3 0.855469 0.300781 0.123438 0.045312
3 0.233594 0.290625 0.467187 0.581250
5 0.235937 0.616406 0.471875 0.520312