0 0.477344 0.310937 0.082812 0.087500
0 0.411719 0.307031 0.029687 0.104688
0 0.678906 0.285938 0.020313 0.096875
0 0.782813 0.243750 0.046875 0.209375
0 0.787500 0.024219 0.040625 0.045312
0 0.720313 0.171875 0.065625 0.340625
0 0.603125 0.175000 0.165625 0.346875
0 0.260156 0.109375 0.229687 0.215625
0 0.078125 0.210938 0.153125 0.418750
2 0.099219 0.515625 0.198437 0.018750
2 0.392969 0.506250 0.076563 0.018750
2 0.567187 0.490625 0.256250 0.037500
2 0.730469 0.468750 0.051562 0.034375
2 0.789062 0.449219 0.040625 0.045312
3 0.023438 0.457813 0.046875 0.075000
3 0.200000 0.443750 0.015625 0.115625
3 0.415625 0.420312 0.028125 0.125000
3 0.335938 0.364844 0.034375 0.017188
3 0.479687 0.415625 0.081250 0.131250
3 0.258594 0.383594 0.120313 0.070312
3 0.704688 0.390625 0.012500 0.112500
3 0.569531 0.403125 0.098437 0.146875
3 0.101562 0.339844 0.071875 0.023438
3 0.734375 0.385937 0.043750 0.118750
3 0.107813 0.401562 0.106250 0.196875
3 0.786719 0.361719 0.045312 0.139063
3 0.655469 0.350781 0.076563 0.226562
4 0.435937 0.439844 0.015625 0.139063
4 0.061719 0.322656 0.014063 0.160938
4 0.825000 0.321094 0.009375 0.204687
4 0.427344 0.164844 0.020313 0.329688
5 0.481250 0.486719 0.078125 0.020313
5 0.570312 0.478906 0.096875 0.029687
5 0.657031 0.465625 0.073438 0.034375
5 0.735938 0.452344 0.040625 0.029687
5 0.282813 0.402344 0.040625 0.032813
5 0.237500 0.400781 0.050000 0.035937
5 0.311719 0.393750 0.014063 0.046875
5 0.102344 0.373437 0.073438 0.059375
5 0.214844 0.334375 0.429688 0.362500
8 0.871094 0.389844 0.026562 0.051562
23 0.280469 0.453125 0.151562 0.087500
23 0.853906 0.406250 0.032813 0.040625
24 0.280469 0.453125 0.151562 0.087500
24 0.853906 0.406250 0.032813 0.040625