0 0.193750 0.393750 0.387500 0.725000
0 0.644531 0.333594 0.710938 0.667188
2 0.089844 0.831250 0.076563 0.071875
2 0.204687 0.761719 0.150000 0.117188
2 0.925781 0.694531 0.076563 0.032813
2 0.332813 0.676562 0.103125 0.087500
2 0.919531 0.692969 0.160938 0.148438
3 0.412500 0.784375 0.034375 0.081250
3 0.409375 0.620313 0.021875 0.031250
8 0.734375 0.571094 0.243750 0.304688
20 0.107813 0.767188 0.140625 0.134375
20 0.185156 0.714063 0.020313 0.065625
20 0.221875 0.700000 0.037500 0.081250
20 0.271875 0.684375 0.062500 0.078125
20 0.350000 0.645312 0.084375 0.078125
20 0.432812 0.594531 0.075000 0.048438
20 0.919531 0.620313 0.154688 0.140625
21 0.107813 0.767188 0.140625 0.134375
21 0.185156 0.714063 0.020313 0.065625
21 0.221875 0.700000 0.037500 0.081250
21 0.271875 0.684375 0.062500 0.078125
21 0.350000 0.645312 0.084375 0.078125
21 0.432812 0.594531 0.075000 0.048438
21 0.919531 0.620313 0.154688 0.140625
23 0.479687 0.579688 0.037500 0.037500
23 0.589844 0.558594 0.067187 0.089063
24 0.479687 0.579688 0.037500 0.037500
24 0.589844 0.558594 0.067187 0.089063