0 0.400781 0.672656 0.085938 0.051562
0 0.443750 0.648438 0.068750 0.075000
0 0.489063 0.600000 0.065625 0.096875
0 0.720313 0.488281 0.393750 0.276562
0 0.864844 0.289844 0.076563 0.076563
0 0.938281 0.246094 0.032813 0.067187
3 0.541406 0.714063 0.035937 0.037500
3 0.807031 0.647656 0.385937 0.135937
4 0.216406 0.629687 0.054688 0.212500
11 0.294531 0.711719 0.085938 0.048438
13 0.150000 0.805469 0.065625 0.089063
13 0.375000 0.691406 0.106250 0.101562
13 0.857812 0.346875 0.043750 0.037500
13 0.800000 0.351562 0.078125 0.090625
22 0.789062 0.632812 0.068750 0.021875
23 0.092188 0.872656 0.109375 0.254688
23 0.514844 0.724219 0.051562 0.048438
23 0.335938 0.764062 0.325000 0.137500
23 0.620313 0.708594 0.128125 0.076563
24 0.092188 0.872656 0.109375 0.254688
24 0.514844 0.724219 0.051562 0.048438
24 0.335938 0.764062 0.325000 0.137500
24 0.620313 0.708594 0.128125 0.076563