0 0.301563 0.561719 0.015625 0.054688
0 0.339844 0.537500 0.014063 0.112500
0 0.231250 0.516406 0.100000 0.154688
0 0.105469 0.518750 0.210938 0.218750
0 0.399219 0.472656 0.026562 0.139063
0 0.741406 0.500000 0.517188 1.000000
0 0.109375 0.171094 0.218750 0.342187
1 0.677344 0.364844 0.026562 0.042188
2 0.308594 0.911719 0.029687 0.054688
2 0.581250 0.797656 0.403125 0.404687
7 0.374219 0.800781 0.085938 0.276562
7 0.193750 0.625000 0.109375 0.090625
21 0.080469 0.650781 0.160938 0.126562
21 0.280469 0.653906 0.076563 0.135937
21 0.448437 0.607031 0.021875 0.073438
21 0.417969 0.628125 0.032813 0.115625
21 0.358594 0.624219 0.057813 0.107813
22 0.080469 0.650781 0.160938 0.126562
22 0.280469 0.653906 0.076563 0.135937
22 0.448437 0.607031 0.021875 0.073438
22 0.417969 0.628125 0.032813 0.115625
22 0.358594 0.624219 0.057813 0.107813