0 0.420312 0.600000 0.025000 0.031250
0 0.960156 0.597656 0.029687 0.039062
0 0.896875 0.597656 0.056250 0.039062
0 0.288281 0.567187 0.104688 0.046875
0 0.011719 0.538281 0.023438 0.073438
0 0.385156 0.436719 0.101562 0.054688
0 0.719531 0.454688 0.226562 0.275000
2 0.079687 0.675000 0.159375 0.059375
3 0.898438 0.649219 0.084375 0.042188
3 0.814063 0.642188 0.056250 0.031250
3 0.282813 0.610938 0.100000 0.046875
3 0.192969 0.610156 0.070312 0.048438
3 0.141406 0.608594 0.029687 0.045312
3 0.085156 0.607812 0.073438 0.046875
3 0.013281 0.604688 0.026562 0.043750
4 0.197656 0.557031 0.073438 0.067187
4 0.144531 0.537500 0.026562 0.084375
4 0.096094 0.528906 0.070312 0.098437
4 0.249219 0.521875 0.073438 0.096875
4 0.275000 0.414062 0.078125 0.100000
4 0.307812 0.132031 0.043750 0.264062
4 0.196875 0.133594 0.171875 0.267188
5 0.964063 0.655469 0.040625 0.042188
5 0.928125 0.653125 0.025000 0.043750
23 0.755469 0.676562 0.117188 0.103125
23 0.526563 0.635156 0.115625 0.114062
24 0.755469 0.676562 0.117188 0.103125
24 0.526563 0.635156 0.115625 0.114062