0 0.125781 0.432031 0.117188 0.182812
0 0.906250 0.304688 0.040625 0.028125
0 0.550781 0.318750 0.295312 0.171875
0 0.247656 0.364063 0.229687 0.281250
0 0.758594 0.287500 0.139063 0.137500
0 0.352344 0.286719 0.085938 0.135937
2 0.770312 0.636719 0.459375 0.379688
3 0.301563 0.457813 0.034375 0.025000
3 0.513281 0.427344 0.076563 0.023438
3 0.671094 0.408594 0.026562 0.082812
3 0.710156 0.402344 0.064062 0.098437
3 0.783594 0.392969 0.098437 0.126562
3 0.910156 0.375781 0.179688 0.176563
5 0.520312 0.434375 0.084375 0.034375
5 0.835938 0.417187 0.328125 0.215625
13 0.029687 0.492969 0.059375 0.042188
21 0.010156 0.532813 0.020313 0.046875
21 0.057813 0.518750 0.059375 0.059375
21 0.357812 0.472656 0.025000 0.029687
21 0.406250 0.456250 0.059375 0.046875
21 0.594531 0.419531 0.085938 0.060937
22 0.010156 0.532813 0.020313 0.046875
22 0.057813 0.518750 0.059375 0.059375
22 0.357812 0.472656 0.025000 0.029687
22 0.406250 0.456250 0.059375 0.046875
22 0.594531 0.419531 0.085938 0.060937