0 0.526563 0.710156 0.018750 0.051562
0 0.614844 0.703125 0.029687 0.062500
0 0.550781 0.698438 0.023438 0.075000
0 0.577344 0.693750 0.023438 0.081250
0 0.650781 0.692969 0.035937 0.082812
0 0.687500 0.689844 0.034375 0.089063
0 0.736719 0.687500 0.048438 0.093750
0 0.378906 0.663281 0.239063 0.160938
0 0.781250 0.641406 0.043750 0.185938
0 0.150781 0.632812 0.210938 0.243750
0 0.021875 0.624219 0.043750 0.267188
0 0.753125 0.367188 0.493750 0.734375
1 0.667969 0.344531 0.023438 0.032813
1 0.702344 0.312500 0.026562 0.037500
2 0.132812 0.804688 0.265625 0.103125
2 0.735938 0.764844 0.528125 0.060937
3 0.017969 0.775000 0.035937 0.040625
3 0.098437 0.766406 0.106250 0.045312
3 0.167187 0.757031 0.025000 0.032813
3 0.228906 0.753125 0.051562 0.031250
23 0.300000 0.753125 0.068750 0.068750
23 0.485938 0.717969 0.021875 0.029687
23 0.428125 0.736719 0.087500 0.070312
24 0.300000 0.753125 0.068750 0.068750
24 0.485938 0.717969 0.021875 0.029687
24 0.428125 0.736719 0.087500 0.070312