0 0.937500 0.496094 0.125000 0.167187
0 0.889844 0.260156 0.045312 0.279687
0 0.429688 0.500000 0.859375 1.000000
2 0.417969 0.820312 0.323437 0.359375
2 0.423438 0.576562 0.121875 0.012500
4 0.812500 0.212500 0.125000 0.425000
6 0.766406 0.518750 0.289062 0.234375
17 0.953125 0.629687 0.025000 0.053125
23 0.864844 0.936719 0.270313 0.126562
23 0.957812 0.571875 0.084375 0.075000
23 0.693750 0.703125 0.462500 0.390625
24 0.864844 0.936719 0.270313 0.126562
24 0.957812 0.571875 0.084375 0.075000
24 0.693750 0.703125 0.462500 0.390625