0 0.353906 0.167969 0.035937 0.110937
0 0.617188 0.110937 0.034375 0.050000
0 0.578906 0.101562 0.026562 0.043750
0 0.067969 0.210938 0.135937 0.306250
0 0.483594 0.117188 0.064062 0.128125
0 0.544531 0.114844 0.051562 0.129688
0 0.233594 0.164844 0.185938 0.276562
0 0.725000 0.077344 0.109375 0.117188
0 0.404687 0.071094 0.078125 0.129688
0 0.891406 0.025781 0.070312 0.051562
2 0.744531 0.446094 0.185938 0.107813
2 0.067969 0.399219 0.135937 0.170313
2 0.261719 0.303125 0.229687 0.165625
6 0.879687 0.159375 0.184375 0.271875
7 0.257812 0.289844 0.031250 0.057813
8 0.414844 0.193750 0.110937 0.143750
21 0.130469 0.494531 0.260937 0.226562
21 0.478125 0.176563 0.040625 0.050000
21 0.589063 0.188281 0.171875 0.154688
21 0.725781 0.171094 0.110937 0.173437
22 0.130469 0.494531 0.260937 0.226562
22 0.478125 0.176563 0.040625 0.050000
22 0.589063 0.188281 0.171875 0.154688
22 0.725781 0.171094 0.110937 0.173437