0 0.805469 0.456250 0.045312 0.068750
0 0.571875 0.446094 0.071875 0.060937
0 0.656250 0.457031 0.081250 0.104688
0 0.228906 0.582812 0.457813 0.428125
0 0.165625 0.220312 0.331250 0.312500
0 0.797656 0.304688 0.404687 0.609375
1 0.507812 0.269531 0.046875 0.067187
1 0.661719 0.249219 0.048438 0.067187
20 0.910156 0.493750 0.045312 0.050000
20 0.582812 0.459375 0.018750 0.059375
20 0.792969 0.557813 0.089063 0.265625
20 0.879687 0.600781 0.134375 0.367188
20 0.725000 0.607031 0.100000 0.404687
20 0.985156 0.478906 0.029687 0.160938
21 0.910156 0.493750 0.045312 0.050000
21 0.582812 0.459375 0.018750 0.059375
21 0.792969 0.557813 0.089063 0.265625
21 0.879687 0.600781 0.134375 0.367188
21 0.725000 0.607031 0.100000 0.404687
21 0.985156 0.478906 0.029687 0.160938