0 0.327344 0.632031 0.098437 0.070312
0 0.383594 0.617969 0.035937 0.073438
0 0.442188 0.603906 0.096875 0.057813
0 0.724219 0.514844 0.045312 0.042188
0 0.528906 0.545312 0.076563 0.109375
0 0.621094 0.539062 0.048438 0.121875
0 0.139063 0.582812 0.278125 0.221875
0 0.579688 0.516406 0.065625 0.145313
0 0.843750 0.426563 0.193750 0.193750
0 0.951562 0.390625 0.087500 0.162500
3 0.708594 0.658594 0.039062 0.023438
3 0.146875 0.685937 0.240625 0.103125
3 0.824219 0.572656 0.304688 0.142187
4 0.481250 0.554688 0.040625 0.146875
4 0.347656 0.550781 0.076563 0.248438
4 0.246875 0.475000 0.100000 0.443750
4 0.903906 0.335156 0.085938 0.276562
4 0.607031 0.373437 0.195312 0.671875
5 0.622656 0.658594 0.023438 0.042188
5 0.540625 0.623437 0.050000 0.021875
5 0.847656 0.641406 0.248438 0.095312
5 0.637500 0.576562 0.028125 0.040625
13 0.300781 0.596875 0.045312 0.040625
13 0.339062 0.590625 0.040625 0.037500
13 0.470313 0.555469 0.043750 0.042188
13 0.939844 0.316406 0.067187 0.045312
21 0.148438 0.750000 0.228125 0.140625
21 0.324219 0.681250 0.057813 0.056250
21 0.595313 0.600000 0.043750 0.031250
21 0.694531 0.562500 0.023438 0.040625
21 0.975000 0.503125 0.050000 0.153125
22 0.148438 0.750000 0.228125 0.140625
22 0.324219 0.681250 0.057813 0.056250
22 0.595313 0.600000 0.043750 0.031250
22 0.694531 0.562500 0.023438 0.040625
22 0.975000 0.503125 0.050000 0.153125