0 0.646875 0.523438 0.040625 0.046875
0 0.742969 0.445312 0.282813 0.250000
0 0.947656 0.320312 0.104688 0.640625
0 0.278906 0.278906 0.557813 0.557813
2 0.814063 0.655469 0.371875 0.120313
18 0.313281 0.487500 0.017188 0.043750
22 0.799219 0.590625 0.026562 0.040625
23 0.903125 0.600781 0.021875 0.073438
23 0.880469 0.588281 0.014063 0.070312
23 0.851562 0.593750 0.037500 0.081250
23 0.752344 0.580469 0.089063 0.067187
23 0.353906 0.566406 0.707812 0.164062
24 0.903125 0.600781 0.021875 0.073438
24 0.880469 0.588281 0.014063 0.070312
24 0.851562 0.593750 0.037500 0.081250
24 0.752344 0.580469 0.089063 0.067187
24 0.353906 0.566406 0.707812 0.164062