0 0.289844 0.550000 0.029687 0.043750
0 0.504687 0.546094 0.043750 0.085938
0 0.576562 0.521875 0.031250 0.043750
0 0.607812 0.506250 0.025000 0.050000
0 0.388281 0.533594 0.179688 0.123438
0 0.011719 0.432031 0.023438 0.220312
0 0.812500 0.449219 0.375000 0.314063
2 0.697656 0.654687 0.057813 0.028125
23 0.605469 0.620313 0.126562 0.081250
23 0.197656 0.653906 0.360938 0.185938
23 0.857812 0.680469 0.284375 0.270313
24 0.605469 0.620313 0.126562 0.081250
24 0.197656 0.653906 0.360938 0.185938
24 0.857812 0.680469 0.284375 0.270313