0 0.720313 0.527344 0.053125 0.048438
0 0.803125 0.539062 0.096875 0.096875
0 0.377344 0.524219 0.054688 0.126562
0 0.464844 0.496875 0.110937 0.118750
0 0.339844 0.499219 0.073438 0.201563
0 0.302344 0.458594 0.026562 0.292187
0 0.827344 0.410938 0.345313 0.365625
0 0.332813 0.175781 0.053125 0.073438
0 0.173437 0.317969 0.346875 0.629687
2 0.082031 0.643750 0.164062 0.043750
2 0.268750 0.624219 0.187500 0.054688
2 0.885156 0.601562 0.051562 0.025000
6 0.593750 0.452344 0.128125 0.148438
8 0.499219 0.501563 0.060937 0.028125
21 0.950781 0.641406 0.098437 0.154688
21 0.600000 0.609375 0.487500 0.215625
22 0.950781 0.641406 0.098437 0.154688
22 0.600000 0.609375 0.487500 0.215625