0 0.406250 0.489063 0.028125 0.034375
0 0.628906 0.441406 0.089063 0.123438
0 0.483594 0.424219 0.098437 0.098437
1 0.271094 0.131250 0.029687 0.028125
2 0.820312 0.710156 0.359375 0.279687
2 0.363281 0.583594 0.048438 0.029687
2 0.639062 0.553906 0.109375 0.026562
3 0.730469 0.524219 0.070312 0.092188
5 0.625000 0.531250 0.021875 0.031250
5 0.326562 0.539844 0.178125 0.064062
5 0.675781 0.529687 0.045312 0.065625
5 0.104688 0.506250 0.209375 0.084375
5 0.876563 0.521875 0.246875 0.193750
21 0.505469 0.548438 0.029687 0.034375
21 0.427344 0.566406 0.092188 0.082812
21 0.228125 0.759375 0.456250 0.481250
22 0.505469 0.548438 0.029687 0.034375
22 0.427344 0.566406 0.092188 0.082812
22 0.228125 0.759375 0.456250 0.481250