0 0.439063 0.559375 0.068750 0.081250
0 0.647656 0.520312 0.326562 0.115625
0 0.860156 0.483594 0.032813 0.045312
0 0.917969 0.467187 0.054688 0.087500
2 0.363281 0.650781 0.254688 0.095312
3 0.206250 0.607031 0.412500 0.239063
6 0.757031 0.547656 0.026562 0.035937
6 0.825000 0.523438 0.081250 0.062500
21 0.462500 0.591406 0.028125 0.023438
21 0.614844 0.576562 0.245312 0.087500
21 0.875000 0.551562 0.178125 0.093750
22 0.462500 0.591406 0.028125 0.023438
22 0.614844 0.576562 0.245312 0.087500
22 0.875000 0.551562 0.178125 0.093750