0 0.372656 0.433594 0.042188 0.029687
0 0.092969 0.395313 0.185938 0.100000
0 0.256250 0.386719 0.068750 0.095312
0 0.350000 0.366406 0.128125 0.082812
0 0.577344 0.322656 0.092188 0.098437
0 0.682813 0.307812 0.100000 0.100000
0 0.941406 0.267188 0.082812 0.181250
2 0.212500 0.692187 0.337500 0.340625
2 0.928906 0.496094 0.142187 0.042188
2 0.600781 0.425781 0.067187 0.014063
3 0.550781 0.428125 0.035937 0.021875
3 0.385937 0.447656 0.059375 0.064062
3 0.618750 0.390625 0.028125 0.059375
3 0.707812 0.391406 0.118750 0.107813
3 0.817969 0.372656 0.117188 0.098437
3 0.907031 0.333594 0.023438 0.039062
3 0.944531 0.317188 0.039062 0.018750
4 0.753906 0.310156 0.045312 0.229687
4 0.623437 0.223438 0.100000 0.446875
5 0.184375 0.602344 0.368750 0.339062
5 0.327344 0.438281 0.051562 0.048438
5 0.575000 0.385937 0.071875 0.037500
11 0.570312 0.409375 0.050000 0.031250
11 0.296094 0.272656 0.048438 0.023438
11 0.289844 0.238281 0.051562 0.042188
11 0.307031 0.241406 0.614062 0.435937
11 0.717187 0.168750 0.259375 0.328125
11 0.914062 0.022656 0.021875 0.045312
23 0.430469 0.460156 0.045312 0.054688
23 0.503906 0.432812 0.029687 0.043750
23 0.860938 0.377344 0.078125 0.082812
23 0.912500 0.349219 0.025000 0.032813
23 0.951562 0.342187 0.043750 0.037500
24 0.430469 0.460156 0.045312 0.054688
24 0.503906 0.432812 0.029687 0.043750
24 0.860938 0.377344 0.078125 0.082812
24 0.912500 0.349219 0.025000 0.032813
24 0.951562 0.342187 0.043750 0.037500