0 0.529687 0.497656 0.050000 0.051562
0 0.779687 0.496875 0.018750 0.053125
0 0.635938 0.467969 0.046875 0.032813
0 0.685156 0.453125 0.045312 0.068750
0 0.961719 0.418750 0.023438 0.103125
0 0.992188 0.416406 0.015625 0.107813
0 0.819531 0.195312 0.360938 0.390625
0 0.288281 0.270313 0.576562 0.540625
2 0.200781 0.585156 0.114062 0.035937
2 0.738281 0.543750 0.054688 0.025000
21 0.672656 0.612500 0.176563 0.162500
21 0.382031 0.567187 0.254688 0.078125
21 0.629687 0.520312 0.037500 0.021875
21 0.071875 0.602344 0.143750 0.189062
21 0.876563 0.592969 0.246875 0.245312
22 0.672656 0.612500 0.176563 0.162500
22 0.382031 0.567187 0.254688 0.078125
22 0.629687 0.520312 0.037500 0.021875
22 0.071875 0.602344 0.143750 0.189062
22 0.876563 0.592969 0.246875 0.245312