0 0.175781 0.489844 0.039062 0.048438
0 0.139844 0.485156 0.029687 0.048438
0 0.421875 0.473438 0.015625 0.034375
0 0.459375 0.382031 0.165625 0.148438
0 0.709375 0.304688 0.106250 0.265625
0 0.813281 0.203906 0.045312 0.085938
2 0.645312 0.535937 0.440625 0.046875
2 0.110156 0.546875 0.220312 0.075000
3 0.632812 0.507812 0.040625 0.018750
3 0.568750 0.507812 0.040625 0.021875
3 0.475781 0.503906 0.129688 0.029687
3 0.106250 0.492188 0.021875 0.028125
3 0.133594 0.492969 0.020313 0.032813
3 0.045312 0.481250 0.090625 0.040625
4 0.542969 0.401562 0.010937 0.243750
13 0.325781 0.439063 0.054688 0.053125
13 0.175000 0.403125 0.056250 0.021875
13 0.067187 0.381250 0.046875 0.021875
21 0.293750 0.503906 0.034375 0.023438
21 0.386719 0.505469 0.076563 0.039062
22 0.293750 0.503906 0.034375 0.023438
22 0.386719 0.505469 0.076563 0.039062