0 0.510938 0.532031 0.103125 0.042188
0 0.300781 0.532031 0.073438 0.104688
0 0.593750 0.510156 0.050000 0.073438
0 0.777344 0.477344 0.017188 0.048438
0 0.050781 0.384375 0.101562 0.621875
0 0.657813 0.270313 0.684375 0.540625
1 0.212500 0.392188 0.028125 0.043750
1 0.212500 0.148438 0.031250 0.040625
2 0.069531 0.684375 0.085938 0.065625
2 0.224219 0.674219 0.045312 0.064062
2 0.135937 0.766406 0.209375 0.279687
2 0.947656 0.526563 0.054688 0.031250
6 0.400781 0.551562 0.145313 0.240625
9 0.897656 0.528906 0.114062 0.051562
9 0.983594 0.518750 0.032813 0.050000
15 0.855469 0.515625 0.023438 0.040625
15 0.983594 0.496094 0.023438 0.042188
21 0.314844 0.601562 0.089063 0.062500
21 0.664844 0.600000 0.398438 0.215625
22 0.314844 0.601562 0.089063 0.062500
22 0.664844 0.600000 0.398438 0.215625