0 0.350000 0.498437 0.700000 0.800000
0 0.850000 0.318750 0.300000 0.637500
1 0.768750 0.230469 0.028125 0.026562
2 0.099219 0.909375 0.073438 0.050000
2 0.952344 0.756250 0.095312 0.231250
3 0.117188 0.835156 0.050000 0.051562
3 0.158594 0.808594 0.032813 0.023438
3 0.208594 0.794531 0.045312 0.029687
3 0.714844 0.860938 0.101562 0.225000
3 0.813281 0.709375 0.035937 0.040625
3 0.850781 0.664062 0.042188 0.021875
7 0.842187 0.832031 0.081250 0.217188
9 0.148438 0.838281 0.100000 0.142187
9 0.892969 0.773438 0.214062 0.340625
12 0.114844 0.977344 0.085938 0.045312
20 0.910937 0.688281 0.043750 0.082812
20 0.871094 0.617188 0.048438 0.100000
20 0.960156 0.593750 0.079687 0.309375
21 0.910937 0.688281 0.043750 0.082812
21 0.871094 0.617188 0.048438 0.100000
21 0.960156 0.593750 0.079687 0.309375
23 0.440625 0.799219 0.559375 0.342187
23 0.814844 0.637500 0.076563 0.053125
24 0.440625 0.799219 0.559375 0.342187
24 0.814844 0.637500 0.076563 0.053125