0 0.553125 0.153906 0.009375 0.067187
0 0.572656 0.140625 0.023438 0.093750
0 0.920312 0.092969 0.159375 0.185938
0 0.768750 0.092188 0.121875 0.184375
0 0.625000 0.092969 0.090625 0.185938
0 0.256250 0.110156 0.059375 0.220312
0 0.210938 0.102344 0.043750 0.204687
0 0.183594 0.102344 0.029687 0.204687
0 0.101562 0.096875 0.150000 0.193750
1 0.586719 0.054688 0.023438 0.050000
2 0.550000 0.246094 0.062500 0.014063
2 0.107813 0.249219 0.131250 0.026562
2 0.454688 0.236719 0.062500 0.042188
3 0.268750 0.215625 0.028125 0.021875
4 0.231250 0.101562 0.015625 0.203125
5 0.155469 0.216406 0.017188 0.042188
5 0.012500 0.227344 0.025000 0.064062
5 0.047656 0.224219 0.035937 0.060937
5 0.221094 0.210938 0.032813 0.037500
5 0.113281 0.216406 0.045312 0.054688
5 0.573438 0.212500 0.021875 0.053125
5 0.732812 0.185156 0.056250 0.042188
5 0.525781 0.201563 0.067187 0.084375
9 0.028125 0.247656 0.031250 0.054688
9 0.804688 0.361719 0.390625 0.351562
15 0.027344 0.225781 0.020313 0.067187
15 0.407031 0.206250 0.017188 0.056250
15 0.828906 0.185156 0.035937 0.057813
20 0.140625 0.216406 0.015625 0.048438
20 0.168750 0.215625 0.018750 0.053125
20 0.092188 0.220312 0.018750 0.065625
20 0.069531 0.219531 0.020313 0.067187
20 0.767188 0.208594 0.018750 0.089063
20 0.498437 0.209375 0.046875 0.090625
20 0.601562 0.208594 0.056250 0.092188
20 0.977344 0.185938 0.045312 0.103125
20 0.787500 0.189062 0.028125 0.115625
21 0.140625 0.216406 0.015625 0.048438
21 0.168750 0.215625 0.018750 0.053125
21 0.092188 0.220312 0.018750 0.065625
21 0.069531 0.219531 0.020313 0.067187
21 0.767188 0.208594 0.018750 0.089063
21 0.498437 0.209375 0.046875 0.090625
21 0.601562 0.208594 0.056250 0.092188
21 0.977344 0.185938 0.045312 0.103125
21 0.787500 0.189062 0.028125 0.115625
23 0.314063 0.222656 0.075000 0.070312
24 0.314063 0.222656 0.075000 0.070312