0 0.395313 0.381250 0.034375 0.053125
0 0.855469 0.305469 0.017188 0.060937
0 0.405469 0.267188 0.064062 0.109375
0 0.739844 0.271094 0.207813 0.323437
0 0.548438 0.257812 0.193750 0.309375
0 0.877344 0.155469 0.092188 0.142187
0 0.192188 0.267969 0.384375 0.420312
2 0.058594 0.582031 0.117188 0.098437
2 0.139844 0.472656 0.051562 0.023438
2 0.249219 0.478125 0.051562 0.040625
2 0.917969 0.467187 0.164062 0.040625
2 0.350000 0.453906 0.134375 0.057813
2 0.707812 0.427344 0.225000 0.035937
3 0.923438 0.400000 0.034375 0.103125
3 0.887500 0.385156 0.040625 0.123438
3 0.857812 0.378906 0.037500 0.126562
3 0.958594 0.344531 0.057813 0.085938
7 0.968750 0.429688 0.062500 0.096875
20 0.597656 0.394531 0.020313 0.042188
20 0.701562 0.396094 0.028125 0.060937
20 0.890625 0.400781 0.025000 0.104688
20 0.913281 0.398438 0.029687 0.106250
20 0.278125 0.423438 0.034375 0.159375
20 0.017188 0.406250 0.034375 0.146875
20 0.095312 0.403125 0.040625 0.159375
20 0.042969 0.383594 0.048438 0.182812
20 0.185938 0.403906 0.081250 0.226562
21 0.597656 0.394531 0.020313 0.042188
21 0.701562 0.396094 0.028125 0.060937
21 0.890625 0.400781 0.025000 0.104688
21 0.913281 0.398438 0.029687 0.106250
21 0.278125 0.423438 0.034375 0.159375
21 0.017188 0.406250 0.034375 0.146875
21 0.095312 0.403125 0.040625 0.159375
21 0.042969 0.383594 0.048438 0.182812
21 0.185938 0.403906 0.081250 0.226562
23 0.435156 0.400000 0.026562 0.031250
23 0.247656 0.429688 0.051562 0.093750
23 0.547656 0.400000 0.089063 0.043750
23 0.481250 0.392188 0.040625 0.031250
24 0.435156 0.400000 0.026562 0.031250
24 0.247656 0.429688 0.051562 0.093750
24 0.547656 0.400000 0.089063 0.043750
24 0.481250 0.392188 0.040625 0.031250