0 0.495312 0.638281 0.037500 0.048438
0 0.765625 0.653125 0.068750 0.090625
0 0.374219 0.641406 0.117188 0.079687
0 0.250781 0.662500 0.117188 0.134375
0 0.878906 0.611719 0.023438 0.045312
0 0.094531 0.693750 0.176563 0.240625
0 0.112500 0.150781 0.225000 0.220312
1 0.818750 0.110937 0.037500 0.025000
2 0.271875 0.820312 0.325000 0.134375
2 0.503906 0.776563 0.098437 0.071875
2 0.582031 0.753906 0.042188 0.039062
2 0.622656 0.743750 0.032813 0.028125
2 0.691406 0.722656 0.095312 0.039062
2 0.778125 0.700781 0.062500 0.017188
3 0.659375 0.685156 0.034375 0.064062
3 0.692969 0.668750 0.051562 0.081250
5 0.116406 0.805469 0.135937 0.051562
5 0.249219 0.789844 0.114062 0.029687
20 0.699219 0.692969 0.020313 0.051562
21 0.699219 0.692969 0.020313 0.051562
23 0.236719 0.732812 0.095312 0.053125
23 0.828906 0.682031 0.051562 0.045312
23 0.896094 0.671094 0.051562 0.045312
24 0.236719 0.732812 0.095312 0.053125
24 0.828906 0.682031 0.051562 0.045312
24 0.896094 0.671094 0.051562 0.045312