0 0.474219 0.575781 0.095312 0.060937
0 0.651563 0.529687 0.021875 0.046875
0 0.691406 0.519531 0.057813 0.064062
0 0.730469 0.514844 0.032813 0.057813
0 0.042188 0.553906 0.084375 0.392188
0 0.777344 0.448437 0.070312 0.184375
0 0.210156 0.544531 0.364063 0.398438
0 0.855469 0.382031 0.157812 0.307812
0 0.942969 0.350781 0.114062 0.307812
1 0.029687 0.297656 0.040625 0.017188
2 0.063281 0.760938 0.048438 0.028125
2 0.116406 0.745313 0.045312 0.025000
2 0.292969 0.683594 0.292187 0.117188
2 0.885938 0.543750 0.118750 0.031250
5 0.698438 0.554688 0.053125 0.025000
7 0.772656 0.539062 0.039062 0.034375
23 0.051562 0.732812 0.046875 0.056250
23 0.357812 0.639062 0.084375 0.059375
23 0.409375 0.628906 0.028125 0.042188
23 0.472656 0.617188 0.045312 0.046875
24 0.051562 0.732812 0.046875 0.056250
24 0.357812 0.639062 0.084375 0.059375
24 0.409375 0.628906 0.028125 0.042188
24 0.472656 0.617188 0.045312 0.046875