0 0.018750 0.507031 0.037500 0.107813
0 0.671094 0.415625 0.023438 0.040625
0 0.688281 0.408594 0.017188 0.039062
0 0.731250 0.406250 0.065625 0.059375
0 0.379688 0.437500 0.050000 0.121875
0 0.547656 0.381250 0.154688 0.168750
0 0.187500 0.403125 0.371875 0.331250
0 0.862500 0.197656 0.234375 0.395313
2 0.812500 0.477344 0.375000 0.045312
5 0.907813 0.439063 0.071875 0.040625
5 0.974219 0.435937 0.051562 0.043750
9 0.092188 0.635938 0.181250 0.193750
21 0.160156 0.545312 0.085938 0.040625
21 0.444531 0.485156 0.117188 0.042188
21 0.798438 0.434375 0.184375 0.093750
22 0.160156 0.545312 0.085938 0.040625
22 0.444531 0.485156 0.117188 0.042188
22 0.798438 0.434375 0.184375 0.093750