0 0.377344 0.641406 0.029687 0.029687
0 0.496094 0.610938 0.039062 0.062500
0 0.535156 0.581250 0.042188 0.025000
0 0.062500 0.645312 0.112500 0.153125
0 0.172656 0.641406 0.126562 0.170313
0 0.282031 0.613281 0.054688 0.126562
0 0.245312 0.620313 0.062500 0.150000
0 0.833594 0.378125 0.326562 0.318750
2 0.213281 0.732031 0.120313 0.035937
2 0.313281 0.684375 0.098437 0.043750
2 0.485156 0.658594 0.170313 0.051562
2 0.747656 0.637500 0.504687 0.131250
3 0.078125 0.731250 0.093750 0.059375
3 0.189062 0.700781 0.075000 0.048438
4 0.220312 0.612500 0.050000 0.168750
4 0.455469 0.563281 0.073438 0.167187
4 0.101562 0.587500 0.068750 0.306250
4 0.488281 0.514844 0.079687 0.260937
5 0.889844 0.552344 0.220312 0.123438
6 0.507812 0.612500 0.018750 0.043750
6 0.536719 0.596094 0.042188 0.026562
6 0.641406 0.575000 0.092188 0.103125
21 0.076563 0.707031 0.087500 0.029687
21 0.294531 0.677344 0.082812 0.032813
21 0.384375 0.658594 0.028125 0.023438
21 0.542188 0.617188 0.043750 0.037500
21 0.729688 0.578906 0.137500 0.126562
21 0.884375 0.475781 0.056250 0.026562
21 0.960938 0.474219 0.078125 0.073438
22 0.076563 0.707031 0.087500 0.029687
22 0.294531 0.677344 0.082812 0.032813
22 0.384375 0.658594 0.028125 0.023438
22 0.542188 0.617188 0.043750 0.037500
22 0.729688 0.578906 0.137500 0.126562
22 0.884375 0.475781 0.056250 0.026562
22 0.960938 0.474219 0.078125 0.073438