0 0.514062 0.707812 0.012500 0.059375
0 0.485156 0.710156 0.023438 0.085938
0 0.835938 0.710938 0.025000 0.090625
0 0.550000 0.697656 0.046875 0.079687
0 0.883594 0.677344 0.017188 0.045312
0 0.860938 0.696094 0.031250 0.120313
0 0.671094 0.694531 0.020313 0.120313
0 0.689844 0.693750 0.023438 0.121875
0 0.771875 0.683594 0.140625 0.148438
2 0.297656 0.788281 0.064062 0.007812
2 0.406250 0.788281 0.137500 0.035937
2 0.910156 0.777344 0.179688 0.042188
2 0.539062 0.764844 0.050000 0.023438
2 0.489844 0.777344 0.023438 0.048438
3 0.102344 0.768750 0.035937 0.028125
4 0.661719 0.694531 0.010937 0.117188
4 0.675000 0.567969 0.040625 0.067187
4 0.903125 0.655469 0.043750 0.248438
4 0.841406 0.590625 0.060937 0.340625
4 0.882031 0.457813 0.089063 0.112500
4 0.517188 0.517969 0.103125 0.529687
5 0.544531 0.746875 0.039062 0.018750
5 0.436719 0.728125 0.017188 0.065625
5 0.364844 0.728906 0.029687 0.070312
5 0.896094 0.715625 0.026562 0.090625
5 0.954688 0.698438 0.090625 0.159375
21 0.184375 0.768750 0.171875 0.096875
21 0.596094 0.748437 0.067187 0.081250
22 0.184375 0.768750 0.171875 0.096875
22 0.596094 0.748437 0.067187 0.081250