0 0.515625 0.592187 0.012500 0.040625
0 0.013281 0.594531 0.026562 0.054688
0 0.186719 0.542969 0.073438 0.148438
0 0.125781 0.521875 0.110937 0.200000
0 0.032813 0.489063 0.065625 0.134375
0 0.573438 0.519531 0.100000 0.217188
0 0.689063 0.482812 0.125000 0.184375
2 0.127344 0.658594 0.148438 0.020313
3 0.089063 0.639844 0.040625 0.035937
3 0.211719 0.630469 0.017188 0.035937
3 0.172656 0.621875 0.045312 0.018750
3 0.804688 0.719531 0.390625 0.548438
9 0.585938 0.783594 0.046875 0.195312
15 0.589844 0.687500 0.060937 0.243750
15 0.557813 0.625781 0.034375 0.123438
15 0.586719 0.546094 0.023438 0.042188
23 0.303125 0.641406 0.153125 0.048438
23 0.509375 0.645312 0.078125 0.059375
23 0.057813 0.760938 0.115625 0.331250
24 0.303125 0.641406 0.153125 0.048438
24 0.509375 0.645312 0.078125 0.059375
24 0.057813 0.760938 0.115625 0.331250