0 0.020313 0.578906 0.028125 0.026562
0 0.751563 0.539062 0.056250 0.103125
2 0.019531 0.782813 0.039062 0.068750
2 0.949219 0.677344 0.101562 0.020313
2 0.272656 0.671094 0.182812 0.045312
3 0.710156 0.617969 0.064062 0.051562
3 0.646094 0.610938 0.054688 0.037500
4 0.407031 0.542969 0.045312 0.164062
4 0.385937 0.509375 0.062500 0.234375
4 0.790625 0.440625 0.025000 0.259375
4 0.321094 0.436719 0.110937 0.464062
21 0.602344 0.621875 0.054688 0.053125
21 0.817969 0.632812 0.167187 0.131250
22 0.602344 0.621875 0.054688 0.053125
22 0.817969 0.632812 0.167187 0.131250