0 0.235156 0.785156 0.020313 0.064062
0 0.267188 0.740625 0.046875 0.068750
0 0.362500 0.720313 0.025000 0.068750
0 0.321875 0.719531 0.065625 0.101562
0 0.546094 0.695312 0.042188 0.062500
0 0.801562 0.668750 0.050000 0.071875
0 0.846875 0.642188 0.025000 0.065625
0 0.189062 0.722656 0.081250 0.235937
0 0.436719 0.678906 0.095312 0.154688
0 0.083594 0.707812 0.145313 0.300000
0 0.657813 0.635938 0.162500 0.203125
0 0.020313 0.547656 0.040625 0.045312
0 0.692187 0.525781 0.140625 0.139063
0 0.918750 0.535156 0.162500 0.348438
1 0.961719 0.585156 0.060937 0.029687
1 0.573438 0.022656 0.059375 0.032813
2 0.171094 0.850000 0.132812 0.065625
2 0.886719 0.853125 0.226562 0.181250
2 0.752344 0.772656 0.135937 0.073438
4 0.872656 0.367969 0.032813 0.095312
21 0.079687 0.869531 0.059375 0.089063
21 0.312500 0.791406 0.159375 0.089063
21 0.545312 0.790625 0.296875 0.184375
22 0.079687 0.869531 0.059375 0.089063
22 0.312500 0.791406 0.159375 0.089063
22 0.545312 0.790625 0.296875 0.184375