0 0.468750 0.530469 0.028125 0.051562
0 0.433594 0.525781 0.039062 0.064062
0 0.007031 0.518750 0.014063 0.084375
0 0.310937 0.517188 0.053125 0.106250
0 0.464062 0.466406 0.031250 0.060937
0 0.210156 0.492969 0.045312 0.129688
0 0.832812 0.472656 0.031250 0.098437
0 0.771094 0.456250 0.057813 0.096875
0 0.374219 0.475781 0.082812 0.154688
0 0.263281 0.462500 0.067187 0.190625
0 0.102344 0.339062 0.204687 0.568750
0 0.867188 0.270313 0.256250 0.540625
2 0.528125 0.696094 0.203125 0.257812
3 0.197656 0.714063 0.160938 0.303125
3 0.301563 0.708594 0.156250 0.307812
3 0.428125 0.680469 0.162500 0.276562
3 0.617188 0.602344 0.056250 0.142187
4 0.010937 0.493750 0.021875 0.143750
4 0.823438 0.448437 0.059375 0.143750
4 0.413281 0.474219 0.042188 0.264062
4 0.861719 0.406250 0.070312 0.228125
6 0.789844 0.525781 0.073438 0.107813
8 0.578906 0.526563 0.032813 0.125000
8 0.634375 0.517969 0.100000 0.157812
20 0.072656 0.595313 0.020313 0.068750
20 0.096875 0.591406 0.034375 0.082812
21 0.072656 0.595313 0.020313 0.068750
21 0.096875 0.591406 0.034375 0.082812
23 0.035156 0.608594 0.067187 0.107813
23 0.334375 0.587500 0.040625 0.081250
23 0.207031 0.582031 0.057813 0.104688
23 0.751563 0.553125 0.109375 0.103125
24 0.035156 0.608594 0.067187 0.107813
24 0.334375 0.587500 0.040625 0.081250
24 0.207031 0.582031 0.057813 0.104688
24 0.751563 0.553125 0.109375 0.103125