0 0.983594 0.477344 0.032813 0.032813
0 0.409375 0.463281 0.053125 0.020313
0 0.846875 0.463281 0.056250 0.029687
0 0.055469 0.415625 0.014063 0.087500
0 0.023438 0.403906 0.040625 0.064062
0 0.204687 0.404687 0.268750 0.143750
2 0.214062 0.763281 0.428125 0.473438
2 0.020313 0.532031 0.031250 0.020313
2 0.417969 0.505469 0.117188 0.017188
2 0.287500 0.503125 0.078125 0.012500
3 0.962500 0.506250 0.018750 0.025000
3 0.864844 0.507812 0.042188 0.028125
3 0.068750 0.583594 0.137500 0.185938
3 0.420312 0.483594 0.121875 0.023438
3 0.210156 0.485938 0.257812 0.037500
4 0.046094 0.360938 0.007812 0.221875
4 0.005469 0.306250 0.010937 0.471875
21 0.185938 0.492188 0.050000 0.028125
21 0.251563 0.491406 0.068750 0.029687
21 0.953125 0.626563 0.093750 0.306250
21 0.114844 0.464062 0.076563 0.012500
21 0.777344 0.506250 0.142187 0.103125
21 0.227344 0.460938 0.064062 0.018750
21 0.588281 0.587500 0.232813 0.375000
22 0.185938 0.492188 0.050000 0.028125
22 0.251563 0.491406 0.068750 0.029687
22 0.953125 0.626563 0.093750 0.306250
22 0.114844 0.464062 0.076563 0.012500
22 0.777344 0.506250 0.142187 0.103125
22 0.227344 0.460938 0.064062 0.018750
22 0.588281 0.587500 0.232813 0.375000