0 0.653125 0.573438 0.046875 0.071875
0 0.161719 0.423438 0.029687 0.084375
0 0.176563 0.260156 0.353125 0.464062
0 0.625000 0.282031 0.631250 0.560937
2 0.110937 0.934375 0.090625 0.131250
2 0.337500 0.857812 0.359375 0.284375
2 0.328125 0.707812 0.171875 0.028125
2 0.575781 0.643750 0.289062 0.100000
2 0.943750 0.578125 0.112500 0.053125
4 0.946094 0.419531 0.064062 0.273438
7 0.438281 0.660937 0.020313 0.037500
20 0.678906 0.583594 0.023438 0.039062
21 0.678906 0.583594 0.023438 0.039062
23 0.196094 0.700000 0.064062 0.046875
23 0.814063 0.575000 0.171875 0.090625
24 0.196094 0.700000 0.064062 0.046875
24 0.814063 0.575000 0.171875 0.090625