0 0.023438 0.557031 0.046875 0.104688
0 0.219531 0.458594 0.048438 0.126562
0 0.592969 0.335938 0.814063 0.671875
1 0.234375 0.371875 0.034375 0.031250
2 0.533594 0.678125 0.932813 0.184375
2 0.064844 0.615625 0.101562 0.059375
4 0.150000 0.456250 0.018750 0.053125
4 0.128906 0.353906 0.164062 0.585938
5 0.044531 0.579688 0.039062 0.053125
8 0.212500 0.528906 0.053125 0.076563
23 0.147656 0.569531 0.070312 0.073438
23 0.256250 0.532813 0.040625 0.062500
24 0.147656 0.569531 0.070312 0.073438
24 0.256250 0.532813 0.040625 0.062500