0 0.330469 0.759375 0.064062 0.046875
0 0.280469 0.758594 0.029687 0.048438
0 0.235937 0.754687 0.046875 0.056250
2 0.940625 0.913281 0.118750 0.104688
2 0.233594 0.839844 0.467187 0.110937
2 0.775000 0.803125 0.450000 0.050000
5 0.603125 0.772656 0.081250 0.029687
5 0.920312 0.756250 0.078125 0.093750
5 0.765625 0.759375 0.243750 0.100000
5 0.982812 0.750781 0.034375 0.085938
21 0.044531 0.775000 0.089063 0.043750
21 0.509375 0.798438 0.087500 0.100000
22 0.044531 0.775000 0.089063 0.043750
22 0.509375 0.798438 0.087500 0.100000