0 0.051562 0.638281 0.084375 0.089063
0 0.239844 0.584375 0.314063 0.153125
0 0.408594 0.546094 0.035937 0.079687
0 0.524219 0.507812 0.170313 0.137500
0 0.789844 0.437500 0.401562 0.187500
3 0.124219 0.663281 0.198437 0.076563
4 0.409375 0.518750 0.046875 0.109375
4 0.392969 0.521094 0.042188 0.157812
4 0.580469 0.469531 0.057813 0.145313
4 0.364844 0.467969 0.079687 0.270313
4 0.884375 0.332813 0.028125 0.087500
4 0.779687 0.332031 0.034375 0.089063
13 0.038281 0.603906 0.042188 0.023438
13 0.227344 0.546094 0.295312 0.110937
13 0.466406 0.481250 0.104688 0.050000
13 0.595313 0.455469 0.037500 0.048438
13 0.722656 0.403906 0.057813 0.035937
13 0.864062 0.368750 0.053125 0.043750
13 0.928906 0.353125 0.070312 0.028125
23 0.373437 0.634375 0.081250 0.084375
23 0.453906 0.569531 0.035937 0.023438
23 0.827344 0.473438 0.051562 0.028125
23 0.892969 0.454688 0.039062 0.025000
24 0.373437 0.634375 0.081250 0.084375
24 0.453906 0.569531 0.035937 0.023438
24 0.827344 0.473438 0.051562 0.028125
24 0.892969 0.454688 0.039062 0.025000