0 0.627344 0.444531 0.057813 0.098437
0 0.687500 0.431250 0.065625 0.153125
0 0.724219 0.406250 0.051562 0.109375
0 0.838281 0.266406 0.185938 0.442188
0 0.255469 0.414062 0.510938 0.756250
0 0.938281 0.178125 0.089063 0.356250
1 0.201563 0.119531 0.043750 0.032813
2 0.230469 0.753906 0.373437 0.282813
20 0.280469 0.621875 0.032813 0.125000
21 0.280469 0.621875 0.032813 0.125000
23 0.467969 0.588281 0.135937 0.107813
23 0.621875 0.528125 0.062500 0.075000
23 0.700000 0.530469 0.090625 0.092188
24 0.467969 0.588281 0.135937 0.107813
24 0.621875 0.528125 0.062500 0.075000
24 0.700000 0.530469 0.090625 0.092188