0 0.159375 0.546094 0.012500 0.073438
0 0.410938 0.556250 0.034375 0.100000
0 0.371875 0.553125 0.034375 0.100000
0 0.483594 0.556250 0.032813 0.112500
0 0.334375 0.549219 0.021875 0.098437
0 0.746094 0.518750 0.032813 0.040625
0 0.311719 0.548438 0.026562 0.100000
0 0.460156 0.542969 0.026562 0.135937
0 0.181250 0.530469 0.025000 0.110937
0 0.204687 0.516406 0.012500 0.085938
0 0.526563 0.544531 0.043750 0.148438
0 0.074219 0.515625 0.064062 0.121875
0 0.024219 0.509375 0.045312 0.115625
0 0.240625 0.517969 0.065625 0.151562
0 0.171875 0.464844 0.025000 0.082812
0 0.633594 0.369531 0.164062 0.507812
0 0.884375 0.351562 0.231250 0.612500
2 0.960938 0.655469 0.075000 0.020313
2 0.885938 0.638281 0.068750 0.035937
2 0.638281 0.614844 0.023438 0.032813
2 0.075000 0.582812 0.059375 0.031250
7 0.492188 0.612500 0.015625 0.031250
9 0.228125 0.585156 0.034375 0.023438
23 0.821875 0.615625 0.062500 0.056250
23 0.682813 0.602344 0.071875 0.054688
23 0.089844 0.570312 0.032813 0.031250
24 0.821875 0.615625 0.062500 0.056250
24 0.682813 0.602344 0.071875 0.054688
24 0.089844 0.570312 0.032813 0.031250