0 0.730469 0.696094 0.039062 0.045312
0 0.668750 0.689063 0.071875 0.050000
0 0.950781 0.681250 0.098437 0.053125
0 0.812500 0.682813 0.078125 0.109375
0 0.419531 0.625781 0.042188 0.057813
0 0.196094 0.504687 0.392188 0.462500
1 0.980469 0.031250 0.039062 0.040625
2 0.696875 0.746875 0.131250 0.025000
2 0.318750 0.775781 0.300000 0.098437
3 0.789062 0.726562 0.043750 0.025000
3 0.732812 0.725000 0.040625 0.028125
3 0.666406 0.720313 0.082812 0.037500
3 0.614844 0.712500 0.017188 0.034375
3 0.575000 0.710938 0.059375 0.031250
5 0.792188 0.746094 0.046875 0.017188
5 0.358594 0.716406 0.157812 0.117188
23 0.831250 0.742188 0.050000 0.037500
23 0.176563 0.714063 0.034375 0.112500
23 0.082812 0.705469 0.165625 0.176563
24 0.831250 0.742188 0.050000 0.037500
24 0.176563 0.714063 0.034375 0.112500
24 0.082812 0.705469 0.165625 0.176563