0 0.949219 0.641406 0.101562 0.067187
0 0.164062 0.641406 0.050000 0.076563
0 0.672656 0.615625 0.051562 0.075000
0 0.596094 0.611719 0.064062 0.067187
0 0.235156 0.580469 0.039062 0.042188
0 0.828906 0.595313 0.126562 0.140625
0 0.024219 0.529687 0.042188 0.031250
0 0.946875 0.529687 0.106250 0.100000
4 0.207813 0.571875 0.040625 0.140625
4 0.879687 0.579688 0.046875 0.212500
4 0.753125 0.271094 0.100000 0.254688
21 0.989844 0.672656 0.020313 0.042188
21 0.012500 0.667188 0.025000 0.043750
21 0.556250 0.651563 0.053125 0.053125
22 0.989844 0.672656 0.020313 0.042188
22 0.012500 0.667188 0.025000 0.043750
22 0.556250 0.651563 0.053125 0.053125