0 0.041406 0.513281 0.014063 0.067187
0 0.508594 0.507812 0.014063 0.062500
0 0.492188 0.507031 0.009375 0.064062
0 0.015625 0.509375 0.021875 0.103125
0 0.417187 0.313281 0.834375 0.620313
1 0.953906 0.796875 0.042188 0.084375
2 0.795312 0.628125 0.062500 0.009375
2 0.715625 0.626563 0.090625 0.015625
2 0.567969 0.625000 0.098437 0.012500
3 0.508594 0.589844 0.014063 0.042188
3 0.546094 0.565625 0.054688 0.046875
3 0.449219 0.571094 0.073438 0.073438
5 0.916406 0.514844 0.167187 0.323437
23 0.107031 0.568750 0.139063 0.112500
23 0.321094 0.610156 0.220312 0.204687
24 0.107031 0.568750 0.139063 0.112500
24 0.321094 0.610156 0.220312 0.204687