0 0.706250 0.646094 0.046875 0.054688
0 0.277344 0.634375 0.035937 0.046875
0 0.414062 0.629687 0.015625 0.059375
0 0.368750 0.628906 0.040625 0.057813
0 0.866406 0.633594 0.267188 0.120313
0 0.550781 0.633594 0.254688 0.120313
0 0.017969 0.582031 0.035937 0.092188
2 0.807813 0.719531 0.384375 0.014063
2 0.258594 0.695312 0.207813 0.043750
3 0.481250 0.675000 0.062500 0.015625
4 0.235937 0.540625 0.093750 0.340625
5 0.148438 0.651563 0.028125 0.025000
7 0.696875 0.676562 0.028125 0.028125
21 0.469531 0.698438 0.057813 0.040625
21 0.392969 0.698438 0.057813 0.040625
21 0.639844 0.684375 0.026562 0.021875
21 0.557813 0.685937 0.084375 0.031250
21 0.807813 0.682813 0.065625 0.028125
21 0.717969 0.679688 0.026562 0.031250
22 0.469531 0.698438 0.057813 0.040625
22 0.392969 0.698438 0.057813 0.040625
22 0.639844 0.684375 0.026562 0.021875
22 0.557813 0.685937 0.084375 0.031250
22 0.807813 0.682813 0.065625 0.028125
22 0.717969 0.679688 0.026562 0.031250