0 0.899219 0.792188 0.201563 0.081250
0 0.377344 0.718750 0.035937 0.087500
0 0.828125 0.632812 0.206250 0.225000
0 0.498437 0.620313 0.081250 0.256250
0 0.600000 0.513281 0.231250 0.542188
0 0.246875 0.440625 0.493750 0.812500
0 0.815625 0.383594 0.368750 0.767188
2 0.206250 0.835156 0.081250 0.023438
2 0.893750 0.882031 0.212500 0.129688
2 0.632031 0.822656 0.257812 0.151562
4 0.232813 0.712500 0.037500 0.246875
4 0.532031 0.681250 0.048438 0.206250
4 0.232031 0.558594 0.051562 0.057813
4 0.362500 0.650781 0.071875 0.251563
4 0.465625 0.589063 0.062500 0.240625
4 0.201563 0.411719 0.062500 0.248438
4 0.469531 0.396094 0.095312 0.360938
4 0.685937 0.457813 0.250000 0.915625
6 0.294531 0.770312 0.060937 0.100000
9 0.810937 0.799219 0.075000 0.182812
13 0.430469 0.664844 0.029687 0.032813
21 0.101562 0.886719 0.115625 0.226562
21 0.335156 0.795312 0.076563 0.078125
21 0.403906 0.753906 0.070312 0.035937
21 0.463281 0.743750 0.023438 0.028125
22 0.101562 0.886719 0.115625 0.226562
22 0.335156 0.795312 0.076563 0.078125
22 0.403906 0.753906 0.070312 0.035937
22 0.463281 0.743750 0.023438 0.028125