0 0.110156 0.589063 0.048438 0.065625
0 0.166406 0.582812 0.054688 0.075000
0 0.055469 0.553125 0.029687 0.059375
0 0.018750 0.549219 0.037500 0.076563
0 0.356250 0.517188 0.159375 0.193750
0 0.217969 0.518750 0.123438 0.209375
1 0.867188 0.216406 0.028125 0.020313
3 0.027344 0.632031 0.054688 0.020313
3 0.333594 0.614844 0.198437 0.039062
4 0.136719 0.592187 0.007812 0.081250
4 0.206250 0.573438 0.028125 0.100000
5 0.710938 0.572656 0.056250 0.101562
5 0.867188 0.504687 0.256250 0.256250
5 0.990625 0.457813 0.018750 0.193750
10 0.565625 0.646094 0.018750 0.051562
11 0.590625 0.614844 0.087500 0.023438
11 0.517188 0.607031 0.053125 0.035937
11 0.509375 0.568750 0.087500 0.025000
11 0.611719 0.562500 0.114062 0.028125
23 0.546094 0.640625 0.023438 0.031250
23 0.165625 0.628125 0.053125 0.018750
23 0.644531 0.639844 0.067187 0.057813
23 0.757031 0.648438 0.154688 0.146875
24 0.546094 0.640625 0.023438 0.031250
24 0.165625 0.628125 0.053125 0.018750
24 0.644531 0.639844 0.067187 0.057813
24 0.757031 0.648438 0.154688 0.146875