0 0.252344 0.560156 0.023438 0.048438
0 0.202344 0.521875 0.064062 0.075000
0 0.701562 0.520312 0.053125 0.081250
0 0.778125 0.503125 0.084375 0.093750
0 0.056250 0.353125 0.112500 0.556250
0 0.608594 0.300781 0.782813 0.601562
1 0.125781 0.373437 0.039062 0.028125
1 0.779687 0.262500 0.028125 0.034375
2 0.135937 0.721875 0.159375 0.165625
2 0.984375 0.596094 0.031250 0.026562
2 0.920312 0.593750 0.065625 0.028125
3 0.199219 0.697656 0.020313 0.117188
3 0.828906 0.655469 0.342187 0.110937
3 0.285938 0.606250 0.040625 0.018750
3 0.664062 0.582812 0.025000 0.034375
3 0.815625 0.564844 0.021875 0.035937
3 0.773438 0.564063 0.043750 0.034375
3 0.903906 0.559375 0.057813 0.050000
18 0.136719 0.453125 0.026562 0.025000
18 0.112500 0.405469 0.068750 0.039062
18 0.104688 0.353906 0.043750 0.048438
20 0.114062 0.681250 0.134375 0.175000
20 0.646875 0.578906 0.025000 0.048438
20 0.707812 0.558594 0.043750 0.085938
20 0.858594 0.557813 0.070312 0.096875
20 0.800000 0.546094 0.021875 0.076563
20 0.931250 0.542969 0.021875 0.082812
20 0.959375 0.542969 0.034375 0.110937
21 0.114062 0.681250 0.134375 0.175000
21 0.646875 0.578906 0.025000 0.048438
21 0.707812 0.558594 0.043750 0.085938
21 0.858594 0.557813 0.070312 0.096875
21 0.800000 0.546094 0.021875 0.076563
21 0.931250 0.542969 0.021875 0.082812
21 0.959375 0.542969 0.034375 0.110937
23 0.231250 0.608594 0.071875 0.064062
23 0.492969 0.629687 0.382812 0.196875
23 0.901563 0.525000 0.050000 0.031250
24 0.231250 0.608594 0.071875 0.064062
24 0.492969 0.629687 0.382812 0.196875
24 0.901563 0.525000 0.050000 0.031250