0 0.034375 0.614844 0.068750 0.079687
0 0.348438 0.589844 0.015625 0.032813
0 0.273438 0.583594 0.131250 0.039062
0 0.257812 0.492969 0.103125 0.095312
0 0.160156 0.485938 0.076563 0.081250
3 0.378906 0.567969 0.048438 0.029687
3 0.307031 0.554688 0.064062 0.028125
4 0.915625 0.514062 0.021875 0.284375
4 0.201563 0.483594 0.062500 0.342187
5 0.463281 0.628125 0.020313 0.025000
5 0.430469 0.625000 0.017188 0.028125
5 0.372656 0.620313 0.064062 0.034375
5 0.271094 0.609375 0.132812 0.068750
5 0.117969 0.601562 0.139063 0.081250
20 0.899219 0.624219 0.017188 0.064062
21 0.899219 0.624219 0.017188 0.064062