0 0.029687 0.647656 0.028125 0.045312
0 0.095312 0.615625 0.025000 0.078125
0 0.932813 0.446094 0.025000 0.039062
0 0.243750 0.436719 0.487500 0.476562
0 0.746875 0.307812 0.506250 0.615625
2 0.107031 0.762500 0.142187 0.062500
2 0.220312 0.703906 0.168750 0.045312
2 0.707812 0.595313 0.181250 0.031250
2 0.894531 0.589844 0.210938 0.039062
3 0.035937 0.689844 0.028125 0.048438
3 0.075000 0.682813 0.050000 0.053125
3 0.109375 0.677344 0.028125 0.048438
3 0.185156 0.662500 0.120313 0.068750
3 0.269531 0.650000 0.057813 0.046875
3 0.715625 0.548438 0.053125 0.056250
3 0.766406 0.536719 0.060937 0.064062
3 0.821094 0.525781 0.045312 0.054688
3 0.895312 0.502344 0.112500 0.082812
3 0.975000 0.477344 0.050000 0.057813
5 0.041406 0.725781 0.023438 0.029687
5 0.117969 0.712500 0.023438 0.028125
5 0.189062 0.699219 0.115625 0.048438
5 0.276562 0.678906 0.056250 0.035937
5 0.723437 0.579688 0.043750 0.018750
5 0.772656 0.571875 0.051562 0.025000
5 0.829688 0.563281 0.031250 0.039062
5 0.903906 0.546094 0.114062 0.073438
5 0.980469 0.510938 0.039062 0.037500
9 0.842969 0.577344 0.023438 0.054688
9 0.864062 0.572656 0.028125 0.060937
11 0.472656 0.602344 0.139063 0.042188
12 0.250000 0.735156 0.106250 0.026562
12 0.417187 0.706250 0.078125 0.025000
12 0.632812 0.661719 0.162500 0.042188
12 0.742969 0.630469 0.117188 0.032813
12 0.778906 0.599219 0.045312 0.023438
21 0.345313 0.690625 0.100000 0.090625
21 0.489844 0.660937 0.185938 0.121875
22 0.345313 0.690625 0.100000 0.090625
22 0.489844 0.660937 0.185938 0.121875