0 0.716406 0.497656 0.089063 0.032813
0 0.911719 0.144531 0.098437 0.189062
1 0.954688 0.288281 0.025000 0.029687
2 0.349219 0.855469 0.548438 0.289062
2 0.803906 0.717187 0.145313 0.090625
2 0.947656 0.621875 0.104688 0.084375
3 0.139844 0.832812 0.198437 0.168750
3 0.312500 0.674219 0.321875 0.229687
3 0.551562 0.600000 0.181250 0.109375
3 0.961719 0.548438 0.076563 0.065625
3 0.696875 0.653906 0.450000 0.310937
3 0.833594 0.505469 0.095312 0.039062
5 0.214844 0.585938 0.023438 0.028125
11 0.646875 0.497656 0.062500 0.051562
17 0.517969 0.827344 0.020313 0.067187
17 0.402344 0.803125 0.026562 0.059375
17 0.577344 0.790625 0.023438 0.056250
18 0.136719 0.836719 0.057813 0.060937
18 0.241406 0.692187 0.026562 0.031250
21 0.732031 0.850000 0.264062 0.218750
21 0.922656 0.704688 0.154688 0.193750
22 0.732031 0.850000 0.264062 0.218750
22 0.922656 0.704688 0.154688 0.193750