0 0.493750 0.580469 0.056250 0.067187
0 0.972656 0.571094 0.017188 0.051562
0 0.314063 0.421094 0.046875 0.107813
0 0.988281 0.453906 0.023438 0.257812
0 0.963281 0.412500 0.023438 0.175000
0 0.872656 0.492188 0.135937 0.337500
0 0.737500 0.490625 0.150000 0.337500
0 0.392188 0.426563 0.103125 0.265625
0 0.157812 0.416406 0.315625 0.282813
2 0.697656 0.653125 0.173437 0.040625
4 0.335938 0.520312 0.025000 0.109375
4 0.339062 0.415625 0.046875 0.093750
4 0.345313 0.350781 0.046875 0.023438
4 0.953125 0.056250 0.031250 0.037500
4 0.921094 0.301563 0.114062 0.603125
5 0.026562 0.630469 0.037500 0.017188
18 0.780469 0.605469 0.026562 0.023438
21 0.578125 0.625000 0.065625 0.043750
21 0.894531 0.784375 0.210938 0.381250
21 0.332813 0.657813 0.403125 0.203125
22 0.578125 0.625000 0.065625 0.043750
22 0.894531 0.784375 0.210938 0.381250
22 0.332813 0.657813 0.403125 0.203125