0 0.921094 0.457813 0.157812 0.200000
0 0.425781 0.375781 0.851562 0.629687
2 0.082812 0.720313 0.087500 0.031250
2 0.819531 0.721094 0.132812 0.085938
2 0.950781 0.678125 0.098437 0.068750
2 0.246094 0.674219 0.220312 0.079687
2 0.632031 0.609375 0.142187 0.028125
2 0.914844 0.553125 0.076563 0.021875
2 0.977344 0.542969 0.045312 0.023438
5 0.088281 0.700000 0.070312 0.037500
5 0.205469 0.675000 0.151562 0.053125
8 0.735156 0.551562 0.195312 0.081250
23 0.041406 0.713281 0.032813 0.060937
23 0.392188 0.631250 0.093750 0.056250
23 0.621875 0.585156 0.040625 0.023438
24 0.041406 0.713281 0.032813 0.060937
24 0.392188 0.631250 0.093750 0.056250
24 0.621875 0.585156 0.040625 0.023438