0 0.992188 0.554688 0.015625 0.040625
0 0.613281 0.559375 0.035937 0.050000
0 0.412500 0.527344 0.018750 0.076563
0 0.663281 0.521875 0.035937 0.090625
0 0.582031 0.497656 0.039062 0.060937
0 0.832031 0.521094 0.051562 0.114062
0 0.165625 0.482031 0.018750 0.035937
0 0.490625 0.517188 0.134375 0.109375
0 0.743750 0.507812 0.115625 0.103125
0 0.919531 0.479687 0.089063 0.190625
0 0.985938 0.407031 0.028125 0.067187
0 0.075781 0.437500 0.151562 0.137500
0 0.244531 0.430469 0.192188 0.285938
1 0.968750 0.388281 0.021875 0.045312
1 0.746094 0.250000 0.023438 0.040625
1 0.468750 0.247656 0.021875 0.039062
3 0.488281 0.550781 0.045312 0.035937
8 0.111719 0.510156 0.076563 0.020313
8 0.190625 0.509375 0.068750 0.021875
21 0.985938 0.623437 0.028125 0.071875
21 0.910937 0.615625 0.100000 0.062500
21 0.477344 0.564063 0.026562 0.031250
21 0.735938 0.621094 0.187500 0.148438
21 0.548438 0.589844 0.112500 0.129688
21 0.156250 0.634375 0.312500 0.278125
22 0.985938 0.623437 0.028125 0.071875
22 0.910937 0.615625 0.100000 0.062500
22 0.477344 0.564063 0.026562 0.031250
22 0.735938 0.621094 0.187500 0.148438
22 0.548438 0.589844 0.112500 0.129688
22 0.156250 0.634375 0.312500 0.278125