0 0.327344 0.735938 0.082812 0.106250
0 0.673438 0.700000 0.031250 0.050000
0 0.707031 0.679688 0.054688 0.059375
0 0.326562 0.630469 0.037500 0.035937
0 0.531250 0.639062 0.153125 0.187500
0 0.389062 0.636719 0.078125 0.257812
0 0.703906 0.603125 0.210938 0.243750
0 0.822656 0.552344 0.104688 0.295312
0 0.360156 0.446875 0.051562 0.096875
0 0.910156 0.511719 0.179688 0.360938
0 0.174219 0.457813 0.348438 0.812500
2 0.244531 0.827344 0.376563 0.154688
2 0.780469 0.726562 0.070312 0.012500
2 0.944531 0.726562 0.110937 0.021875
3 0.722656 0.714844 0.032813 0.017188
3 0.776563 0.711719 0.075000 0.023438
3 0.850000 0.703125 0.065625 0.037500
3 0.940625 0.700781 0.118750 0.039062
21 0.485938 0.743750 0.065625 0.084375
21 0.585156 0.735156 0.076563 0.076563
22 0.485938 0.743750 0.065625 0.084375
22 0.585156 0.735156 0.076563 0.076563