0 0.412500 0.556250 0.050000 0.062500
0 0.393750 0.538281 0.043750 0.035937
0 0.250781 0.569531 0.201563 0.123438
0 0.062500 0.568750 0.125000 0.168750
0 0.474219 0.514062 0.070312 0.096875
0 0.571094 0.501563 0.151562 0.100000
0 0.738281 0.428125 0.217188 0.206250
0 0.910156 0.377344 0.157812 0.139063
2 0.832031 0.545312 0.335938 0.037500
3 0.604688 0.527344 0.106250 0.042188
3 0.854688 0.487500 0.290625 0.090625
4 0.344531 0.491406 0.035937 0.145313
4 0.835938 0.382812 0.037500 0.178125
4 0.342187 0.430469 0.081250 0.314063
4 0.123438 0.454688 0.137500 0.781250
23 0.025000 0.634375 0.028125 0.056250
24 0.025000 0.634375 0.028125 0.056250