0 0.045312 0.546094 0.046875 0.057813
0 0.331250 0.528125 0.021875 0.040625
0 0.121094 0.538281 0.098437 0.076563
0 0.292187 0.523438 0.025000 0.053125
0 0.378906 0.500000 0.048438 0.100000
0 0.981250 0.470313 0.037500 0.096875
0 0.485156 0.470313 0.164062 0.140625
9 0.094531 0.600000 0.020313 0.053125
10 0.017969 0.634375 0.035937 0.103125
10 0.619531 0.589844 0.026562 0.067187
10 0.764062 0.614062 0.075000 0.137500
10 0.582812 0.569531 0.021875 0.051562
10 0.938281 0.538281 0.029687 0.064062
10 0.982812 0.518750 0.034375 0.078125
14 0.014844 0.565625 0.029687 0.053125
14 0.510156 0.531250 0.035937 0.068750
14 0.561719 0.535937 0.060937 0.090625
14 0.621094 0.546094 0.045312 0.120313
14 0.750781 0.562500 0.051562 0.181250
15 0.092969 0.569531 0.020313 0.070312
15 0.386719 0.554688 0.026562 0.112500
21 0.048438 0.573438 0.037500 0.028125
21 0.258594 0.543750 0.042188 0.037500
21 0.447656 0.540625 0.070312 0.109375
21 0.667188 0.499219 0.040625 0.039062
21 0.805469 0.482812 0.020313 0.034375
21 0.865625 0.474219 0.025000 0.032813
22 0.048438 0.573438 0.037500 0.028125
22 0.258594 0.543750 0.042188 0.037500
22 0.447656 0.540625 0.070312 0.109375
22 0.667188 0.499219 0.040625 0.039062
22 0.805469 0.482812 0.020313 0.034375
22 0.865625 0.474219 0.025000 0.032813