0 0.817969 0.628906 0.020313 0.082812
0 0.576562 0.606250 0.040625 0.056250
0 0.196875 0.539844 0.071875 0.089063
0 0.701562 0.567969 0.053125 0.148438
0 0.821094 0.517188 0.035937 0.084375
0 0.103125 0.536719 0.109375 0.189062
0 0.028906 0.544531 0.057813 0.220312
0 0.317188 0.485938 0.034375 0.121875
0 0.815625 0.442969 0.028125 0.073438
0 0.760156 0.510938 0.079687 0.225000
0 0.921875 0.510156 0.156250 0.420312
2 0.914062 0.753906 0.171875 0.117188
21 0.417187 0.747656 0.834375 0.379688
22 0.417187 0.747656 0.834375 0.379688