0 0.934375 0.482812 0.012500 0.087500
0 0.908594 0.467969 0.029687 0.114062
0 0.792188 0.460938 0.034375 0.159375
0 0.850000 0.352344 0.128125 0.379688
0 0.629687 0.381250 0.284375 0.437500
0 0.442188 0.238281 0.090625 0.167187
0 0.321094 0.228906 0.148438 0.154688
0 0.952344 0.331250 0.095312 0.390625
0 0.240625 0.413281 0.481250 0.826562
1 0.837500 0.115625 0.040625 0.021875
2 0.194531 0.838281 0.389062 0.257812
2 0.917969 0.700000 0.164062 0.193750
2 0.875781 0.564844 0.042188 0.020313
3 0.878906 0.537500 0.032813 0.021875
3 0.957812 0.538281 0.050000 0.032813
3 0.910156 0.532813 0.026562 0.021875
4 0.492969 0.316406 0.032813 0.545312
10 0.768750 0.599219 0.028125 0.073438
12 0.802344 0.624219 0.057813 0.017188
12 0.720313 0.621875 0.090625 0.012500
18 0.540625 0.550781 0.012500 0.054688
21 0.531250 0.660156 0.293750 0.254688
21 0.772656 0.569531 0.123438 0.079687
22 0.531250 0.660156 0.293750 0.254688
22 0.772656 0.569531 0.123438 0.079687