0 0.746094 0.700781 0.035937 0.039062
0 0.711719 0.703125 0.045312 0.046875
0 0.659375 0.701562 0.031250 0.046875
0 0.611719 0.711719 0.057813 0.067187
0 0.217188 0.578125 0.034375 0.062500
0 0.137500 0.600781 0.118750 0.157812
0 0.059375 0.599219 0.028125 0.157812
0 0.077344 0.597656 0.029687 0.160938
0 0.025000 0.578906 0.050000 0.198437
0 0.179688 0.317969 0.359375 0.635938
2 0.792188 0.877344 0.415625 0.245312
2 0.606250 0.739062 0.065625 0.028125
2 0.377344 0.730469 0.076563 0.032813
3 0.895312 0.710156 0.209375 0.204687
4 0.460156 0.663281 0.026562 0.076563
4 0.442969 0.660156 0.020313 0.107813
4 0.562500 0.655469 0.009375 0.107813
4 0.412500 0.646094 0.040625 0.164062
4 0.307031 0.557031 0.089063 0.317188
9 0.693750 0.745313 0.040625 0.043750
10 0.301563 0.737500 0.046875 0.050000
14 0.312500 0.721094 0.031250 0.060937
21 0.710156 0.739062 0.029687 0.034375
21 0.734375 0.736719 0.028125 0.045312
21 0.596875 0.716406 0.025000 0.029687
21 0.507031 0.755469 0.151562 0.139063
21 0.139844 0.769531 0.279687 0.189062
22 0.710156 0.739062 0.029687 0.034375
22 0.734375 0.736719 0.028125 0.045312
22 0.596875 0.716406 0.025000 0.029687
22 0.507031 0.755469 0.151562 0.139063
22 0.139844 0.769531 0.279687 0.189062