0 0.940625 0.614844 0.025000 0.032813
0 0.589844 0.603125 0.026562 0.053125
0 0.501563 0.611719 0.053125 0.095312
0 0.456250 0.607031 0.009375 0.101562
0 0.500781 0.530469 0.023438 0.026562
0 0.708594 0.557813 0.070312 0.106250
0 0.784375 0.518750 0.021875 0.062500
0 0.418750 0.542969 0.043750 0.129688
0 0.418750 0.407813 0.025000 0.040625
0 0.763281 0.454688 0.035937 0.140625
0 0.247656 0.335156 0.360938 0.651563
2 0.067969 0.794531 0.135937 0.076563
2 0.035156 0.693750 0.070312 0.012500
2 0.292187 0.692969 0.406250 0.067187
2 0.514062 0.675781 0.071875 0.039062
3 0.418750 0.628125 0.040625 0.043750
3 0.276562 0.630469 0.206250 0.067187
5 0.193750 0.671875 0.206250 0.028125
5 0.332813 0.666406 0.056250 0.023438
5 0.416406 0.653906 0.045312 0.017188
21 0.839063 0.646094 0.043750 0.026562
21 0.918750 0.651563 0.084375 0.059375
22 0.839063 0.646094 0.043750 0.026562
22 0.918750 0.651563 0.084375 0.059375