0 0.947656 0.548438 0.104688 0.018750
2 0.639062 0.786719 0.496875 0.426563
3 0.219531 0.525781 0.067187 0.020313
3 0.139063 0.518750 0.062500 0.018750
4 0.647656 0.375781 0.023438 0.404687
5 0.900781 0.575781 0.198437 0.045312
5 0.779687 0.567969 0.034375 0.032813
5 0.695312 0.561719 0.096875 0.035937
5 0.550000 0.548438 0.046875 0.012500
5 0.623437 0.557813 0.031250 0.034375
5 0.588281 0.567969 0.039062 0.064062
21 0.107031 0.520312 0.039062 0.028125
21 0.021875 0.511719 0.021875 0.032813
22 0.107031 0.520312 0.039062 0.028125
22 0.021875 0.511719 0.021875 0.032813