0 0.089063 0.489844 0.028125 0.032813
0 0.278125 0.408594 0.040625 0.048438
0 0.078125 0.413281 0.043750 0.095312
0 0.019531 0.402344 0.039062 0.089063
0 0.449219 0.414844 0.095312 0.120313
0 0.853125 0.362500 0.021875 0.059375
0 0.932813 0.360156 0.134375 0.057813
6 0.227344 0.478906 0.045312 0.029687
8 0.312500 0.469531 0.106250 0.035937
8 0.721094 0.444531 0.557813 0.126562
21 0.214844 0.528906 0.429688 0.101562
21 0.539844 0.484375 0.089063 0.053125
22 0.214844 0.528906 0.429688 0.101562
22 0.539844 0.484375 0.089063 0.053125