0 0.153125 0.507812 0.034375 0.059375
0 0.285156 0.506250 0.014063 0.075000
0 0.257031 0.499219 0.026562 0.079687
0 0.206250 0.468750 0.068750 0.103125
0 0.482031 0.398438 0.376563 0.337500
0 0.731250 0.373437 0.131250 0.462500
0 0.855469 0.280469 0.289062 0.560937
0 0.064062 0.314844 0.128125 0.629687
2 0.104688 0.652344 0.209375 0.089063
2 0.713281 0.628906 0.129688 0.060937
2 0.340625 0.572656 0.081250 0.014063
3 0.192969 0.536719 0.042188 0.032813
21 0.377344 0.553906 0.039062 0.029687
21 0.341406 0.553125 0.026562 0.028125
21 0.236719 0.546094 0.060937 0.017188
21 0.457031 0.552344 0.095312 0.045312
21 0.619531 0.571094 0.182812 0.101562
21 0.887500 0.631250 0.225000 0.325000
22 0.377344 0.553906 0.039062 0.029687
22 0.341406 0.553125 0.026562 0.028125
22 0.236719 0.546094 0.060937 0.017188
22 0.457031 0.552344 0.095312 0.045312
22 0.619531 0.571094 0.182812 0.101562
22 0.887500 0.631250 0.225000 0.325000