0 0.722656 0.631250 0.035937 0.025000
0 0.512500 0.623437 0.028125 0.081250
0 0.240625 0.607812 0.018750 0.062500
0 0.269531 0.605469 0.014063 0.079687
0 0.798438 0.606250 0.087500 0.106250
0 0.857812 0.589063 0.028125 0.096875
0 0.529687 0.575781 0.043750 0.192188
0 0.946094 0.549219 0.107813 0.195312
0 0.560937 0.525000 0.050000 0.293750
0 0.598437 0.501563 0.103125 0.340625
0 0.388281 0.415625 0.217188 0.478125
0 0.125781 0.365625 0.251563 0.731250
1 0.180469 0.349219 0.042188 0.045312
1 0.180469 0.291406 0.042188 0.054688
2 0.890625 0.796094 0.218750 0.145313
2 0.125000 0.737500 0.250000 0.090625
3 0.579688 0.703906 0.084375 0.067187
21 0.976562 0.903125 0.046875 0.193750
21 0.514062 0.665625 0.025000 0.028125
21 0.722656 0.721875 0.242188 0.165625
21 0.238281 0.663281 0.020313 0.054688
21 0.367188 0.691406 0.243750 0.151562
21 0.949219 0.668750 0.101562 0.109375
21 0.860938 0.662500 0.028125 0.100000
22 0.976562 0.903125 0.046875 0.193750
22 0.514062 0.665625 0.025000 0.028125
22 0.722656 0.721875 0.242188 0.165625
22 0.238281 0.663281 0.020313 0.054688
22 0.367188 0.691406 0.243750 0.151562
22 0.949219 0.668750 0.101562 0.109375
22 0.860938 0.662500 0.028125 0.100000