0 0.321094 0.555469 0.042188 0.045312
0 0.163281 0.538281 0.070312 0.023438
0 0.076563 0.546094 0.100000 0.039062
0 0.650000 0.530469 0.043750 0.026562
0 0.392188 0.535156 0.028125 0.035937
3 0.378125 0.574219 0.068750 0.020313
5 0.387500 0.586719 0.109375 0.032813
5 0.461719 0.580469 0.032813 0.042188
5 0.740625 0.544531 0.518750 0.310937
21 0.391406 0.607812 0.098437 0.034375
21 0.305469 0.610938 0.051562 0.053125
21 0.221875 0.619531 0.109375 0.076563
21 0.591406 0.624219 0.085938 0.089063
21 0.513281 0.622656 0.067187 0.107813
21 0.087500 0.607812 0.109375 0.090625
22 0.391406 0.607812 0.098437 0.034375
22 0.305469 0.610938 0.051562 0.053125
22 0.221875 0.619531 0.109375 0.076563
22 0.591406 0.624219 0.085938 0.089063
22 0.513281 0.622656 0.067187 0.107813
22 0.087500 0.607812 0.109375 0.090625