0 0.366406 0.708594 0.029687 0.039062
0 0.554688 0.692187 0.050000 0.031250
0 0.017188 0.702344 0.034375 0.051562
0 0.080469 0.690625 0.020313 0.059375
0 0.202344 0.692187 0.082812 0.065625
0 0.142187 0.678125 0.015625 0.046875
0 0.633594 0.678125 0.048438 0.050000
0 0.300000 0.691406 0.096875 0.079687
0 0.113281 0.678906 0.029687 0.060937
0 0.550000 0.657813 0.062500 0.031250
0 0.391406 0.680469 0.020313 0.082812
0 0.450000 0.671875 0.087500 0.096875
4 0.092969 0.698438 0.010937 0.084375
4 0.154688 0.704688 0.015625 0.115625
4 0.245312 0.642969 0.012500 0.192188
4 0.409375 0.629687 0.018750 0.196875
4 0.181250 0.519531 0.059375 0.242188
13 0.344531 0.628125 0.114062 0.034375
13 0.500781 0.617188 0.189062 0.109375
18 0.364844 0.657813 0.035937 0.065625
18 0.053125 0.633594 0.037500 0.132812