0 0.200000 0.536719 0.078125 0.029687
0 0.079687 0.528906 0.159375 0.070312
2 0.100000 0.674219 0.200000 0.045312
2 0.330469 0.635156 0.120313 0.026562
3 0.325000 0.620313 0.087500 0.028125
3 0.885156 0.545312 0.032813 0.028125
7 0.247656 0.697656 0.020313 0.042188
7 0.222656 0.671094 0.064062 0.104688
11 0.483594 0.589063 0.026562 0.025000
11 0.364063 0.582812 0.053125 0.025000
11 0.120313 0.574219 0.240625 0.060937
11 0.312500 0.564063 0.096875 0.068750
21 0.600781 0.602344 0.132812 0.057813
22 0.600781 0.602344 0.132812 0.057813