0 0.334375 0.592187 0.043750 0.025000
0 0.190625 0.644531 0.146875 0.132812
0 0.925000 0.422656 0.150000 0.601562
0 0.640625 0.417187 0.434375 0.643750
2 0.845313 0.806250 0.309375 0.115625
2 0.454688 0.742969 0.137500 0.023438
2 0.779687 0.739844 0.106250 0.023438
3 0.307812 0.726562 0.037500 0.025000
4 0.355469 0.642188 0.054688 0.209375
4 0.382812 0.582031 0.071875 0.332813
4 0.850781 0.428906 0.129688 0.857812
21 0.625000 0.725000 0.206250 0.106250
21 0.157812 0.750781 0.315625 0.267188
22 0.625000 0.725000 0.206250 0.106250
22 0.157812 0.750781 0.315625 0.267188