0 0.962500 0.672656 0.050000 0.057813
0 0.500000 0.339844 1.000000 0.676562
2 0.530469 0.669531 0.201563 0.023438
2 0.312500 0.652344 0.196875 0.020313
7 0.756250 0.601562 0.071875 0.040625
8 0.082031 0.653125 0.164062 0.490625
12 0.707031 0.728906 0.526563 0.114062
21 0.481250 0.847656 0.318750 0.257812
21 0.991406 0.675000 0.017188 0.059375
21 0.902344 0.664062 0.089063 0.071875
21 0.764062 0.640625 0.081250 0.068750
21 0.696875 0.617188 0.056250 0.093750
22 0.481250 0.847656 0.318750 0.257812
22 0.991406 0.675000 0.017188 0.059375
22 0.902344 0.664062 0.089063 0.071875
22 0.764062 0.640625 0.081250 0.068750
22 0.696875 0.617188 0.056250 0.093750