0 0.028906 0.703125 0.020313 0.043750
0 0.307812 0.642188 0.040625 0.084375
0 0.255469 0.626563 0.032813 0.106250
0 0.473438 0.608594 0.018750 0.082812
0 0.510938 0.610938 0.056250 0.131250
0 0.318750 0.539062 0.031250 0.018750
0 0.453906 0.544531 0.039062 0.260937
0 0.564063 0.413281 0.012500 0.098437
0 0.612500 0.540625 0.134375 0.381250
0 0.380469 0.466406 0.135937 0.439063
0 0.281250 0.390625 0.068750 0.306250
0 0.932813 0.408594 0.134375 0.473438
0 0.733594 0.361719 0.267188 0.720313
0 0.939844 0.082812 0.120313 0.165625
0 0.142187 0.367188 0.284375 0.734375
1 0.704688 0.018750 0.034375 0.037500
2 0.298438 0.716406 0.034375 0.023438
2 0.129688 0.771094 0.259375 0.154688
2 0.385937 0.687500 0.084375 0.021875
3 0.777344 0.690625 0.145313 0.093750
3 0.932031 0.750781 0.135937 0.223438
4 0.481250 0.539844 0.040625 0.226562
4 0.543750 0.538281 0.040625 0.270313
4 0.451562 0.505469 0.056250 0.370312
4 0.259375 0.418750 0.081250 0.528125
4 0.345313 0.375000 0.178125 0.750000
5 0.825000 0.875000 0.350000 0.250000
5 0.625781 0.768750 0.032813 0.084375
9 0.450781 0.700781 0.020313 0.064062
15 0.453125 0.678125 0.031250 0.081250