0 0.650000 0.692969 0.065625 0.064062
0 0.813281 0.696094 0.023438 0.076563
0 0.789844 0.682031 0.017188 0.048438
0 0.735156 0.685937 0.089063 0.056250
0 0.588281 0.673438 0.054688 0.043750
0 0.133594 0.675000 0.039062 0.046875
0 0.025781 0.662500 0.032813 0.037500
0 0.915625 0.678906 0.150000 0.098437
2 0.860156 0.771094 0.279687 0.057813
3 0.707812 0.716406 0.034375 0.026562
4 0.800781 0.597656 0.007812 0.223438
4 0.829688 0.589844 0.021875 0.323437
21 0.889844 0.725000 0.070312 0.040625
21 0.762500 0.721875 0.084375 0.040625
21 0.400000 0.714844 0.084375 0.045312
21 0.065625 0.705469 0.131250 0.051562
21 0.578906 0.717187 0.089063 0.096875
21 0.246875 0.743750 0.225000 0.150000
22 0.889844 0.725000 0.070312 0.040625
22 0.762500 0.721875 0.084375 0.040625
22 0.400000 0.714844 0.084375 0.045312
22 0.065625 0.705469 0.131250 0.051562
22 0.578906 0.717187 0.089063 0.096875
22 0.246875 0.743750 0.225000 0.150000