0 0.364844 0.557031 0.054688 0.017188
0 0.417969 0.558594 0.045312 0.023438
0 0.180469 0.556250 0.104688 0.018750
0 0.305469 0.554688 0.045312 0.018750
0 0.081250 0.553906 0.087500 0.020313
0 0.254688 0.544531 0.037500 0.039062
0 0.832031 0.548438 0.045312 0.096875
0 0.694531 0.550781 0.054688 0.110937
0 0.651563 0.553906 0.028125 0.117188
0 0.765625 0.548438 0.084375 0.118750
0 0.882812 0.537500 0.050000 0.118750
0 0.960156 0.487500 0.079687 0.250000
2 0.944531 0.678125 0.110937 0.043750
2 0.172656 0.703906 0.345313 0.107813
2 0.789062 0.632031 0.134375 0.014063
2 0.386719 0.629687 0.101562 0.018750
4 0.922656 0.585156 0.020313 0.142187
4 0.714063 0.508594 0.053125 0.245312
4 0.900781 0.368750 0.076563 0.228125
5 0.964844 0.624219 0.070312 0.023438
5 0.832812 0.621875 0.043750 0.025000
5 0.785937 0.621094 0.043750 0.023438
5 0.424219 0.598437 0.060937 0.059375
5 0.364063 0.598437 0.056250 0.068750
5 0.305469 0.600000 0.051562 0.071875
5 0.254688 0.600000 0.037500 0.071875
5 0.179688 0.600781 0.106250 0.073438
5 0.081250 0.600000 0.087500 0.078125
5 0.017188 0.598437 0.034375 0.078125
12 0.915625 0.682813 0.168750 0.040625
18 0.014844 0.565625 0.029687 0.040625
21 0.832812 0.600000 0.043750 0.012500
21 0.532813 0.671094 0.228125 0.248438
22 0.832812 0.600000 0.043750 0.012500
22 0.532813 0.671094 0.228125 0.248438