0 0.428125 0.633594 0.071875 0.067187
0 0.586719 0.589844 0.126562 0.148438
0 0.259375 0.360156 0.518750 0.720313
2 0.164062 0.717969 0.093750 0.014063
2 0.740625 0.828906 0.518750 0.251563
4 0.105469 0.656250 0.010937 0.134375
5 0.907813 0.752344 0.184375 0.054688
5 0.975000 0.705469 0.037500 0.026562
5 0.612500 0.702344 0.056250 0.029687
5 0.785937 0.701562 0.159375 0.031250
5 0.167969 0.699219 0.101562 0.045312
8 0.403125 0.664844 0.078125 0.114062
21 0.038281 0.725781 0.076563 0.060937
21 0.419531 0.725000 0.110937 0.115625
21 0.281250 0.727344 0.150000 0.126562
22 0.038281 0.725781 0.076563 0.060937
22 0.419531 0.725000 0.110937 0.115625
22 0.281250 0.727344 0.150000 0.126562