0 0.254688 0.517969 0.015625 0.107813
0 0.677344 0.482812 0.042188 0.090625
0 0.054688 0.414844 0.028125 0.204687
0 0.063281 0.281250 0.032813 0.134375
0 0.267969 0.375781 0.373437 0.345313
0 0.728906 0.389062 0.542188 0.478125
0 0.018750 0.334375 0.037500 0.575000
2 0.775000 0.707031 0.334375 0.095312
2 0.467187 0.619531 0.121875 0.029687
2 0.096875 0.796094 0.193750 0.407813
2 0.351562 0.600000 0.106250 0.028125
3 0.302344 0.547656 0.051562 0.023438
4 0.246094 0.517188 0.007812 0.106250
4 0.171875 0.467187 0.012500 0.115625
4 0.248438 0.371875 0.021875 0.171875
4 0.439063 0.307812 0.053125 0.615625
8 0.135156 0.535937 0.045312 0.059375
21 0.789062 0.622656 0.046875 0.095312
21 0.728906 0.585156 0.014063 0.085938
21 0.612500 0.580469 0.078125 0.104688
21 0.933594 0.614844 0.132812 0.179688
21 0.160156 0.558594 0.076563 0.076563
22 0.789062 0.622656 0.046875 0.095312
22 0.728906 0.585156 0.014063 0.085938
22 0.612500 0.580469 0.078125 0.104688
22 0.933594 0.614844 0.132812 0.179688
22 0.160156 0.558594 0.076563 0.076563