0 0.403906 0.225000 0.039062 0.168750
0 0.520312 0.221094 0.209375 0.189062
0 0.717969 0.200781 0.192188 0.151562
0 0.351562 0.100000 0.028125 0.037500
0 0.439063 0.098437 0.015625 0.053125
0 0.283594 0.110156 0.079687 0.085938
0 0.402344 0.086719 0.057813 0.051562
2 0.363281 0.433594 0.035937 0.057813
2 0.171875 0.616406 0.343750 0.442188
2 0.881250 0.380469 0.237500 0.029687
2 0.503125 0.357812 0.184375 0.018750
3 0.898438 0.495312 0.043750 0.059375
3 0.858594 0.471875 0.035937 0.050000
3 0.964844 0.501563 0.070312 0.118750
3 0.825000 0.449219 0.031250 0.060937
3 0.851562 0.421094 0.034375 0.023438
3 0.967187 0.414844 0.031250 0.023438
3 0.924219 0.414844 0.051562 0.029687
3 0.883594 0.421875 0.023438 0.043750
3 0.979688 0.372656 0.040625 0.023438
3 0.929688 0.369531 0.050000 0.023438
3 0.884375 0.364063 0.031250 0.018750
4 0.416406 0.262500 0.020313 0.184375
4 0.435156 0.103125 0.051562 0.118750
4 0.356250 0.232031 0.050000 0.464062
5 0.978906 0.514844 0.042188 0.123438
5 0.892188 0.469531 0.168750 0.139063
5 0.927344 0.370312 0.145313 0.040625
5 0.602344 0.345313 0.042188 0.031250
5 0.238281 0.409375 0.148438 0.165625
5 0.491406 0.341406 0.157812 0.032813
5 0.382031 0.332813 0.054688 0.031250
5 0.560937 0.277344 0.090625 0.092188
7 0.576562 0.348438 0.015625 0.031250
21 0.666406 0.222656 0.029687 0.032813
22 0.666406 0.222656 0.029687 0.032813