0 0.196094 0.517188 0.073438 0.065625
0 0.297656 0.509375 0.010937 0.075000
0 0.260937 0.497656 0.056250 0.101562
0 0.739844 0.316406 0.520312 0.632812
0 0.236719 0.286719 0.473438 0.573438
2 0.326562 0.653906 0.028125 0.054688
2 0.607031 0.645312 0.098437 0.062500
2 0.562500 0.577344 0.040625 0.023438
3 0.153906 0.652344 0.307812 0.210938
5 0.157812 0.800781 0.315625 0.370312
21 0.328906 0.593750 0.042188 0.025000
21 0.384375 0.558594 0.043750 0.029687
21 0.817187 0.741406 0.365625 0.401562
21 0.475781 0.605469 0.139063 0.157812
22 0.328906 0.593750 0.042188 0.025000
22 0.384375 0.558594 0.043750 0.029687
22 0.817187 0.741406 0.365625 0.401562
22 0.475781 0.605469 0.139063 0.157812