0 0.632031 0.476562 0.023438 0.046875
0 0.828906 0.256250 0.342187 0.512500
0 0.240625 0.386719 0.481250 0.773438
2 0.423438 0.752344 0.846875 0.495312
7 0.732812 0.709375 0.031250 0.134375
7 0.690625 0.706250 0.037500 0.137500
9 0.627344 0.634375 0.067187 0.131250
9 0.585938 0.571875 0.021875 0.084375
9 0.550781 0.546875 0.023438 0.046875
21 0.679688 0.564844 0.062500 0.154688
21 0.859375 0.570312 0.281250 0.168750
21 0.623437 0.539062 0.040625 0.109375
21 0.582812 0.525000 0.031250 0.081250
22 0.679688 0.564844 0.062500 0.154688
22 0.859375 0.570312 0.281250 0.168750
22 0.623437 0.539062 0.040625 0.109375
22 0.582812 0.525000 0.031250 0.081250