0 0.520312 0.689063 0.037500 0.065625
0 0.685937 0.672656 0.053125 0.079687
0 0.692969 0.627344 0.073438 0.164062
0 0.782813 0.572656 0.112500 0.273438
0 0.914844 0.456250 0.170313 0.481250
0 0.221875 0.489063 0.443750 0.596875
1 0.075000 0.140625 0.040625 0.021875
2 0.039062 0.800000 0.059375 0.043750
3 0.200000 0.737500 0.031250 0.021875
3 0.807031 0.832812 0.385937 0.290625
21 0.017969 0.826562 0.035937 0.096875
21 0.548438 0.776563 0.121875 0.159375
21 0.273438 0.785937 0.421875 0.218750
22 0.017969 0.826562 0.035937 0.096875
22 0.548438 0.776563 0.121875 0.159375
22 0.273438 0.785937 0.421875 0.218750