0 0.323437 0.678125 0.028125 0.068750
0 0.265625 0.662500 0.028125 0.040625
0 0.987500 0.674219 0.025000 0.079687
0 0.877344 0.671875 0.045312 0.112500
0 0.937500 0.666406 0.043750 0.114062
0 0.412500 0.659375 0.065625 0.106250
0 0.229687 0.642969 0.034375 0.076563
0 0.194531 0.633594 0.035937 0.073438
0 0.143750 0.617188 0.059375 0.078125
0 0.103125 0.593750 0.031250 0.081250
0 0.049219 0.567969 0.098437 0.126562
0 0.693750 0.602344 0.343750 0.270313
2 0.763281 0.874219 0.473438 0.251563
3 0.614844 0.752344 0.020313 0.029687
3 0.559375 0.746094 0.040625 0.023438
3 0.785156 0.748437 0.098437 0.037500
3 0.937500 0.732031 0.028125 0.026562
3 0.981250 0.735156 0.021875 0.045312
3 0.216406 0.678125 0.045312 0.025000
12 0.683594 0.794531 0.076563 0.010937
21 0.879687 0.757812 0.043750 0.050000
21 0.834375 0.758594 0.037500 0.051562
21 0.478906 0.753125 0.110937 0.062500
21 0.135156 0.667969 0.076563 0.051562
21 0.030469 0.614062 0.060937 0.050000
22 0.879687 0.757812 0.043750 0.050000
22 0.834375 0.758594 0.037500 0.051562
22 0.478906 0.753125 0.110937 0.062500
22 0.135156 0.667969 0.076563 0.051562
22 0.030469 0.614062 0.060937 0.050000