0 0.718750 0.664844 0.018750 0.064062
0 0.082031 0.635156 0.023438 0.026562
0 0.859375 0.469531 0.281250 0.585938
1 0.268750 0.031250 0.028125 0.025000
1 0.337500 0.018750 0.031250 0.028125
2 0.846875 0.785937 0.306250 0.190625
3 0.767188 0.678125 0.021875 0.021875
21 0.586719 0.691406 0.035937 0.032813
21 0.520312 0.690625 0.034375 0.037500
21 0.298438 0.684375 0.021875 0.034375
21 0.139063 0.700781 0.278125 0.114062
22 0.586719 0.691406 0.035937 0.032813
22 0.520312 0.690625 0.034375 0.037500
22 0.298438 0.684375 0.021875 0.034375
22 0.139063 0.700781 0.278125 0.114062