0 0.869531 0.665625 0.032813 0.090625
0 0.925781 0.662500 0.076563 0.093750
0 0.013281 0.647656 0.026562 0.089063
0 0.051562 0.659375 0.043750 0.115625
0 0.210156 0.649219 0.129688 0.139063
0 0.675000 0.625781 0.015625 0.095312
0 0.099219 0.643750 0.048438 0.153125
0 0.706250 0.623437 0.043750 0.153125
0 0.758594 0.585156 0.054688 0.229687
0 0.814844 0.502344 0.070312 0.417187
2 0.160156 0.768750 0.098437 0.043750
2 0.807031 0.854688 0.385937 0.290625
10 0.767969 0.728906 0.032813 0.064062
10 0.599219 0.710156 0.035937 0.032813
10 0.636719 0.710156 0.020313 0.042188
10 0.689844 0.714844 0.082812 0.089063
21 0.061719 0.781250 0.123438 0.215625
21 0.353906 0.711719 0.420312 0.192188
22 0.061719 0.781250 0.123438 0.215625
22 0.353906 0.711719 0.420312 0.192188