0 0.148438 0.649219 0.028125 0.076563
0 0.258594 0.632812 0.026562 0.046875
0 0.580469 0.646875 0.017188 0.081250
0 0.017969 0.597656 0.035937 0.045312
0 0.373437 0.612500 0.059375 0.100000
0 0.332813 0.566406 0.021875 0.079687
0 0.305469 0.590625 0.026562 0.156250
0 0.572656 0.550000 0.029687 0.084375
0 0.152344 0.560937 0.029687 0.115625
0 0.267188 0.542188 0.040625 0.118750
0 0.207031 0.577344 0.076563 0.189062
0 0.843750 0.457813 0.068750 0.393750
0 0.565625 0.311719 0.031250 0.101562
0 0.687500 0.428125 0.190625 0.475000
0 0.185938 0.305469 0.071875 0.345313
0 0.907813 0.319531 0.184375 0.639062
0 0.731250 0.108594 0.115625 0.217188
0 0.074219 0.348438 0.148438 0.696875
1 0.942187 0.482812 0.034375 0.034375
1 0.611719 0.146875 0.035937 0.037500
2 0.129688 0.741406 0.115625 0.029687
2 0.548438 0.729688 0.081250 0.040625
3 0.642188 0.193750 0.093750 0.018750
7 0.100000 0.714063 0.018750 0.037500
10 0.207031 0.711719 0.042188 0.085938
21 0.392188 0.678125 0.028125 0.034375
21 0.171875 0.691406 0.078125 0.064062
21 0.513281 0.677344 0.023438 0.042188
21 0.265625 0.689844 0.087500 0.067187
21 0.453125 0.686719 0.093750 0.110937
21 0.789062 0.782031 0.421875 0.323437
21 0.042188 0.701562 0.084375 0.165625
22 0.392188 0.678125 0.028125 0.034375
22 0.171875 0.691406 0.078125 0.064062
22 0.513281 0.677344 0.023438 0.042188
22 0.265625 0.689844 0.087500 0.067187
22 0.453125 0.686719 0.093750 0.110937
22 0.789062 0.782031 0.421875 0.323437
22 0.042188 0.701562 0.084375 0.165625