0 0.950781 0.603906 0.026562 0.023438
0 0.985156 0.607031 0.029687 0.032813
0 0.227344 0.551562 0.039062 0.071875
0 0.097656 0.521875 0.195312 0.156250
0 0.553125 0.505469 0.540625 0.210938
2 0.242969 0.735156 0.073438 0.026562
2 0.096094 0.757812 0.192188 0.109375
2 0.641406 0.674219 0.092188 0.020313
2 0.254688 0.653906 0.096875 0.014063
3 0.985156 0.654687 0.029687 0.065625
3 0.945312 0.652344 0.037500 0.067187
3 0.884375 0.649219 0.081250 0.067187
3 0.814063 0.646094 0.059375 0.064062
3 0.148438 0.614062 0.090625 0.025000
3 0.043750 0.610156 0.087500 0.035937
3 0.635156 0.628125 0.135937 0.087500
3 0.321875 0.609375 0.231250 0.093750
4 0.966406 0.649219 0.014063 0.104688
4 0.982031 0.432031 0.035937 0.301563
21 0.970313 0.808594 0.059375 0.264062
21 0.746094 0.668750 0.120313 0.146875
21 0.500000 0.669531 0.193750 0.270313
22 0.970313 0.808594 0.059375 0.264062
22 0.746094 0.668750 0.120313 0.146875
22 0.500000 0.669531 0.193750 0.270313