0 0.596094 0.559375 0.026562 0.043750
0 0.529687 0.544531 0.100000 0.060937
0 0.668750 0.456250 0.028125 0.037500
0 0.741406 0.488281 0.057813 0.145313
0 0.363281 0.370312 0.454688 0.484375
0 0.123438 0.342187 0.246875 0.484375
2 0.658594 0.811719 0.304688 0.376563
2 0.981250 0.601562 0.037500 0.046875
2 0.949219 0.789062 0.101562 0.421875
6 0.522656 0.574219 0.039062 0.045312
9 0.696875 0.690625 0.018750 0.087500
9 0.866406 0.813281 0.126562 0.373437
9 0.740625 0.671875 0.062500 0.159375
12 0.351562 0.721875 0.556250 0.100000
15 0.910937 0.865625 0.034375 0.084375
15 0.708594 0.621094 0.048438 0.267188
15 0.841406 0.577344 0.189062 0.845313
21 0.756250 0.598437 0.059375 0.081250
21 0.064062 0.616406 0.128125 0.126562
21 0.416406 0.608594 0.560937 0.117188
22 0.756250 0.598437 0.059375 0.081250
22 0.064062 0.616406 0.128125 0.126562
22 0.416406 0.608594 0.560937 0.117188