0 0.958594 0.430469 0.082812 0.051562
0 0.011719 0.434375 0.023438 0.128125
0 0.093750 0.361719 0.134375 0.282813
0 0.536719 0.227344 0.751563 0.454688
2 0.933594 0.626563 0.132812 0.081250
2 0.733594 0.582031 0.348438 0.029687
2 0.657031 0.568750 0.501563 0.037500
2 0.285938 0.540625 0.037500 0.015625
2 0.030469 0.562500 0.060937 0.125000
3 0.685937 0.548438 0.081250 0.015625
3 0.610156 0.548438 0.060937 0.015625
3 0.936719 0.545312 0.045312 0.012500
3 0.850000 0.546094 0.118750 0.014063
3 0.499219 0.543750 0.148438 0.021875
3 0.391406 0.539062 0.060937 0.021875
3 0.939063 0.471094 0.043750 0.032813
3 0.984375 0.470313 0.031250 0.037500
3 0.136719 0.457813 0.042188 0.025000
3 0.210156 0.455469 0.098437 0.029687
3 0.818750 0.459375 0.184375 0.050000
3 0.702344 0.449219 0.042188 0.042188
3 0.342969 0.445312 0.151562 0.043750
3 0.550000 0.442969 0.256250 0.051562
17 0.777344 0.538281 0.020313 0.039062
21 0.096094 0.507812 0.070312 0.071875
22 0.096094 0.507812 0.070312 0.071875