0 0.248438 0.578125 0.053125 0.056250
0 0.881250 0.542188 0.237500 0.306250
2 0.884375 0.710938 0.231250 0.071875
3 0.227344 0.630469 0.017188 0.039062
4 0.975000 0.019531 0.050000 0.039062
5 0.063281 0.653906 0.126562 0.032813
5 0.092188 0.603125 0.043750 0.021875
5 0.228125 0.618750 0.037500 0.062500
21 0.784375 0.674219 0.287500 0.120313
21 0.373437 0.629687 0.034375 0.034375
21 0.535937 0.657031 0.137500 0.167187
22 0.784375 0.674219 0.287500 0.120313
22 0.373437 0.629687 0.034375 0.034375
22 0.535937 0.657031 0.137500 0.167187