0 0.177344 0.663281 0.026562 0.039062
0 0.252344 0.625781 0.082812 0.101562
0 0.688281 0.632031 0.023438 0.120313
0 0.651563 0.622656 0.046875 0.145313
0 0.132031 0.609375 0.054688 0.118750
0 0.242188 0.549219 0.043750 0.076563
0 0.052344 0.482812 0.104688 0.428125
0 0.457813 0.400781 0.381250 0.598437
0 0.850781 0.385937 0.298438 0.771875
2 0.108594 0.786719 0.126562 0.048438
2 0.786719 0.828906 0.426563 0.179688
2 0.485156 0.704688 0.110937 0.012500
2 0.583594 0.701562 0.079687 0.012500
2 0.367188 0.696875 0.103125 0.025000
7 0.861719 0.678906 0.035937 0.042188
21 0.025781 0.689844 0.020313 0.042188
21 0.139844 0.678125 0.054688 0.021875
21 0.067187 0.688281 0.050000 0.042188
21 0.757812 0.681250 0.065625 0.050000
22 0.025781 0.689844 0.020313 0.042188
22 0.139844 0.678125 0.054688 0.021875
22 0.067187 0.688281 0.050000 0.042188
22 0.757812 0.681250 0.065625 0.050000