0 0.556250 0.709375 0.046875 0.034375
0 0.611719 0.706250 0.032813 0.087500
0 0.487500 0.618750 0.081250 0.143750
0 0.260156 0.371875 0.060937 0.100000
0 0.705469 0.450000 0.589063 0.900000
2 0.876563 0.932031 0.237500 0.135937
2 0.810937 0.796875 0.050000 0.025000
2 0.634375 0.752344 0.265625 0.120313
3 0.896094 0.907813 0.207813 0.184375
3 0.265625 0.739844 0.056250 0.139063
3 0.235937 0.522656 0.046875 0.110937
3 0.085156 0.336719 0.051562 0.048438
5 0.021875 0.609375 0.043750 0.109375
5 0.160938 0.577344 0.196875 0.145313
6 0.125781 0.817187 0.251563 0.365625
8 0.421094 0.635156 0.051562 0.092188
21 0.455469 0.716406 0.095312 0.104688
21 0.365625 0.664062 0.053125 0.037500
21 0.310156 0.657031 0.054688 0.035937
22 0.455469 0.716406 0.095312 0.104688
22 0.365625 0.664062 0.053125 0.037500
22 0.310156 0.657031 0.054688 0.035937