0 0.821875 0.669531 0.034375 0.051562
0 0.780469 0.656250 0.039062 0.034375
0 0.500000 0.383594 1.000000 0.767188
1 0.754687 0.534375 0.028125 0.034375
1 0.132812 0.528125 0.018750 0.034375
2 0.071094 0.778125 0.142187 0.031250
3 0.650781 0.710156 0.098437 0.023438
8 0.082031 0.696094 0.076563 0.048438
8 0.607812 0.695312 0.128125 0.112500
8 0.530469 0.676562 0.017188 0.075000
8 0.437500 0.683594 0.159375 0.089063
21 0.153125 0.721875 0.059375 0.068750
21 0.766406 0.711719 0.142187 0.079687
21 0.921094 0.677344 0.123438 0.054688
22 0.153125 0.721875 0.059375 0.068750
22 0.766406 0.711719 0.142187 0.079687
22 0.921094 0.677344 0.123438 0.054688