0 0.838281 0.789844 0.042188 0.032813
0 0.776563 0.778906 0.034375 0.035937
3 0.831250 0.818750 0.056250 0.040625
3 0.777344 0.807031 0.032813 0.032813
3 0.937500 0.823438 0.125000 0.084375
3 0.721094 0.795312 0.076563 0.037500
3 0.385156 0.785937 0.045312 0.031250
3 0.248438 0.813281 0.221875 0.095312
3 0.067187 0.818750 0.134375 0.121875
4 0.443750 0.778906 0.012500 0.054688
4 0.353125 0.750000 0.012500 0.059375
4 0.449219 0.671875 0.020313 0.087500
4 0.640625 0.686719 0.031250 0.210938
4 0.368750 0.589063 0.043750 0.134375
4 0.467187 0.538281 0.165625 0.232813
5 0.268750 0.757812 0.065625 0.025000
5 0.118750 0.753125 0.037500 0.021875
6 0.714844 0.771875 0.035937 0.028125