0 0.413281 0.702344 0.032813 0.067187
0 0.211719 0.673438 0.045312 0.118750
0 0.152344 0.646875 0.070312 0.209375
0 0.950781 0.507812 0.098437 0.081250
0 0.486719 0.512500 0.210938 0.243750
0 0.703906 0.471094 0.217188 0.332813
2 0.699219 0.768750 0.173437 0.025000
2 0.482812 0.752344 0.225000 0.032813
3 0.025781 0.729688 0.029687 0.050000
3 0.895312 0.700781 0.209375 0.117188
3 0.556250 0.689844 0.078125 0.114062
3 0.696875 0.700781 0.187500 0.145313
7 0.792969 0.707812 0.020313 0.065625
21 0.168750 0.725781 0.031250 0.035937
21 0.328125 0.720313 0.087500 0.084375
21 0.891406 0.746094 0.217188 0.148438
22 0.168750 0.725781 0.031250 0.035937
22 0.328125 0.720313 0.087500 0.084375
22 0.891406 0.746094 0.217188 0.148438