0 0.496875 0.468750 0.031250 0.059375
0 0.594531 0.430469 0.060937 0.176563
0 0.810156 0.345313 0.379688 0.418750
0 0.240625 0.298438 0.481250 0.596875
2 0.853906 0.556250 0.154688 0.015625
2 0.152344 0.652344 0.304688 0.235937
2 0.714063 0.545312 0.100000 0.031250
2 0.357812 0.548438 0.034375 0.056250
2 0.432812 0.520312 0.065625 0.037500
9 0.317969 0.603906 0.054688 0.114062
9 0.388281 0.548438 0.017188 0.053125
15 0.387500 0.514844 0.031250 0.114062
15 0.320312 0.505469 0.053125 0.182812
21 0.955469 0.634375 0.089063 0.209375
22 0.955469 0.634375 0.089063 0.209375