0 0.139063 0.732812 0.162500 0.062500
0 0.272656 0.722656 0.076563 0.048438
0 0.278906 0.635938 0.070312 0.053125
0 0.337500 0.667188 0.031250 0.150000
0 0.646094 0.664062 0.023438 0.159375
0 0.437500 0.675000 0.171875 0.196875
0 0.658594 0.627344 0.020313 0.189062
0 0.830469 0.596875 0.317188 0.290625
1 0.830469 0.103906 0.057813 0.032813
2 0.050000 0.868750 0.100000 0.046875
2 0.915625 0.832812 0.103125 0.037500
2 0.110156 0.800781 0.217188 0.010937
2 0.935937 0.783594 0.103125 0.007812
2 0.446094 0.784375 0.170313 0.021875
3 0.925000 0.753125 0.043750 0.015625
3 0.832812 0.750781 0.137500 0.017188
3 0.715625 0.749219 0.078125 0.017188
4 0.529687 0.735938 0.012500 0.103125
4 0.646875 0.658594 0.034375 0.189062
4 0.671094 0.611719 0.029687 0.304688
4 0.538281 0.573438 0.051562 0.343750
4 0.313281 0.539062 0.070312 0.475000
4 0.932031 0.457031 0.135937 0.667188
4 0.948438 0.062500 0.031250 0.125000
5 0.271094 0.623437 0.073438 0.034375
21 0.822656 0.737500 0.045312 0.012500
21 0.703125 0.735156 0.053125 0.010937
22 0.822656 0.737500 0.045312 0.012500
22 0.703125 0.735156 0.053125 0.010937