0 0.294531 0.665625 0.042188 0.062500
0 0.338281 0.660156 0.035937 0.070312
0 0.372656 0.654687 0.029687 0.081250
0 0.545312 0.640625 0.012500 0.081250
0 0.557031 0.633594 0.014063 0.070312
0 0.450000 0.643750 0.118750 0.103125
0 0.613281 0.607812 0.095312 0.071875
0 0.668750 0.612500 0.015625 0.084375
0 0.686719 0.609375 0.014063 0.084375
0 0.729688 0.603125 0.071875 0.106250
0 0.932031 0.453906 0.135937 0.404687
1 0.632812 0.282813 0.034375 0.025000
2 0.971875 0.832031 0.056250 0.029687
2 0.023438 0.795312 0.046875 0.018750
2 0.935937 0.764844 0.128125 0.070312
2 0.848437 0.735156 0.040625 0.032813
2 0.271094 0.747656 0.420312 0.089063
3 0.906250 0.700781 0.028125 0.035937
4 0.264844 0.625000 0.026562 0.118750
4 0.801562 0.647656 0.028125 0.170313
4 0.331250 0.583594 0.056250 0.257812
4 0.385937 0.543750 0.031250 0.206250
4 0.677344 0.528125 0.067187 0.271875
4 0.311719 0.392969 0.051562 0.085938
4 0.184375 0.446875 0.178125 0.606250
4 0.734375 0.278125 0.168750 0.556250
21 0.637500 0.738281 0.209375 0.232813
22 0.637500 0.738281 0.209375 0.232813