0 0.300781 0.642969 0.039062 0.060937
0 0.511719 0.639062 0.064062 0.056250
0 0.578906 0.637500 0.020313 0.056250
0 0.551562 0.638281 0.009375 0.057813
0 0.093750 0.641406 0.078125 0.079687
0 0.162500 0.639062 0.043750 0.081250
0 0.230469 0.637500 0.082812 0.081250
0 0.789062 0.470313 0.421875 0.646875
2 0.130469 0.725781 0.085938 0.014063
2 0.746094 0.853125 0.507812 0.293750
2 0.239063 0.687500 0.200000 0.031250
4 0.186719 0.607812 0.010937 0.175000
4 0.544531 0.596875 0.010937 0.159375
4 0.562500 0.502344 0.031250 0.417187
4 0.165625 0.458594 0.081250 0.526563
12 0.194531 0.710156 0.079687 0.020313
21 0.094531 0.678906 0.042188 0.026562
21 0.201563 0.673438 0.025000 0.021875
21 0.411719 0.668750 0.126562 0.062500
22 0.094531 0.678906 0.042188 0.026562
22 0.201563 0.673438 0.025000 0.021875
22 0.411719 0.668750 0.126562 0.062500