0 0.421094 0.648438 0.029687 0.028125
0 0.880469 0.617969 0.023438 0.029687
0 0.957031 0.599219 0.026562 0.057813
0 0.985156 0.592969 0.029687 0.067187
0 0.842187 0.517188 0.025000 0.090625
0 0.808594 0.527344 0.045312 0.110937
0 0.737500 0.516406 0.087500 0.089063
0 0.939844 0.514062 0.054688 0.231250
0 0.984375 0.412500 0.031250 0.078125
0 0.042188 0.164062 0.046875 0.081250
1 0.958594 0.074219 0.045312 0.029687
1 0.706250 0.065625 0.046875 0.031250
2 0.131250 0.854688 0.262500 0.103125
3 0.190625 0.785156 0.112500 0.042188
3 0.067969 0.747656 0.135937 0.120313
3 0.707031 0.684375 0.314063 0.100000
3 0.935156 0.692187 0.129688 0.134375
4 0.681250 0.547656 0.025000 0.201563
4 0.387500 0.425781 0.053125 0.401562
4 0.985938 0.163281 0.028125 0.089063
8 0.457813 0.657031 0.031250 0.048438
11 0.730469 0.603906 0.079687 0.085938
11 0.486719 0.568750 0.182812 0.050000
11 0.662500 0.567969 0.050000 0.051562
11 0.607812 0.566406 0.056250 0.048438
21 0.489063 0.671094 0.028125 0.026562
21 0.429688 0.674219 0.031250 0.039062
21 0.534375 0.670312 0.034375 0.037500
22 0.489063 0.671094 0.028125 0.026562
22 0.429688 0.674219 0.031250 0.039062
22 0.534375 0.670312 0.034375 0.037500