0 0.895312 0.530469 0.021875 0.076563
0 0.993750 0.558594 0.012500 0.164062
0 0.512500 0.433594 0.025000 0.029687
0 0.650000 0.398438 0.037500 0.071875
0 0.544531 0.392188 0.032813 0.090625
0 0.448437 0.372656 0.150000 0.185938
0 0.598437 0.339062 0.143750 0.225000
0 0.185938 0.307812 0.371875 0.487500
0 0.837500 0.260156 0.325000 0.520312
1 0.874219 0.056250 0.020313 0.050000
2 0.739062 0.729688 0.521875 0.540625
4 0.564844 0.375781 0.032813 0.114062
4 0.529687 0.349219 0.046875 0.176563
4 0.670312 0.286719 0.012500 0.195312
4 0.119531 0.258594 0.017188 0.170313
4 0.364844 0.249219 0.120313 0.448437
9 0.581250 0.619531 0.112500 0.260937
21 0.303906 0.550781 0.607812 0.323437
22 0.303906 0.550781 0.607812 0.323437