0 0.349219 0.488281 0.035937 0.054688
0 0.160156 0.453906 0.051562 0.139063
0 0.157812 0.260156 0.021875 0.042188
0 0.067969 0.332031 0.135937 0.357812
2 0.065625 0.561719 0.090625 0.023438
2 0.197656 0.552344 0.132812 0.023438
3 0.394531 0.555469 0.029687 0.076563
3 0.565625 0.539844 0.046875 0.051562
3 0.282813 0.586719 0.065625 0.145313
3 0.610156 0.550000 0.029687 0.078125
3 0.693750 0.575781 0.062500 0.151562
6 0.377344 0.528125 0.023438 0.056250
6 0.414062 0.527344 0.040625 0.064062
21 0.043750 0.514844 0.065625 0.017188
21 0.012500 0.589063 0.025000 0.175000
22 0.043750 0.514844 0.065625 0.017188
22 0.012500 0.589063 0.025000 0.175000