0 0.967969 0.415625 0.032813 0.062500
0 0.909375 0.406250 0.053125 0.115625
0 0.241406 0.430469 0.110937 0.179688
0 0.887500 0.214062 0.018750 0.050000
2 0.186719 0.542969 0.373437 0.092188
2 0.078125 0.501563 0.090625 0.015625
2 0.871094 0.515625 0.257812 0.065625
3 0.178125 0.477344 0.025000 0.026562
3 0.943750 0.490625 0.112500 0.056250
3 0.857031 0.482812 0.032813 0.040625
3 0.078125 0.477344 0.090625 0.032813
4 0.457031 0.428125 0.007812 0.103125
4 0.136719 0.299219 0.029687 0.492188
8 0.675000 0.456250 0.181250 0.071875
8 0.782813 0.453125 0.028125 0.068750
12 0.637500 0.500781 0.218750 0.007812
18 0.295312 0.368750 0.021875 0.043750
21 0.498437 0.478125 0.065625 0.053125
22 0.498437 0.478125 0.065625 0.053125