0 0.338281 0.588281 0.014063 0.051562
0 0.360156 0.588281 0.020313 0.054688
0 0.505469 0.588281 0.067187 0.057813
0 0.425781 0.594531 0.023438 0.089063
0 0.548438 0.569531 0.096875 0.073438
0 0.267969 0.546875 0.082812 0.109375
0 0.110156 0.550781 0.051562 0.142187
0 0.172656 0.529687 0.064062 0.181250
0 0.207031 0.516406 0.039062 0.182812
0 0.393750 0.506250 0.037500 0.253125
0 0.286719 0.325781 0.195312 0.360938
0 0.042188 0.358594 0.084375 0.523438
0 0.103125 0.151562 0.181250 0.203125
2 0.107813 0.725000 0.215625 0.100000
2 0.276562 0.686719 0.078125 0.035937
2 0.383594 0.657813 0.057813 0.031250
2 0.780469 0.707812 0.439063 0.156250
4 0.447656 0.538281 0.032813 0.220312
4 0.362500 0.442969 0.118750 0.467187
5 0.924219 0.675781 0.042188 0.039062
5 0.814844 0.667969 0.126562 0.039062
5 0.725781 0.665625 0.039062 0.034375
5 0.067187 0.678125 0.134375 0.065625
5 0.177344 0.664062 0.076563 0.053125
5 0.251563 0.652344 0.037500 0.039062
5 0.362500 0.635938 0.012500 0.040625
5 0.301563 0.640625 0.028125 0.050000
5 0.337500 0.636719 0.012500 0.045312
9 0.225781 0.695312 0.029687 0.078125
10 0.969531 0.665625 0.060937 0.109375
10 0.879687 0.648438 0.031250 0.103125
15 0.347656 0.635938 0.017188 0.081250
15 0.229687 0.641406 0.034375 0.107813
21 0.203125 0.612500 0.037500 0.037500
21 0.273438 0.628906 0.050000 0.073438
22 0.203125 0.612500 0.037500 0.037500
22 0.273438 0.628906 0.050000 0.073438