0 0.614844 0.478125 0.020313 0.050000
0 0.721875 0.467969 0.165625 0.148438
0 0.369531 0.457031 0.157812 0.151562
0 0.908594 0.360938 0.182812 0.271875
0 0.149219 0.316406 0.298438 0.501563
2 0.972656 0.711719 0.054688 0.110937
2 0.374219 0.600000 0.070312 0.040625
2 0.667969 0.559375 0.076563 0.037500
2 0.419531 0.553125 0.057813 0.028125
3 0.975781 0.509375 0.039062 0.053125
4 0.795312 0.267969 0.062500 0.535937
5 0.119531 0.633594 0.054688 0.107813
5 0.761719 0.550000 0.029687 0.025000
5 0.378906 0.544531 0.139063 0.035937
5 0.893750 0.530469 0.125000 0.082812
6 0.521875 0.505469 0.031250 0.067187
7 0.943750 0.573438 0.062500 0.078125
21 0.971875 0.843750 0.056250 0.312500
21 0.490625 0.528125 0.034375 0.037500
21 0.596094 0.528125 0.060937 0.068750
21 0.833594 0.625781 0.251563 0.307812
21 0.196875 0.699219 0.393750 0.601562
22 0.971875 0.843750 0.056250 0.312500
22 0.490625 0.528125 0.034375 0.037500
22 0.596094 0.528125 0.060937 0.068750
22 0.833594 0.625781 0.251563 0.307812
22 0.196875 0.699219 0.393750 0.601562