0 0.735156 0.378906 0.067187 0.073438
0 0.821875 0.385937 0.112500 0.096875
0 0.852344 0.232813 0.295312 0.465625
5 0.563281 0.377344 0.107813 0.039062
5 0.296875 0.374219 0.043750 0.039062
5 0.371875 0.394531 0.043750 0.104688
5 0.195312 0.275781 0.390625 0.348438
7 0.689063 0.364063 0.018750 0.040625
18 0.410938 0.359375 0.021875 0.043750
21 0.508594 0.355469 0.095312 0.026562
21 0.603125 0.343750 0.075000 0.021875
21 0.682813 0.347656 0.043750 0.057813
22 0.508594 0.355469 0.095312 0.026562
22 0.603125 0.343750 0.075000 0.021875
22 0.682813 0.347656 0.043750 0.057813