0 0.367188 0.627344 0.046875 0.042188
0 0.628125 0.591406 0.050000 0.048438
0 0.468750 0.585938 0.043750 0.040625
0 0.536719 0.557813 0.085938 0.093750
0 0.710156 0.534375 0.107813 0.175000
0 0.863281 0.516406 0.214062 0.185938
2 0.967969 0.871094 0.064062 0.039062
2 0.814063 0.751563 0.134375 0.046875
2 0.955469 0.757031 0.089063 0.060937
2 0.023438 0.718750 0.046875 0.021875
2 0.156250 0.697656 0.209375 0.048438
3 0.229687 0.653906 0.021875 0.042188
3 0.282031 0.647656 0.042188 0.035937
3 0.022656 0.664062 0.045312 0.103125
3 0.132812 0.658594 0.162500 0.095312
5 0.960938 0.650781 0.078125 0.185938
16 0.898438 0.764062 0.065625 0.121875
21 0.475781 0.657031 0.123438 0.057813
21 0.363281 0.664844 0.098437 0.079687
21 0.664844 0.681250 0.198437 0.143750
22 0.475781 0.657031 0.123438 0.057813
22 0.363281 0.664844 0.098437 0.079687
22 0.664844 0.681250 0.198437 0.143750