0 0.847656 0.260156 0.304688 0.089063
0 0.642188 0.257031 0.078125 0.092188
0 0.495312 0.229687 0.025000 0.103125
0 0.912500 0.095312 0.175000 0.190625
0 0.764844 0.105469 0.132812 0.210938
0 0.654687 0.015625 0.068750 0.031250
0 0.466406 0.121094 0.132812 0.242188
2 0.899219 0.457813 0.201563 0.237500
3 0.801562 0.294531 0.040625 0.048438
3 0.916406 0.274219 0.167187 0.067187
3 0.932031 0.195312 0.135937 0.009375
8 0.381250 0.306250 0.031250 0.050000
8 0.014844 0.292969 0.026562 0.023438
15 0.087500 0.915625 0.175000 0.168750
21 0.695312 0.397656 0.234375 0.257812
21 0.182812 0.346875 0.365625 0.218750
21 0.485938 0.303125 0.181250 0.140625
22 0.695312 0.397656 0.234375 0.257812
22 0.182812 0.346875 0.365625 0.218750
22 0.485938 0.303125 0.181250 0.140625