2 0.104688 0.951562 0.209375 0.096875
2 0.371875 0.757031 0.043750 0.092188
3 0.171875 0.549219 0.165625 0.210938
3 0.044531 0.516406 0.089063 0.214062
4 0.840625 0.630469 0.031250 0.114062
4 0.601562 0.625000 0.021875 0.212500
4 0.390625 0.532813 0.059375 0.371875
21 0.989062 0.785937 0.021875 0.059375
21 0.541406 0.710938 0.042188 0.028125
21 0.333594 0.689063 0.029687 0.028125
21 0.802344 0.746875 0.195312 0.150000
22 0.989062 0.785937 0.021875 0.059375
22 0.541406 0.710938 0.042188 0.028125
22 0.333594 0.689063 0.029687 0.028125
22 0.802344 0.746875 0.195312 0.150000