0 0.629687 0.656250 0.068750 0.025000
0 0.630469 0.608594 0.110937 0.042188
0 0.611719 0.553125 0.070312 0.028125
0 0.483594 0.547656 0.057813 0.029687
0 0.169531 0.545312 0.023438 0.100000
0 0.245312 0.497656 0.106250 0.195312
0 0.082031 0.452344 0.164062 0.142187
3 0.077344 0.571875 0.154688 0.115625
4 0.407813 0.501563 0.018750 0.153125
4 0.571094 0.515625 0.023438 0.190625
4 0.372656 0.498437 0.020313 0.168750
4 0.417969 0.352344 0.023438 0.123438
4 0.538281 0.313281 0.060937 0.576562
4 0.187500 0.312500 0.075000 0.625000
21 0.095312 0.591406 0.106250 0.104688
22 0.095312 0.591406 0.106250 0.104688