0 0.779687 0.670312 0.034375 0.021875
0 0.855469 0.664062 0.035937 0.031250
0 0.526563 0.679688 0.021875 0.065625
0 0.721875 0.660937 0.021875 0.043750
0 0.676562 0.657813 0.043750 0.053125
0 0.578906 0.657031 0.014063 0.064062
0 0.593750 0.653906 0.012500 0.073438
0 0.031250 0.635156 0.062500 0.064062
0 0.622656 0.646094 0.035937 0.098437
0 0.295312 0.653125 0.434375 0.131250
2 0.575000 0.753125 0.162500 0.012500
2 0.729688 0.746094 0.140625 0.010937
3 0.630469 0.697656 0.026562 0.026562
3 0.856250 0.690625 0.037500 0.025000
5 0.543750 0.735938 0.115625 0.031250
5 0.678906 0.732812 0.042188 0.028125
5 0.632812 0.733594 0.046875 0.029687
5 0.743750 0.731250 0.078125 0.028125
13 0.771875 0.627344 0.021875 0.048438
21 0.461719 0.711719 0.064062 0.029687
21 0.160156 0.770312 0.320312 0.209375
21 0.878125 0.729688 0.225000 0.237500
22 0.461719 0.711719 0.064062 0.029687
22 0.160156 0.770312 0.320312 0.209375
22 0.878125 0.729688 0.225000 0.237500