0 0.970313 0.703125 0.012500 0.056250
0 0.991406 0.674219 0.017188 0.114062
0 0.915625 0.654687 0.075000 0.150000
0 0.888281 0.543750 0.026562 0.031250
0 0.196875 0.579688 0.393750 0.228125
0 0.834375 0.486719 0.331250 0.495312
0 0.588281 0.478906 0.151562 0.498437
1 0.750000 0.337500 0.028125 0.025000
2 0.953906 0.901563 0.092188 0.196875
2 0.839063 0.740625 0.165625 0.012500
2 0.488281 0.723437 0.167187 0.018750
21 0.345313 0.703125 0.021875 0.028125
21 0.151562 0.678906 0.268750 0.248438
22 0.345313 0.703125 0.021875 0.028125
22 0.151562 0.678906 0.268750 0.248438