0 0.380469 0.538281 0.079687 0.092188
0 0.442969 0.514844 0.060937 0.095312
0 0.753125 0.452344 0.309375 0.389062
0 0.956250 0.396094 0.065625 0.301563
0 0.139063 0.345313 0.278125 0.418750
2 0.974219 0.689844 0.051562 0.051562
2 0.798438 0.657813 0.231250 0.065625
3 0.657813 0.582812 0.131250 0.040625
3 0.886719 0.601562 0.051562 0.109375
3 0.964063 0.604688 0.043750 0.118750
3 0.114844 0.612500 0.229687 0.168750
4 0.571094 0.398438 0.014063 0.125000
4 0.982031 0.322656 0.035937 0.645312
4 0.922656 0.407031 0.082812 0.814063
5 0.628125 0.607812 0.071875 0.028125
5 0.341406 0.578906 0.017188 0.048438
21 0.448437 0.585156 0.021875 0.026562
21 0.395313 0.585938 0.018750 0.031250
21 0.695312 0.599219 0.071875 0.067187
21 0.514062 0.607812 0.090625 0.090625
21 0.232813 0.589063 0.203125 0.084375
22 0.448437 0.585156 0.021875 0.026562
22 0.395313 0.585938 0.018750 0.031250
22 0.695312 0.599219 0.071875 0.067187
22 0.514062 0.607812 0.090625 0.090625
22 0.232813 0.589063 0.203125 0.084375