0 0.834375 0.615625 0.059375 0.137500
0 0.921094 0.596094 0.098437 0.160938
0 0.983594 0.550000 0.032813 0.240625
0 0.392969 0.360938 0.785937 0.721875
1 0.961719 0.483594 0.026562 0.042188
1 0.853125 0.275781 0.040625 0.076563
2 0.901563 0.842969 0.196875 0.207813
5 0.258594 0.702344 0.057813 0.039062
5 0.190625 0.702344 0.021875 0.039062
6 0.812500 0.667969 0.093750 0.089063
21 0.927344 0.698438 0.095312 0.053125
21 0.525000 0.704688 0.600000 0.153125
22 0.927344 0.698438 0.095312 0.053125
22 0.525000 0.704688 0.600000 0.153125