0 0.021875 0.517969 0.043750 0.045312
0 0.632812 0.442969 0.031250 0.039062
0 0.589063 0.470313 0.128125 0.106250
0 0.788281 0.435156 0.045312 0.085938
0 0.698438 0.453125 0.071875 0.121875
0 0.648438 0.203906 0.181250 0.101562
0 0.928906 0.305469 0.142187 0.610938
1 0.287500 0.335938 0.018750 0.031250
2 0.086719 0.664062 0.123438 0.056250
2 0.011719 0.669531 0.023438 0.067187
2 0.897656 0.700000 0.204687 0.275000
7 0.055469 0.579688 0.020313 0.059375
8 0.221875 0.517969 0.053125 0.085938
8 0.360156 0.508594 0.210938 0.107813
9 0.784375 0.674219 0.078125 0.157812
9 0.710938 0.619531 0.065625 0.185938
15 0.747656 0.561719 0.117188 0.320312
21 0.022656 0.557031 0.045312 0.039062
21 0.142969 0.550000 0.064062 0.034375
21 0.676562 0.508594 0.037500 0.017188
21 0.501563 0.519531 0.081250 0.048438
21 0.606250 0.510156 0.050000 0.042188
22 0.022656 0.557031 0.045312 0.039062
22 0.142969 0.550000 0.064062 0.034375
22 0.676562 0.508594 0.037500 0.017188
22 0.501563 0.519531 0.081250 0.048438
22 0.606250 0.510156 0.050000 0.042188