0 0.525000 0.661719 0.053125 0.020313
0 0.881250 0.624219 0.237500 0.120313
1 0.811719 0.040625 0.039062 0.021875
2 0.779687 0.767188 0.440625 0.112500
3 0.070312 0.687500 0.140625 0.065625
3 0.159375 0.665625 0.031250 0.040625
5 0.737500 0.672656 0.031250 0.035937
5 0.681250 0.681250 0.046875 0.056250
5 0.612500 0.665625 0.040625 0.025000
5 0.582812 0.674219 0.015625 0.042188
5 0.543750 0.684375 0.053125 0.065625
11 0.236719 0.665625 0.123438 0.090625
11 0.742969 0.647656 0.045312 0.067187
11 0.676562 0.662500 0.056250 0.096875
11 0.603906 0.632812 0.057813 0.040625
11 0.071094 0.642188 0.142187 0.065625
11 0.439844 0.656250 0.260937 0.096875
11 0.222656 0.617969 0.151562 0.020313
21 0.266406 0.704688 0.045312 0.025000
21 0.144531 0.716406 0.123438 0.048438
21 0.403125 0.697656 0.037500 0.023438
21 0.777344 0.706250 0.076563 0.062500
22 0.266406 0.704688 0.045312 0.025000
22 0.144531 0.716406 0.123438 0.048438
22 0.403125 0.697656 0.037500 0.023438
22 0.777344 0.706250 0.076563 0.062500