0 0.639844 0.823438 0.020313 0.031250
0 0.597656 0.822656 0.060937 0.042188
2 0.952344 0.967187 0.095312 0.034375
2 0.765625 0.925000 0.262500 0.075000
2 0.209375 0.891406 0.062500 0.017188
3 0.148438 0.871875 0.059375 0.037500
3 0.206250 0.860938 0.053125 0.037500
3 0.662500 0.847656 0.062500 0.020313
3 0.578125 0.849219 0.100000 0.023438
3 0.251563 0.852344 0.031250 0.029687
3 0.792969 0.859375 0.192188 0.106250
3 0.944531 0.857812 0.110937 0.112500
4 0.692187 0.795312 0.012500 0.118750
4 0.434375 0.769531 0.037500 0.192188
21 0.477344 0.862500 0.082812 0.053125
22 0.477344 0.862500 0.082812 0.053125