0 0.153906 0.646875 0.026562 0.034375
0 0.506250 0.628906 0.025000 0.051562
0 0.193750 0.626563 0.034375 0.065625
0 0.600000 0.605469 0.050000 0.039062
0 0.027344 0.593750 0.054688 0.037500
0 0.097656 0.616406 0.079687 0.085938
0 0.235937 0.571875 0.046875 0.043750
0 0.940625 0.536719 0.056250 0.039062
1 0.463281 0.081250 0.045312 0.021875
2 0.740625 0.726562 0.481250 0.128125
2 0.146875 0.668750 0.078125 0.025000
3 0.953125 0.621094 0.093750 0.139063
5 0.081250 0.665625 0.046875 0.018750
5 0.025781 0.666406 0.051562 0.020313
5 0.593750 0.639844 0.037500 0.035937
5 0.652344 0.620313 0.039062 0.096875
5 0.751563 0.611719 0.134375 0.110937
6 0.209375 0.646094 0.050000 0.057813
6 0.078906 0.633594 0.042188 0.045312
6 0.026562 0.633594 0.053125 0.045312
8 0.442969 0.625000 0.104688 0.175000
13 0.028125 0.551562 0.056250 0.046875
13 0.297656 0.554688 0.204687 0.081250
13 0.110156 0.535156 0.101562 0.054688
21 0.314844 0.643750 0.154688 0.040625
22 0.314844 0.643750 0.154688 0.040625