0 0.688281 0.463281 0.014063 0.051562
0 0.664844 0.462500 0.026562 0.050000
0 0.616406 0.462500 0.039062 0.071875
0 0.411719 0.440625 0.014063 0.046875
0 0.436719 0.442188 0.014063 0.106250
0 0.495312 0.435937 0.087500 0.103125
0 0.369531 0.396875 0.007812 0.062500
0 0.065625 0.414062 0.121875 0.100000
0 0.351562 0.416406 0.012500 0.145313
0 0.316406 0.410938 0.035937 0.159375
0 0.887500 0.349219 0.068750 0.039062
0 0.771875 0.407813 0.125000 0.156250
0 0.970313 0.346875 0.021875 0.037500
0 0.223438 0.396094 0.140625 0.145313
0 0.979688 0.376563 0.040625 0.125000
0 0.936719 0.366406 0.007812 0.145313
2 0.031250 0.956250 0.062500 0.087500
2 0.162500 0.901563 0.143750 0.187500
2 0.285156 0.730469 0.064062 0.073438
2 0.350000 0.687500 0.037500 0.071875
2 0.389844 0.643750 0.023438 0.037500
2 0.165625 0.720313 0.331250 0.206250
2 0.474219 0.589844 0.045312 0.039062
2 0.810156 0.582812 0.095312 0.046875
3 0.003906 0.645312 0.007812 0.146875
3 0.053906 0.633594 0.014063 0.139063
3 0.885156 0.567187 0.064062 0.087500
3 0.249219 0.602344 0.314063 0.167187
4 0.582031 0.435156 0.010937 0.104688
4 0.548438 0.424219 0.021875 0.110937
4 0.655469 0.411719 0.017188 0.095312
4 0.707031 0.366406 0.026562 0.079687
4 0.603906 0.395313 0.026562 0.206250
4 0.005469 0.350000 0.010937 0.159375
4 0.362500 0.386719 0.021875 0.285938
4 0.552344 0.295312 0.032813 0.109375
4 0.338281 0.340625 0.017188 0.384375
4 0.801562 0.360938 0.115625 0.440625
4 0.443750 0.301563 0.118750 0.540625
4 0.939063 0.264062 0.050000 0.528125
5 0.436719 0.514062 0.014063 0.037500
5 0.392188 0.519531 0.053125 0.048438
5 0.149219 0.514844 0.032813 0.042188
5 0.111719 0.514844 0.039062 0.042188
5 0.275781 0.513281 0.117188 0.048438
5 0.459375 0.509375 0.012500 0.043750
5 0.532031 0.504687 0.060937 0.050000
5 0.812500 0.501563 0.050000 0.121875
5 0.981250 0.476562 0.037500 0.075000
5 0.935937 0.479687 0.012500 0.081250
5 0.884375 0.500000 0.065625 0.121875
6 0.739844 0.484375 0.029687 0.040625
6 0.819531 0.482812 0.026562 0.043750
18 0.714063 0.489844 0.018750 0.042188
18 0.889062 0.385937 0.065625 0.087500
21 0.933594 0.671094 0.132812 0.317188
21 0.196875 0.517188 0.071875 0.050000
21 0.718750 0.530469 0.165625 0.092188
21 0.578125 0.510156 0.040625 0.054688
22 0.933594 0.671094 0.132812 0.317188
22 0.196875 0.517188 0.071875 0.050000
22 0.718750 0.530469 0.165625 0.092188
22 0.578125 0.510156 0.040625 0.054688