0 0.807031 0.573438 0.032813 0.056250
0 0.859375 0.564844 0.065625 0.073438
0 0.317188 0.566406 0.059375 0.079687
0 0.376563 0.527344 0.043750 0.160938
0 0.382031 0.484375 0.048438 0.115625
0 0.500000 0.307812 1.000000 0.615625
1 0.316406 0.387500 0.020313 0.056250
2 0.439844 0.756250 0.879687 0.093750
2 0.731250 0.661719 0.087500 0.010937
2 0.586719 0.662500 0.104688 0.012500
2 0.442969 0.664062 0.048438 0.015625
2 0.317969 0.664062 0.079687 0.015625
3 0.313281 0.620313 0.020313 0.028125
3 0.137500 0.625000 0.137500 0.037500
3 0.744531 0.621875 0.035937 0.037500
3 0.807031 0.616406 0.032813 0.029687
10 0.332031 0.629687 0.032813 0.068750
21 0.807813 0.623437 0.031250 0.037500
21 0.578125 0.609375 0.043750 0.021875
21 0.036719 0.627344 0.073438 0.060937
21 0.849219 0.619531 0.045312 0.057813
21 0.232813 0.620313 0.125000 0.068750
21 0.506250 0.600000 0.031250 0.087500
21 0.456250 0.595313 0.050000 0.078125
22 0.807813 0.623437 0.031250 0.037500
22 0.578125 0.609375 0.043750 0.021875
22 0.036719 0.627344 0.073438 0.060937
22 0.849219 0.619531 0.045312 0.057813
22 0.232813 0.620313 0.125000 0.068750
22 0.506250 0.600000 0.031250 0.087500
22 0.456250 0.595313 0.050000 0.078125