0 0.846094 0.196875 0.067187 0.134375
0 0.940625 0.128125 0.118750 0.256250
0 0.539844 0.168750 0.689063 0.337500
0 0.082812 0.182031 0.165625 0.364063
2 0.148438 0.693750 0.296875 0.612500
2 0.277344 0.359375 0.070312 0.031250
2 0.482031 0.311719 0.092188 0.014063
2 0.840625 0.269531 0.318750 0.057813
3 0.047656 0.382812 0.095312 0.084375
5 0.047656 0.414844 0.095312 0.067187
5 0.205469 0.371094 0.026562 0.023438
8 0.614844 0.207031 0.232813 0.229687
17 0.316406 0.525000 0.051562 0.121875
17 0.313281 0.410156 0.026562 0.092188
21 0.441406 0.295312 0.023438 0.031250
22 0.441406 0.295312 0.023438 0.031250