0 0.524219 0.321094 0.085938 0.032813
0 0.821875 0.316406 0.021875 0.035937
0 0.128906 0.323437 0.039062 0.053125
0 0.186719 0.303125 0.073438 0.078125
0 0.910156 0.274219 0.045312 0.060937
2 0.128125 0.757812 0.256250 0.484375
2 0.704688 0.396094 0.590625 0.042188
3 0.593750 0.355469 0.118750 0.039062
3 0.752344 0.357031 0.101562 0.045312
3 0.677344 0.356250 0.042188 0.043750
3 0.828906 0.356250 0.039062 0.046875
3 0.870313 0.356250 0.021875 0.050000
3 0.913281 0.355469 0.017188 0.051562
3 0.971094 0.353906 0.057813 0.054688
5 0.472656 0.353125 0.129688 0.031250
5 0.374219 0.350000 0.045312 0.028125
21 0.146875 0.371875 0.059375 0.050000
22 0.146875 0.371875 0.059375 0.050000