0 0.592187 0.526563 0.184375 0.240625
0 0.185938 0.452344 0.371875 0.401562
2 0.852344 0.680469 0.295312 0.029687
2 0.635938 0.660937 0.121875 0.021875
2 0.213281 0.657031 0.426563 0.095312
3 0.646875 0.594531 0.106250 0.042188
3 0.801562 0.576562 0.187500 0.043750
4 0.322656 0.426563 0.020313 0.093750
4 0.914062 0.513281 0.046875 0.326562
5 0.328906 0.639062 0.029687 0.040625
5 0.642969 0.629687 0.114062 0.068750
5 0.875000 0.609375 0.025000 0.031250
5 0.243750 0.628906 0.121875 0.073438
5 0.164844 0.622656 0.042188 0.079687
5 0.775000 0.628125 0.146875 0.093750
8 0.465625 0.610938 0.100000 0.106250