0 0.907813 0.698438 0.184375 0.103125
0 0.621094 0.682031 0.107813 0.095312
0 0.549219 0.667188 0.026562 0.065625
0 0.398438 0.665625 0.034375 0.078125
0 0.342187 0.648438 0.075000 0.178125
0 0.824219 0.565625 0.070312 0.143750
0 0.739844 0.582031 0.092188 0.182812
0 0.142969 0.553125 0.204687 0.271875
2 0.158594 0.872656 0.317188 0.229687
3 0.641406 0.739844 0.042188 0.023438
4 0.395313 0.610938 0.053125 0.243750
4 0.332813 0.501563 0.100000 0.503125
5 0.310937 0.709375 0.025000 0.087500
5 0.275000 0.705469 0.034375 0.089063
21 0.498437 0.736719 0.050000 0.045312
21 0.428906 0.732031 0.054688 0.067187
21 0.578906 0.747656 0.098437 0.114062
21 0.827344 0.792188 0.345313 0.265625
22 0.498437 0.736719 0.050000 0.045312
22 0.428906 0.732031 0.054688 0.067187
22 0.578906 0.747656 0.098437 0.114062
22 0.827344 0.792188 0.345313 0.265625