0 0.042969 0.574219 0.035937 0.070312
0 0.883594 0.554688 0.014063 0.062500
0 0.938281 0.544531 0.079687 0.082812
0 0.715625 0.514844 0.025000 0.039062
0 0.882812 0.496094 0.018750 0.042188
0 0.670312 0.507031 0.009375 0.076563
0 0.612500 0.559375 0.253125 0.203125
0 0.147656 0.396094 0.295312 0.792188
1 0.189062 0.198437 0.034375 0.062500
5 0.344531 0.588281 0.045312 0.023438
5 0.202344 0.586719 0.060937 0.029687
21 0.022656 0.664844 0.045312 0.120313
21 0.248438 0.651563 0.025000 0.100000
21 0.818750 0.724219 0.362500 0.254688
21 0.616406 0.624219 0.048438 0.054688
21 0.201563 0.642969 0.065625 0.092188
21 0.735938 0.605469 0.028125 0.026562
21 0.520312 0.652344 0.137500 0.120313
21 0.343750 0.649219 0.162500 0.114062
22 0.022656 0.664844 0.045312 0.120313
22 0.248438 0.651563 0.025000 0.100000
22 0.818750 0.724219 0.362500 0.254688
22 0.616406 0.624219 0.048438 0.054688
22 0.201563 0.642969 0.065625 0.092188
22 0.735938 0.605469 0.028125 0.026562
22 0.520312 0.652344 0.137500 0.120313
22 0.343750 0.649219 0.162500 0.114062