0 0.142187 0.757812 0.284375 0.212500
0 0.914062 0.387500 0.171875 0.775000
0 0.652344 0.289844 0.373437 0.579688
0 0.239844 0.332813 0.479687 0.665625
1 0.885938 0.042969 0.025000 0.039062
1 0.803125 0.032813 0.025000 0.040625
2 0.059375 0.889062 0.018750 0.071875
2 0.135937 0.846875 0.112500 0.168750
2 0.434375 0.842187 0.187500 0.200000
2 0.922656 0.762500 0.154688 0.068750
2 0.240625 0.736719 0.037500 0.045312
2 0.346875 0.692187 0.028125 0.053125
2 0.418750 0.705469 0.100000 0.110937
8 0.487500 0.578906 0.043750 0.057813
8 0.701562 0.685156 0.287500 0.332813
21 0.933594 0.938281 0.132812 0.089063
21 0.626563 0.768750 0.240625 0.315625
22 0.933594 0.938281 0.132812 0.089063
22 0.626563 0.768750 0.240625 0.315625