0 0.246875 0.609375 0.018750 0.046875
0 0.208594 0.600000 0.051562 0.065625
0 0.708594 0.588281 0.079687 0.095312
0 0.102344 0.576562 0.026562 0.084375
0 0.656250 0.503906 0.175000 0.257812
0 0.795312 0.318750 0.409375 0.637500
0 0.258594 0.319531 0.517188 0.639062
2 0.832031 0.739844 0.335938 0.142187
3 0.957031 0.724219 0.085938 0.076563
3 0.863281 0.691406 0.039062 0.054688
3 0.746094 0.677344 0.051562 0.029687
3 0.810156 0.691406 0.060937 0.070312
21 0.691406 0.634375 0.032813 0.034375
21 0.177344 0.626563 0.032813 0.025000
21 0.445312 0.633594 0.100000 0.042188
21 0.559375 0.628125 0.121875 0.040625
21 0.092969 0.661719 0.185938 0.242188
22 0.691406 0.634375 0.032813 0.034375
22 0.177344 0.626563 0.032813 0.025000
22 0.445312 0.633594 0.100000 0.042188
22 0.559375 0.628125 0.121875 0.040625
22 0.092969 0.661719 0.185938 0.242188