0 0.358594 0.685937 0.051562 0.021875
0 0.550781 0.675781 0.148438 0.110937
0 0.145313 0.629687 0.031250 0.037500
0 0.440625 0.662500 0.068750 0.134375
1 0.848437 0.367188 0.037500 0.025000
2 0.839063 0.770312 0.321875 0.028125
2 0.225000 0.724219 0.093750 0.017188
10 0.363281 0.772656 0.064062 0.082812
10 0.093750 0.769531 0.187500 0.242188
14 0.369531 0.721875 0.045312 0.056250
14 0.098437 0.729688 0.103125 0.225000
21 0.485938 0.744531 0.028125 0.039062
21 0.425781 0.750781 0.082812 0.051562
21 0.595313 0.761719 0.168750 0.101562
22 0.485938 0.744531 0.028125 0.039062
22 0.425781 0.750781 0.082812 0.051562
22 0.595313 0.761719 0.168750 0.101562