0 0.365625 0.573438 0.021875 0.056250
0 0.392969 0.559375 0.026562 0.031250
0 0.631250 0.519531 0.028125 0.045312
0 0.219531 0.549219 0.095312 0.173437
0 0.341406 0.536719 0.139063 0.167187
0 0.200000 0.452344 0.059375 0.057813
0 0.898438 0.422656 0.203125 0.154688
0 0.134375 0.364844 0.268750 0.620313
2 0.091406 0.663281 0.126562 0.029687
2 0.251563 0.632031 0.112500 0.035937
4 0.195312 0.535156 0.062500 0.239063
4 0.589063 0.485156 0.037500 0.235937
4 0.557813 0.253125 0.018750 0.109375
9 0.794531 0.534375 0.079687 0.068750
21 0.390625 0.592969 0.037500 0.039062
21 0.502344 0.571875 0.079687 0.043750
21 0.835156 0.504687 0.054688 0.050000
22 0.390625 0.592969 0.037500 0.039062
22 0.502344 0.571875 0.079687 0.043750
22 0.835156 0.504687 0.054688 0.050000