0 0.342187 0.559375 0.203125 0.109375
0 0.128125 0.498437 0.040625 0.025000
0 0.025000 0.480469 0.043750 0.054688
2 0.963281 0.781250 0.073438 0.015625
2 0.791406 0.784375 0.079687 0.053125
2 0.878125 0.774219 0.071875 0.042188
2 0.899219 0.757812 0.026562 0.021875
2 0.961719 0.750781 0.076563 0.029687
4 0.094531 0.551562 0.189062 0.506250
7 0.875000 0.731250 0.031250 0.087500
21 0.525000 0.716406 0.050000 0.051562
21 0.450000 0.711719 0.043750 0.042188
21 0.667188 0.747656 0.168750 0.167187
22 0.525000 0.716406 0.050000 0.051562
22 0.450000 0.711719 0.043750 0.042188
22 0.667188 0.747656 0.168750 0.167187