0 0.026562 0.646875 0.043750 0.015625
0 0.700781 0.603125 0.145313 0.087500
2 0.529687 0.658594 0.050000 0.014063
5 0.903125 0.626563 0.121875 0.056250
21 0.941406 0.684375 0.085938 0.053125
21 0.069531 0.651563 0.079687 0.021875
21 0.146094 0.653125 0.057813 0.037500
21 0.895312 0.642188 0.053125 0.018750
21 0.214062 0.645312 0.078125 0.028125
21 0.610156 0.665625 0.148438 0.087500
21 0.382031 0.650781 0.251563 0.073438
22 0.941406 0.684375 0.085938 0.053125
22 0.069531 0.651563 0.079687 0.021875
22 0.146094 0.653125 0.057813 0.037500
22 0.895312 0.642188 0.053125 0.018750
22 0.214062 0.645312 0.078125 0.028125
22 0.610156 0.665625 0.148438 0.087500
22 0.382031 0.650781 0.251563 0.073438