0 0.756250 0.236719 0.043750 0.104688
0 0.471875 0.221875 0.031250 0.103125
0 0.696094 0.153125 0.070312 0.243750
0 0.863281 0.200781 0.273438 0.401562
0 0.511719 0.140625 0.289062 0.281250
0 0.156250 0.168750 0.312500 0.337500
2 0.500000 0.697656 1.000000 0.604688
2 0.910156 0.439844 0.179688 0.092188
2 0.307031 0.284375 0.057813 0.078125
3 0.153125 0.390625 0.287500 0.137500
10 0.310937 0.321875 0.040625 0.050000
10 0.930469 0.369531 0.139063 0.148438
10 0.344531 0.318750 0.026562 0.050000
21 0.368750 0.303125 0.034375 0.071875
21 0.598437 0.420312 0.462500 0.359375
21 0.332031 0.275000 0.035937 0.075000
22 0.368750 0.303125 0.034375 0.071875
22 0.598437 0.420312 0.462500 0.359375
22 0.332031 0.275000 0.035937 0.075000