0 0.332813 0.585938 0.028125 0.084375
0 0.820312 0.567969 0.028125 0.114062
0 0.321875 0.398438 0.643750 0.578125
0 0.832812 0.329688 0.334375 0.659375
1 0.934375 0.481250 0.034375 0.031250
1 0.964844 0.475000 0.020313 0.031250
1 0.942969 0.441406 0.026562 0.032813
2 0.789062 0.675781 0.096875 0.032813
2 0.990625 0.680469 0.018750 0.048438
6 0.450781 0.647656 0.079687 0.101562
6 0.142187 0.690625 0.284375 0.253125
8 0.507031 0.632812 0.039062 0.040625
10 0.314844 0.624219 0.067187 0.045312
21 0.307031 0.678906 0.123438 0.089063
21 0.598437 0.654687 0.218750 0.056250
21 0.898438 0.649219 0.175000 0.139063
22 0.307031 0.678906 0.123438 0.089063
22 0.598437 0.654687 0.218750 0.056250
22 0.898438 0.649219 0.175000 0.139063