0 0.726562 0.438281 0.015625 0.076563
0 0.601562 0.422656 0.040625 0.079687
0 0.790625 0.347656 0.103125 0.260937
0 0.920312 0.322656 0.159375 0.248438
0 0.051562 0.137500 0.034375 0.050000
0 0.128125 0.155469 0.106250 0.104688
2 0.511719 0.612500 0.139063 0.231250
3 0.611719 0.484375 0.014063 0.040625
4 0.562500 0.287500 0.053125 0.575000
4 0.390625 0.171875 0.021875 0.343750
5 0.282813 0.826562 0.368750 0.346875
5 0.488281 0.496875 0.092188 0.056250
5 0.957031 0.468750 0.085938 0.050000
5 0.475000 0.385156 0.159375 0.132812
5 0.189844 0.236719 0.379688 0.201563
8 0.825000 0.441406 0.109375 0.185938
21 0.907813 0.466406 0.015625 0.042188
21 0.889844 0.466406 0.020313 0.054688
22 0.907813 0.466406 0.015625 0.042188
22 0.889844 0.466406 0.020313 0.054688