0 0.771094 0.582812 0.051562 0.071875
0 0.686719 0.553906 0.032813 0.039062
0 0.828125 0.557031 0.065625 0.054688
0 0.930469 0.564844 0.139063 0.098437
0 0.627344 0.509375 0.101562 0.112500
0 0.118750 0.472656 0.237500 0.248438
0 0.396094 0.391406 0.314063 0.392188
0 0.852344 0.302344 0.295312 0.264062
2 0.247656 0.810156 0.495312 0.379688
2 0.753125 0.618750 0.062500 0.018750
10 0.055469 0.599219 0.110937 0.142187
13 0.596875 0.511719 0.040625 0.064062
21 0.891406 0.621875 0.217188 0.081250
21 0.045312 0.642188 0.090625 0.131250
21 0.564844 0.675781 0.373437 0.229687
21 0.311719 0.570312 0.026562 0.021875
21 0.288281 0.584375 0.020313 0.065625
22 0.891406 0.621875 0.217188 0.081250
22 0.045312 0.642188 0.090625 0.131250
22 0.564844 0.675781 0.373437 0.229687
22 0.311719 0.570312 0.026562 0.021875
22 0.288281 0.584375 0.020313 0.065625