0 0.299219 0.567969 0.020313 0.035937
0 0.278125 0.569531 0.018750 0.039062
0 0.371875 0.545312 0.121875 0.062500
0 0.033594 0.425000 0.067187 0.059375
6 0.351562 0.638281 0.053125 0.042188
11 0.450000 0.587500 0.578125 0.137500
11 0.773438 0.533594 0.046875 0.032813
11 0.817187 0.536719 0.031250 0.042188
21 0.173437 0.660156 0.053125 0.023438
21 0.591406 0.711719 0.260937 0.129688
21 0.892969 0.704688 0.214062 0.131250
21 0.344531 0.682031 0.210938 0.135937
21 0.190625 0.582812 0.056250 0.018750
22 0.173437 0.660156 0.053125 0.023438
22 0.591406 0.711719 0.260937 0.129688
22 0.892969 0.704688 0.214062 0.131250
22 0.344531 0.682031 0.210938 0.135937
22 0.190625 0.582812 0.056250 0.018750