0 0.098437 0.741406 0.018750 0.042188
0 0.256250 0.739844 0.278125 0.242188
0 0.453125 0.626563 0.100000 0.184375
0 0.938281 0.596875 0.123438 0.215625
1 0.028906 0.396094 0.023438 0.035937
3 0.419531 0.779687 0.020313 0.040625
3 0.471875 0.760156 0.062500 0.092188
3 0.920312 0.703125 0.121875 0.040625
4 0.693750 0.669531 0.018750 0.067187
4 0.308594 0.592969 0.057813 0.114062
4 0.371094 0.590625 0.039062 0.131250
4 0.408594 0.577344 0.026562 0.160938
4 0.101562 0.671094 0.084375 0.404687
4 0.867188 0.450781 0.265625 0.623437
4 0.059375 0.450781 0.118750 0.901563
21 0.073438 0.807813 0.018750 0.071875
21 0.112500 0.798438 0.046875 0.081250
21 0.191406 0.796094 0.032813 0.085938
21 0.148438 0.790625 0.037500 0.103125
21 0.500000 0.849219 1.000000 0.301563
22 0.073438 0.807813 0.018750 0.071875
22 0.112500 0.798438 0.046875 0.081250
22 0.191406 0.796094 0.032813 0.085938
22 0.148438 0.790625 0.037500 0.103125
22 0.500000 0.849219 1.000000 0.301563