0 0.582031 0.609375 0.023438 0.028125
0 0.453125 0.603125 0.025000 0.040625
0 0.400781 0.588281 0.067187 0.064062
0 0.346875 0.582812 0.040625 0.071875
0 0.312500 0.579688 0.025000 0.071875
0 0.246094 0.564844 0.082812 0.089063
0 0.914062 0.353906 0.171875 0.301563
3 0.371875 0.654687 0.018750 0.062500
3 0.342187 0.650000 0.037500 0.062500
3 0.203906 0.644531 0.223438 0.085938
4 0.563281 0.550000 0.029687 0.206250
4 0.442188 0.542969 0.025000 0.223438
5 0.270313 0.675000 0.081250 0.031250
5 0.453906 0.633594 0.029687 0.026562
5 0.399219 0.632031 0.064062 0.029687
13 0.533594 0.613281 0.054688 0.035937
21 0.503125 0.635156 0.028125 0.029687
22 0.503125 0.635156 0.028125 0.029687