0 0.217969 0.642188 0.023438 0.109375
0 0.355469 0.614844 0.035937 0.129688
0 0.286719 0.585156 0.085938 0.189062
0 0.746875 0.463281 0.506250 0.592187
0 0.189062 0.361719 0.378125 0.723437
2 0.039844 0.873437 0.079687 0.050000
2 0.839063 0.721875 0.134375 0.040625
2 0.235937 0.764062 0.300000 0.168750
6 0.595313 0.648438 0.031250 0.028125
6 0.432812 0.654687 0.046875 0.090625
9 0.153906 0.725000 0.092188 0.134375
9 0.274219 0.671875 0.057813 0.040625
10 0.933594 0.756250 0.085938 0.109375
13 0.479687 0.631250 0.046875 0.037500
14 0.932031 0.712500 0.054688 0.140625
21 0.696094 0.689063 0.085938 0.103125
21 0.552344 0.688281 0.142187 0.107813
22 0.696094 0.689063 0.085938 0.103125
22 0.552344 0.688281 0.142187 0.107813