0 0.744531 0.612500 0.082812 0.140625
0 0.646875 0.610156 0.050000 0.145313
0 0.846875 0.549219 0.046875 0.135937
0 0.338281 0.486719 0.057813 0.060937
0 0.950000 0.482031 0.100000 0.132812
1 0.078906 0.159375 0.032813 0.021875
2 0.855469 0.733594 0.035937 0.104688
2 0.749219 0.832812 0.260937 0.334375
3 0.766406 0.651563 0.048438 0.046875
3 0.916406 0.785156 0.167187 0.429688
6 0.507031 0.628125 0.067187 0.100000
21 0.553125 0.646875 0.034375 0.040625
21 0.236719 0.669531 0.473438 0.660937
22 0.553125 0.646875 0.034375 0.040625
22 0.236719 0.669531 0.473438 0.660937