0 0.514062 0.535937 0.021875 0.034375
0 0.572656 0.535937 0.079687 0.050000
0 0.507812 0.120313 0.059375 0.065625
0 0.228906 0.288281 0.457813 0.576562
1 0.545312 0.372656 0.015625 0.039062
2 0.875000 0.885938 0.250000 0.228125
2 0.892969 0.599219 0.098437 0.020313
2 0.685937 0.603125 0.071875 0.034375
2 0.752344 0.600000 0.057813 0.031250
2 0.566406 0.595313 0.129688 0.053125
4 0.527344 0.487500 0.045312 0.256250
4 0.740625 0.463281 0.031250 0.298438
4 0.712500 0.410156 0.031250 0.410938
4 0.060937 0.374219 0.118750 0.339062
4 0.475000 0.257031 0.112500 0.167187
4 0.728906 0.194531 0.026562 0.145313
9 0.640625 0.605469 0.018750 0.060937
15 0.592187 0.564844 0.021875 0.060937
15 0.636719 0.571875 0.035937 0.103125
21 0.145313 0.689844 0.290625 0.307812
21 0.392969 0.567969 0.185938 0.073438
22 0.145313 0.689844 0.290625 0.307812
22 0.392969 0.567969 0.185938 0.073438