0 0.805469 0.318750 0.389062 0.637500
0 0.303125 0.400000 0.606250 0.800000
2 0.080469 0.832812 0.160938 0.146875
2 0.383594 0.718750 0.029687 0.053125
2 0.419531 0.706250 0.032813 0.043750
10 0.175000 0.763281 0.103125 0.185938
10 0.272656 0.742188 0.079687 0.159375
10 0.472656 0.676562 0.010937 0.056250
10 0.338281 0.717187 0.073438 0.162500
10 0.450781 0.676562 0.042188 0.093750
21 0.608594 0.635938 0.048438 0.037500
21 0.523438 0.658594 0.112500 0.082812
21 0.817187 0.713281 0.365625 0.392188
22 0.608594 0.635938 0.048438 0.037500
22 0.523438 0.658594 0.112500 0.082812
22 0.817187 0.713281 0.365625 0.392188