0 0.680469 0.500781 0.054688 0.032813
0 0.039062 0.496875 0.078125 0.087500
0 0.260156 0.418750 0.351562 0.256250
0 0.887500 0.365625 0.225000 0.415625
2 0.121094 0.614062 0.073438 0.012500
2 0.826562 0.577344 0.090625 0.014063
3 0.046875 0.589844 0.034375 0.042188
3 0.564844 0.582812 0.148438 0.040625
3 0.434375 0.563281 0.056250 0.035937
3 0.039062 0.575781 0.078125 0.073438
3 0.373437 0.554688 0.062500 0.034375
3 0.238281 0.575000 0.207813 0.075000
3 0.107813 0.573438 0.046875 0.071875
3 0.889844 0.540625 0.048438 0.034375
3 0.950781 0.549219 0.067187 0.060937
3 0.994531 0.548438 0.010937 0.062500
17 0.017188 0.645312 0.034375 0.106250
17 0.163281 0.620313 0.039062 0.071875
17 0.482812 0.571094 0.053125 0.029687
20 0.847656 0.562500 0.023438 0.031250
21 0.941406 0.564063 0.048438 0.034375
21 0.739844 0.560937 0.085938 0.043750
22 0.941406 0.564063 0.048438 0.034375
22 0.739844 0.560937 0.085938 0.043750