0 0.155469 0.722656 0.032813 0.060937
0 0.203906 0.692969 0.017188 0.042188
0 0.153906 0.650000 0.054688 0.056250
0 0.204687 0.634375 0.043750 0.053125
0 0.888281 0.506250 0.032813 0.025000
0 0.983594 0.503125 0.032813 0.025000
0 0.399219 0.523438 0.026562 0.140625
0 0.666406 0.453906 0.117188 0.101562
0 0.478906 0.485156 0.117188 0.207813
0 0.880469 0.364063 0.073438 0.056250
0 0.959375 0.338281 0.071875 0.051562
0 0.222656 0.350781 0.445312 0.701562
1 0.403906 0.115625 0.035937 0.056250
2 0.516406 0.772656 0.967187 0.454688
2 0.660156 0.529687 0.064062 0.028125
7 0.217188 0.699219 0.015625 0.051562
7 0.235156 0.698438 0.017188 0.056250
7 0.241406 0.660156 0.057813 0.126562
21 0.906250 0.571875 0.187500 0.084375
21 0.701562 0.510938 0.031250 0.025000
22 0.906250 0.571875 0.187500 0.084375
22 0.701562 0.510938 0.031250 0.025000