0 0.460938 0.626563 0.034375 0.056250
0 0.632031 0.620313 0.082812 0.050000
0 0.421875 0.620313 0.040625 0.075000
0 0.704688 0.603906 0.050000 0.064062
0 0.371875 0.598437 0.059375 0.112500
0 0.939844 0.528906 0.120313 0.173437
0 0.805469 0.528906 0.139063 0.201563
0 0.176563 0.400000 0.353125 0.546875
2 0.275781 0.717187 0.404687 0.137500
3 0.945312 0.620313 0.109375 0.053125
5 0.353125 0.629687 0.040625 0.078125
21 0.531250 0.651563 0.028125 0.028125
21 0.075000 0.574219 0.150000 0.185938
22 0.531250 0.651563 0.028125 0.028125
22 0.075000 0.574219 0.150000 0.185938