0 0.360938 0.475781 0.043750 0.089063
0 0.335938 0.396875 0.109375 0.231250
0 0.844531 0.353906 0.132812 0.157812
0 0.822656 0.254688 0.057813 0.053125
0 0.601562 0.076563 0.050000 0.050000
0 0.169531 0.228125 0.339062 0.456250
2 0.277344 0.553125 0.129688 0.065625
4 0.771875 0.365625 0.018750 0.181250
5 0.993750 0.574219 0.012500 0.104688
5 0.953906 0.573438 0.060937 0.106250
6 0.551562 0.388281 0.378125 0.645312
7 0.285938 0.518750 0.018750 0.046875
12 0.961719 0.666406 0.076563 0.023438
12 0.346094 0.596875 0.054688 0.043750
21 0.357031 0.521094 0.039062 0.023438
21 0.818750 0.581250 0.250000 0.278125
21 0.112500 0.560156 0.225000 0.382812
22 0.357031 0.521094 0.039062 0.023438
22 0.818750 0.581250 0.250000 0.278125
22 0.112500 0.560156 0.225000 0.382812