0 0.219531 0.794531 0.017188 0.048438
0 0.370312 0.754687 0.056250 0.025000
0 0.160938 0.779687 0.090625 0.084375
0 0.600781 0.752344 0.035937 0.045312
0 0.421875 0.750781 0.028125 0.057813
0 0.984375 0.758594 0.031250 0.082812
0 0.918750 0.756250 0.081250 0.087500
0 0.821094 0.756250 0.114062 0.087500
0 0.669531 0.746875 0.098437 0.075000
0 0.740625 0.747656 0.040625 0.085938
0 0.053125 0.748437 0.106250 0.193750
3 0.418750 0.789844 0.028125 0.026562
3 0.368750 0.789062 0.065625 0.028125
3 0.305469 0.789062 0.023438 0.028125
4 0.753125 0.640625 0.028125 0.346875
4 0.073438 0.376563 0.146875 0.156250
4 0.952344 0.565625 0.057813 0.600000
6 0.370312 0.765625 0.056250 0.018750
14 0.485156 0.797656 0.023438 0.064062
21 0.803906 0.794531 0.076563 0.035937
21 0.907813 0.791406 0.053125 0.032813
21 0.521094 0.799219 0.067187 0.060937
21 0.460156 0.792188 0.042188 0.046875
21 0.657813 0.812500 0.206250 0.096875
22 0.803906 0.794531 0.076563 0.035937
22 0.907813 0.791406 0.053125 0.032813
22 0.521094 0.799219 0.067187 0.060937
22 0.460156 0.792188 0.042188 0.046875
22 0.657813 0.812500 0.206250 0.096875