2 0.057031 0.707812 0.114062 0.043750
2 0.210156 0.648438 0.092188 0.053125
2 0.648438 0.593750 0.046875 0.021875
3 0.973437 0.582031 0.053125 0.120313
4 0.454688 0.474219 0.053125 0.126562
4 0.557813 0.390625 0.053125 0.303125
4 0.299219 0.390625 0.054688 0.431250
4 0.152344 0.403906 0.023438 0.548438
4 0.827344 0.281250 0.029687 0.562500
4 0.592969 0.266406 0.064062 0.532813
6 0.390625 0.566406 0.106250 0.142187
21 0.570312 0.553906 0.031250 0.039062
21 0.519531 0.553125 0.032813 0.046875
21 0.467187 0.553125 0.053125 0.068750
21 0.775781 0.651563 0.270313 0.293750
22 0.570312 0.553906 0.031250 0.039062
22 0.519531 0.553125 0.032813 0.046875
22 0.467187 0.553125 0.053125 0.068750
22 0.775781 0.651563 0.270313 0.293750