2 0.134375 0.758594 0.268750 0.010937
2 0.865625 0.774219 0.268750 0.095312
3 0.132031 0.740625 0.132812 0.040625
4 0.432031 0.602344 0.067187 0.285938
12 0.582031 0.809375 0.729688 0.078125
21 0.457031 0.744531 0.064062 0.048438
21 0.527344 0.746875 0.057813 0.059375
21 0.716406 0.725781 0.026562 0.032813
21 0.378125 0.713281 0.043750 0.020313
21 0.347656 0.713281 0.029687 0.020313
21 0.304688 0.710938 0.053125 0.025000
21 0.245312 0.705469 0.065625 0.029687
21 0.191406 0.699219 0.039062 0.026562
22 0.457031 0.744531 0.064062 0.048438
22 0.527344 0.746875 0.057813 0.059375
22 0.716406 0.725781 0.026562 0.032813
22 0.378125 0.713281 0.043750 0.020313
22 0.347656 0.713281 0.029687 0.020313
22 0.304688 0.710938 0.053125 0.025000
22 0.245312 0.705469 0.065625 0.029687
22 0.191406 0.699219 0.039062 0.026562