0 0.453906 0.584375 0.154688 0.115625
0 0.291406 0.517188 0.054688 0.100000
0 0.020313 0.391406 0.037500 0.054688
1 0.589844 0.183594 0.029687 0.020313
2 0.140625 0.705469 0.281250 0.079687
2 0.760938 0.821875 0.478125 0.356250
3 0.581250 0.650000 0.034375 0.062500
3 0.807031 0.707812 0.385937 0.246875
4 0.296875 0.586719 0.012500 0.126562
4 0.077344 0.480469 0.029687 0.414062
7 0.166406 0.650781 0.129688 0.079687
8 0.428125 0.627344 0.037500 0.048438
21 0.376563 0.642969 0.025000 0.023438
21 0.484375 0.646875 0.040625 0.043750
21 0.419531 0.642969 0.035937 0.035937
22 0.376563 0.642969 0.025000 0.023438
22 0.484375 0.646875 0.040625 0.043750
22 0.419531 0.642969 0.035937 0.035937