0 0.478125 0.625781 0.015625 0.054688
0 0.485938 0.565625 0.034375 0.059375
0 0.453125 0.591406 0.028125 0.117188
0 0.392188 0.589844 0.090625 0.160938
0 0.173437 0.510938 0.346875 0.375000
0 0.789844 0.367188 0.420312 0.734375
2 0.029687 0.707812 0.059375 0.028125
2 0.766406 0.728125 0.467187 0.112500
2 0.306250 0.684375 0.303125 0.037500
4 0.481250 0.569531 0.109375 0.195312
4 0.357031 0.516406 0.048438 0.320312
9 0.114062 0.707031 0.125000 0.092188
15 0.110937 0.649219 0.075000 0.123438
16 0.616406 0.715625 0.026562 0.056250
21 0.512500 0.660937 0.034375 0.037500
22 0.512500 0.660937 0.034375 0.037500