0 0.838281 0.653125 0.029687 0.040625
0 0.643750 0.626563 0.028125 0.031250
0 0.353125 0.607031 0.059375 0.101562
0 0.787500 0.589844 0.028125 0.085938
0 0.289062 0.560156 0.018750 0.073438
0 0.309375 0.559375 0.021875 0.084375
0 0.848437 0.590625 0.062500 0.162500
0 0.810156 0.567187 0.017188 0.115625
0 0.032813 0.571875 0.065625 0.206250
0 0.333594 0.448437 0.148438 0.153125
0 0.019531 0.372656 0.039062 0.157812
0 0.726562 0.339844 0.546875 0.679688
0 0.153125 0.344531 0.306250 0.689063
3 0.873437 0.707812 0.031250 0.031250
3 0.070312 0.717969 0.140625 0.064062
4 0.760938 0.553906 0.265625 0.239063
21 0.943750 0.715625 0.053125 0.062500
21 0.982031 0.705469 0.014063 0.067187
21 0.061719 0.676562 0.123438 0.021875
21 0.535937 0.702344 0.653125 0.223438
22 0.943750 0.715625 0.053125 0.062500
22 0.982031 0.705469 0.014063 0.067187
22 0.061719 0.676562 0.123438 0.021875
22 0.535937 0.702344 0.653125 0.223438