0 0.217969 0.666406 0.020313 0.057813
0 0.570312 0.658594 0.025000 0.045312
0 0.192188 0.664062 0.028125 0.056250
0 0.668750 0.664844 0.015625 0.082812
0 0.475781 0.642188 0.135937 0.090625
0 0.071094 0.577344 0.064062 0.035937
0 0.008594 0.616406 0.014063 0.120313
0 0.178125 0.577344 0.140625 0.107813
0 0.299219 0.571875 0.098437 0.115625
0 0.645312 0.599219 0.025000 0.198437
0 0.639844 0.469531 0.017188 0.054688
0 0.478125 0.535156 0.268750 0.295312
0 0.745313 0.550781 0.231250 0.335938
0 0.830469 0.413281 0.339062 0.620313
2 0.767969 0.739844 0.464062 0.073438
3 0.633594 0.714844 0.048438 0.026562
3 0.584375 0.708594 0.043750 0.020313
12 0.447656 0.748437 0.454688 0.015625