0 0.805469 0.760938 0.032813 0.084375
0 0.736719 0.751563 0.085938 0.100000
0 0.182812 0.713281 0.137500 0.114062
0 0.060156 0.707812 0.117188 0.115625
0 0.921875 0.704688 0.156250 0.196875
0 0.795312 0.647656 0.018750 0.110937
0 0.518750 0.628906 0.518750 0.332813
2 0.924219 0.966406 0.151562 0.067187
2 0.069531 0.942969 0.139063 0.114062
2 0.913281 0.876563 0.164062 0.021875
2 0.606250 0.849219 0.259375 0.029687
2 0.050000 0.803906 0.100000 0.014063
3 0.934375 0.843750 0.131250 0.028125
3 0.761719 0.820312 0.039062 0.040625
3 0.611719 0.810156 0.239063 0.051562
3 0.453906 0.799219 0.070312 0.039062
3 0.126562 0.781250 0.031250 0.031250
3 0.052344 0.779687 0.104688 0.037500
5 0.941406 0.864844 0.117188 0.029687
5 0.760938 0.849219 0.040625 0.023438
5 0.667188 0.840625 0.121875 0.028125
5 0.544531 0.830469 0.107813 0.026562
5 0.451562 0.822656 0.065625 0.010937
5 0.850000 0.829688 0.040625 0.078125
5 0.807031 0.826562 0.029687 0.075000
7 0.435937 0.785156 0.050000 0.054688
12 0.507812 0.967969 0.631250 0.064062
12 0.932813 0.920312 0.134375 0.075000
17 0.118750 0.860938 0.062500 0.193750
21 0.282813 0.789844 0.271875 0.157812
22 0.282813 0.789844 0.271875 0.157812