0 0.105469 0.753125 0.023438 0.056250
0 0.597656 0.723437 0.060937 0.021875
0 0.367969 0.718750 0.029687 0.037500
0 0.236719 0.704688 0.035937 0.053125
0 0.871875 0.678125 0.031250 0.040625
0 0.820312 0.664062 0.050000 0.081250
0 0.788281 0.660937 0.017188 0.093750
0 0.734375 0.665625 0.090625 0.131250
3 0.970313 0.718750 0.043750 0.037500
3 0.034375 0.742188 0.068750 0.087500
3 0.908594 0.732812 0.064062 0.078125
9 0.306250 0.741406 0.021875 0.054688
9 0.771094 0.725781 0.023438 0.057813
9 0.958594 0.738281 0.082812 0.110937
15 0.310937 0.714844 0.021875 0.054688
15 0.120313 0.718750 0.034375 0.100000
21 0.162500 0.740625 0.062500 0.021875
21 0.835938 0.725000 0.090625 0.081250
21 0.591406 0.726562 0.289062 0.134375
22 0.162500 0.740625 0.062500 0.021875
22 0.835938 0.725000 0.090625 0.081250
22 0.591406 0.726562 0.289062 0.134375