0 0.992969 0.799219 0.014063 0.201563
0 0.554688 0.684375 0.018750 0.037500
0 0.659375 0.700000 0.031250 0.093750
0 0.590625 0.671094 0.043750 0.054688
0 0.268750 0.657031 0.021875 0.039062
0 0.070312 0.696094 0.037500 0.129688
0 0.008594 0.685156 0.017188 0.132812
0 0.132812 0.670312 0.075000 0.243750
0 0.812500 0.673438 0.237500 0.387500
0 0.170313 0.515625 0.043750 0.071875
0 0.289062 0.467187 0.243750 0.512500
0 0.019531 0.149219 0.035937 0.042188
1 0.275781 0.560156 0.029687 0.035937
1 0.191406 0.514844 0.026562 0.054688
2 0.958594 0.934375 0.082812 0.075000
2 0.809375 0.849219 0.231250 0.157812
3 0.489844 0.677344 0.085938 0.042188
4 0.091406 0.692187 0.035937 0.140625
4 0.690625 0.657813 0.006250 0.259375
4 0.683594 0.657813 0.010937 0.262500
4 0.550000 0.531250 0.031250 0.075000
4 0.655469 0.342969 0.076563 0.357812
4 0.161719 0.081250 0.029687 0.162500
10 0.179688 0.724219 0.037500 0.107813
11 0.502344 0.641406 0.035937 0.042188
21 0.602344 0.746875 0.107813 0.103125
21 0.318750 0.791406 0.325000 0.235937
22 0.602344 0.746875 0.107813 0.103125
22 0.318750 0.791406 0.325000 0.235937