0 0.152344 0.791406 0.023438 0.023438
0 0.992969 0.768750 0.014063 0.046875
0 0.702344 0.749219 0.039062 0.070312
0 0.260156 0.735156 0.023438 0.129688
0 0.285938 0.681250 0.021875 0.025000
0 0.323437 0.694531 0.012500 0.054688
0 0.307812 0.690625 0.015625 0.046875
0 0.356250 0.695312 0.015625 0.059375
0 0.339844 0.692187 0.014063 0.053125
0 0.477344 0.717969 0.226562 0.117188
0 0.984375 0.666406 0.031250 0.048438
0 0.359375 0.637500 0.015625 0.037500
0 0.310937 0.628906 0.018750 0.064062
0 0.288281 0.628906 0.023438 0.064062
0 0.341406 0.618750 0.020313 0.078125
0 0.460156 0.597656 0.029687 0.089063
0 0.779687 0.524219 0.046875 0.014063
0 0.686719 0.590625 0.317188 0.165625
0 0.855469 0.548438 0.023438 0.084375
0 0.375000 0.481250 0.043750 0.012500
0 0.728906 0.416406 0.204687 0.182812
0 0.221094 0.404687 0.442188 0.796875
0 0.922656 0.269531 0.154688 0.539062
2 0.182812 0.813281 0.365625 0.054688
2 0.789844 0.825000 0.420312 0.090625
5 0.070312 0.801562 0.140625 0.034375
21 0.482031 0.827344 0.160938 0.167187
22 0.482031 0.827344 0.160938 0.167187