0 0.310937 0.385937 0.040625 0.037500
0 0.686719 0.207813 0.626563 0.415625
0 0.064062 0.221094 0.128125 0.442188
21 0.065625 0.452344 0.131250 0.079687
21 0.192188 0.430469 0.078125 0.073438
21 0.350781 0.383594 0.032813 0.032813
21 0.566406 0.382812 0.098437 0.090625
21 0.986719 0.476562 0.026562 0.340625
21 0.839844 0.347656 0.270313 0.098437
22 0.065625 0.452344 0.131250 0.079687
22 0.192188 0.430469 0.078125 0.073438
22 0.350781 0.383594 0.032813 0.032813
22 0.566406 0.382812 0.098437 0.090625
22 0.986719 0.476562 0.026562 0.340625
22 0.839844 0.347656 0.270313 0.098437