0 0.482031 0.585156 0.035937 0.076563
0 0.659375 0.571094 0.084375 0.110937
0 0.965625 0.605469 0.068750 0.242188
0 0.553906 0.542188 0.045312 0.159375
0 0.172656 0.339844 0.332813 0.579688
3 0.943750 0.696094 0.012500 0.076563
3 0.860938 0.699219 0.112500 0.110937
3 0.561719 0.652344 0.051562 0.029687
3 0.584375 0.639062 0.084375 0.043750
3 0.410156 0.624219 0.079687 0.064062
3 0.333594 0.621875 0.014063 0.059375
4 0.738281 0.500781 0.007812 0.248438
5 0.380469 0.668750 0.076563 0.040625
7 0.552344 0.707031 0.017188 0.045312
21 0.503906 0.665625 0.076563 0.093750
21 0.721094 0.656250 0.051562 0.081250
22 0.503906 0.665625 0.076563 0.093750
22 0.721094 0.656250 0.051562 0.081250