0 0.878125 0.593750 0.040625 0.050000
0 0.911719 0.593750 0.023438 0.056250
0 0.357812 0.518750 0.065625 0.028125
0 0.064844 0.488281 0.129688 0.542188
3 0.171094 0.670312 0.035937 0.053125
3 0.118750 0.667969 0.031250 0.048438
3 0.948438 0.604688 0.050000 0.037500
3 0.850781 0.599219 0.026562 0.035937
3 0.384375 0.547656 0.087500 0.045312
3 0.607812 0.565625 0.359375 0.100000
13 0.865625 0.551562 0.062500 0.031250
13 0.935937 0.554688 0.075000 0.043750
13 0.518750 0.517188 0.037500 0.018750
13 0.623437 0.512500 0.156250 0.040625
13 0.361719 0.503125 0.076563 0.056250
13 0.362500 0.460938 0.103125 0.053125