0 0.467969 0.640625 0.032813 0.056250
0 0.271875 0.664062 0.037500 0.118750
0 0.152344 0.450000 0.304688 0.543750
0 0.855469 0.314844 0.289062 0.629687
2 0.879687 0.770312 0.240625 0.090625
2 0.710156 0.730469 0.092188 0.026562
2 0.654687 0.712500 0.040625 0.034375
4 0.285156 0.632031 0.135937 0.189062
4 0.124219 0.607812 0.054688 0.271875
4 0.654687 0.533594 0.065625 0.373437
21 0.028906 0.740625 0.057813 0.053125
21 0.294531 0.715625 0.048438 0.028125
21 0.421875 0.722656 0.059375 0.051562
21 0.568750 0.695312 0.053125 0.028125
21 0.615625 0.689844 0.028125 0.023438
22 0.028906 0.740625 0.057813 0.053125
22 0.294531 0.715625 0.048438 0.028125
22 0.421875 0.722656 0.059375 0.051562
22 0.568750 0.695312 0.053125 0.028125
22 0.615625 0.689844 0.028125 0.023438