0 0.249219 0.744531 0.057813 0.114062
0 0.991406 0.617969 0.017188 0.029687
0 0.109375 0.685156 0.218750 0.204687
0 0.852344 0.655469 0.257812 0.167187
4 0.633594 0.707031 0.020313 0.192188
12 0.135937 0.863281 0.271875 0.014063
12 0.336719 0.857031 0.095312 0.007812
12 0.552344 0.858594 0.314063 0.014063
12 0.069531 0.827344 0.139063 0.023438
21 0.667188 0.803125 0.050000 0.050000
21 0.613281 0.792188 0.032813 0.037500
21 0.133594 0.792969 0.267188 0.076563
21 0.389062 0.794531 0.181250 0.129688
21 0.851562 0.839063 0.296875 0.321875
22 0.667188 0.803125 0.050000 0.050000
22 0.613281 0.792188 0.032813 0.037500
22 0.133594 0.792969 0.267188 0.076563
22 0.389062 0.794531 0.181250 0.129688
22 0.851562 0.839063 0.296875 0.321875