0 0.446094 0.242188 0.051562 0.059375
0 0.212500 0.242188 0.121875 0.059375
0 0.510156 0.241406 0.076563 0.076563
0 0.323437 0.207031 0.034375 0.026562
0 0.400000 0.230469 0.034375 0.076563
0 0.637500 0.205469 0.053125 0.032813
0 0.817187 0.226562 0.068750 0.084375
0 0.887500 0.217969 0.059375 0.104688
0 0.983594 0.197656 0.032813 0.082812
0 0.950000 0.214062 0.056250 0.115625
0 0.814844 0.159375 0.067187 0.028125
0 0.837500 0.126562 0.028125 0.025000
0 0.928906 0.107031 0.142187 0.123438
2 0.805469 0.437500 0.170313 0.093750
2 0.825000 0.348438 0.184375 0.037500
2 0.300781 0.343750 0.264062 0.059375
2 0.976562 0.318750 0.046875 0.025000
3 0.221094 0.339062 0.039062 0.034375
3 0.887500 0.301563 0.059375 0.037500
3 0.392188 0.290625 0.043750 0.021875
3 0.458594 0.281250 0.073438 0.021875
3 0.530469 0.268750 0.060937 0.025000
3 0.987500 0.250000 0.025000 0.059375
4 0.839844 0.213281 0.035937 0.235937
4 0.388281 0.186719 0.064062 0.267188
4 0.689844 0.171094 0.064062 0.264062
5 0.637500 0.244531 0.056250 0.017188
8 0.680469 0.235937 0.023438 0.028125
21 0.657031 0.274219 0.054688 0.045312
21 0.723437 0.251563 0.028125 0.034375
21 0.583594 0.260156 0.054688 0.054688
21 0.759375 0.256250 0.040625 0.050000
22 0.657031 0.274219 0.054688 0.045312
22 0.723437 0.251563 0.028125 0.034375
22 0.583594 0.260156 0.054688 0.054688
22 0.759375 0.256250 0.040625 0.050000