0 0.669531 0.757812 0.073438 0.050000
0 0.317969 0.750781 0.120313 0.057813
2 0.782031 0.954688 0.189062 0.090625
2 0.660156 0.858594 0.148438 0.092188
2 0.077344 0.828125 0.154688 0.034375
2 0.794531 0.901563 0.410938 0.196875
3 0.875000 0.792969 0.250000 0.282813
4 0.149219 0.667969 0.045312 0.248438
4 0.218750 0.642969 0.115625 0.292187
4 0.542188 0.589844 0.093750 0.460938
6 0.142187 0.764844 0.025000 0.060937
6 0.092969 0.759375 0.076563 0.062500
6 0.417969 0.770312 0.051562 0.087500
21 0.605469 0.786719 0.023438 0.035937
21 0.339062 0.801562 0.090625 0.081250
21 0.193750 0.794531 0.100000 0.079687
21 0.492969 0.782813 0.114062 0.090625
22 0.605469 0.786719 0.023438 0.035937
22 0.339062 0.801562 0.090625 0.081250
22 0.193750 0.794531 0.100000 0.079687
22 0.492969 0.782813 0.114062 0.090625