0 0.256250 0.599219 0.053125 0.057813
0 0.546094 0.592969 0.023438 0.051562
0 0.218750 0.600000 0.012500 0.109375
0 0.144531 0.600000 0.132812 0.118750
0 0.032031 0.582812 0.064062 0.134375
0 0.564844 0.555469 0.051562 0.117188
0 0.201563 0.389844 0.043750 0.032813
0 0.057813 0.279687 0.115625 0.090625
0 0.796875 0.323437 0.406250 0.646875
1 0.042188 0.075000 0.037500 0.021875
2 0.176563 0.664844 0.043750 0.017188
8 0.417187 0.621094 0.106250 0.132812
11 0.492188 0.598437 0.046875 0.028125
21 0.078125 0.667969 0.156250 0.079687
21 0.293750 0.655469 0.159375 0.098437
21 0.731250 0.727344 0.537500 0.264062
22 0.078125 0.667969 0.156250 0.079687
22 0.293750 0.655469 0.159375 0.098437
22 0.731250 0.727344 0.537500 0.264062