0 0.011719 0.753125 0.023438 0.046875
0 0.609375 0.697656 0.059375 0.048438
0 0.360938 0.714844 0.118750 0.098437
0 0.497656 0.701562 0.148438 0.103125
0 0.205469 0.694531 0.201563 0.148438
0 0.193750 0.622656 0.075000 0.017188
0 0.392188 0.640625 0.178125 0.081250
0 0.253125 0.603906 0.031250 0.026562
0 0.074219 0.554688 0.148438 0.309375
1 0.619531 0.352344 0.026562 0.023438
3 0.050000 0.775781 0.034375 0.023438
21 0.428125 0.753906 0.040625 0.017188
21 0.873437 0.739062 0.059375 0.028125
21 0.567187 0.741406 0.059375 0.035937
21 0.496094 0.742969 0.048438 0.045312
22 0.428125 0.753906 0.040625 0.017188
22 0.873437 0.739062 0.059375 0.028125
22 0.567187 0.741406 0.059375 0.035937
22 0.496094 0.742969 0.048438 0.045312