0 0.500781 0.524219 0.060937 0.045312
0 0.909375 0.515625 0.050000 0.040625
0 0.686719 0.514844 0.020313 0.048438
0 0.710938 0.510156 0.018750 0.057813
0 0.419531 0.506250 0.039062 0.065625
0 0.197656 0.318750 0.395313 0.637500
2 0.087500 0.638281 0.175000 0.067187
2 0.782813 0.623437 0.434375 0.125000
7 0.978906 0.569531 0.042188 0.120313
9 0.092969 0.596875 0.054688 0.078125
20 0.587500 0.546094 0.037500 0.029687
21 0.467187 0.555469 0.056250 0.039062
21 0.909375 0.542188 0.050000 0.015625
21 0.302344 0.574219 0.257812 0.182812
22 0.467187 0.555469 0.056250 0.039062
22 0.909375 0.542188 0.050000 0.015625
22 0.302344 0.574219 0.257812 0.182812