0 0.663281 0.356250 0.054688 0.096875
0 0.406250 0.351562 0.071875 0.096875
0 0.251563 0.335938 0.109375 0.081250
0 0.178906 0.323437 0.017188 0.056250
0 0.518750 0.346094 0.150000 0.167187
0 0.049219 0.264844 0.098437 0.114062
2 0.929688 0.698438 0.140625 0.206250
2 0.054688 0.707812 0.109375 0.240625
2 0.959375 0.524219 0.081250 0.014063
2 0.875781 0.517969 0.073438 0.017188
2 0.814844 0.512500 0.045312 0.015625
2 0.553125 0.478125 0.262500 0.053125
2 0.397656 0.450781 0.045312 0.026562
2 0.108594 0.417969 0.192188 0.060937
3 0.960156 0.488281 0.079687 0.067187
3 0.878125 0.479687 0.075000 0.071875
3 0.735156 0.471875 0.217188 0.075000
3 0.405469 0.432812 0.032813 0.028125
3 0.524219 0.449219 0.201563 0.073438
5 0.145313 0.410156 0.018750 0.051562
5 0.057813 0.406250 0.071875 0.056250
5 0.115625 0.406250 0.034375 0.059375
7 0.584375 0.465625 0.021875 0.040625
12 0.513281 0.707812 0.857812 0.121875
21 0.720313 0.604688 0.168750 0.240625
21 0.407813 0.404687 0.031250 0.037500
21 0.458594 0.401562 0.032813 0.037500
21 0.300781 0.411719 0.151562 0.085938
22 0.720313 0.604688 0.168750 0.240625
22 0.407813 0.404687 0.031250 0.037500
22 0.458594 0.401562 0.032813 0.037500
22 0.300781 0.411719 0.151562 0.085938