0 0.616406 0.550000 0.007812 0.112500
0 0.012500 0.492969 0.025000 0.073438
0 0.046094 0.507812 0.048438 0.153125
0 0.100000 0.504687 0.068750 0.168750
0 0.987500 0.338281 0.025000 0.064062
0 0.479687 0.421094 0.734375 0.448437
2 0.041406 0.658594 0.082812 0.039062
2 0.702344 0.800000 0.595313 0.337500
2 0.032813 0.607812 0.034375 0.028125
2 0.156250 0.597656 0.134375 0.020313
3 0.821094 0.539062 0.357812 0.262500
5 0.806250 0.609375 0.387500 0.384375
7 0.004687 0.582812 0.009375 0.071875
10 0.486719 0.619531 0.017188 0.035937
10 0.535156 0.617969 0.039062 0.048438
10 0.350781 0.598437 0.026562 0.037500
10 0.597656 0.612500 0.020313 0.075000