0 0.935937 0.721094 0.053125 0.023438
0 0.982031 0.730469 0.035937 0.045312
0 0.292969 0.720313 0.045312 0.050000
0 0.529687 0.709375 0.028125 0.071875
0 0.414062 0.713281 0.162500 0.085938
0 0.845313 0.692969 0.078125 0.048438
0 0.756250 0.712500 0.096875 0.087500
0 0.625000 0.710938 0.153125 0.087500
0 0.238281 0.682031 0.067187 0.120313
0 0.106250 0.630469 0.212500 0.210938
2 0.264062 0.786719 0.090625 0.010937
2 0.587500 0.792188 0.078125 0.028125
4 0.706250 0.668750 0.015625 0.168750
21 0.582812 0.755469 0.068750 0.042188
21 0.809375 0.857812 0.381250 0.284375
21 0.444531 0.834375 0.226562 0.240625
21 0.110156 0.757812 0.220312 0.090625
22 0.582812 0.755469 0.068750 0.042188
22 0.809375 0.857812 0.381250 0.284375
22 0.444531 0.834375 0.226562 0.240625
22 0.110156 0.757812 0.220312 0.090625