0 0.592969 0.691406 0.035937 0.067187
0 0.663281 0.678906 0.054688 0.073438
0 0.540625 0.625000 0.084375 0.228125
0 0.250781 0.435156 0.501563 0.779687
0 0.838281 0.454688 0.323437 0.909375
2 0.853906 0.914062 0.292187 0.171875
2 0.848437 0.823438 0.075000 0.059375
2 0.691406 0.887500 0.035937 0.225000
6 0.639844 0.711719 0.026562 0.032813
21 0.376563 0.775000 0.125000 0.087500
21 0.541406 0.744531 0.051562 0.048438
21 0.607812 0.724219 0.037500 0.039062
22 0.376563 0.775000 0.125000 0.087500
22 0.541406 0.744531 0.051562 0.048438
22 0.607812 0.724219 0.037500 0.039062