0 0.958594 0.617188 0.082812 0.037500
0 0.943750 0.560156 0.112500 0.045312
0 0.432031 0.505469 0.042188 0.039062
0 0.548438 0.500781 0.021875 0.039062
3 0.101562 0.600000 0.112500 0.046875
4 0.301563 0.446875 0.009375 0.246875
6 0.522656 0.507812 0.039062 0.034375
13 0.479687 0.475000 0.015625 0.053125
13 0.335156 0.432031 0.064062 0.179688
13 0.149219 0.431250 0.298438 0.181250
13 0.532031 0.425000 0.317188 0.187500
21 0.824219 0.582031 0.173437 0.129688
21 0.632812 0.550781 0.109375 0.073438
21 0.526563 0.546875 0.059375 0.068750
22 0.824219 0.582031 0.173437 0.129688
22 0.632812 0.550781 0.109375 0.073438
22 0.526563 0.546875 0.059375 0.068750