0 0.010156 0.564844 0.020313 0.054688
0 0.197656 0.549219 0.023438 0.048438
0 0.248438 0.528906 0.031250 0.045312
0 0.827344 0.500781 0.032813 0.032813
0 0.796094 0.500781 0.020313 0.032813
2 0.743750 0.610938 0.068750 0.028125
2 0.589844 0.556250 0.054688 0.034375
4 0.724219 0.494531 0.014063 0.145313
4 0.106250 0.488281 0.006250 0.201563
4 0.261719 0.482031 0.020313 0.198437
4 0.707812 0.453906 0.031250 0.298438
4 0.780469 0.431250 0.014063 0.387500
4 0.065625 0.422656 0.018750 0.395313
4 0.925000 0.368750 0.046875 0.515625
4 0.903125 0.332813 0.025000 0.500000
5 0.249219 0.561719 0.032813 0.020313
5 0.830469 0.526563 0.039062 0.018750
5 0.764062 0.526563 0.028125 0.018750
5 0.876563 0.528125 0.050000 0.025000
7 0.855469 0.618750 0.020313 0.037500
21 0.023438 0.596094 0.034375 0.042188
21 0.125781 0.614062 0.104688 0.084375
21 0.546094 0.562500 0.026562 0.031250
21 0.497656 0.589063 0.067187 0.084375
21 0.370312 0.579688 0.150000 0.093750
22 0.023438 0.596094 0.034375 0.042188
22 0.125781 0.614062 0.104688 0.084375
22 0.546094 0.562500 0.026562 0.031250
22 0.497656 0.589063 0.067187 0.084375
22 0.370312 0.579688 0.150000 0.093750