0 0.721094 0.567969 0.032813 0.045312
0 0.327344 0.569531 0.017188 0.054688
0 0.546875 0.570312 0.106250 0.071875
0 0.427344 0.535156 0.045312 0.020313
0 0.650000 0.497656 0.103125 0.195312
0 0.025000 0.459375 0.043750 0.140625
0 0.849219 0.274219 0.301563 0.548438
0 0.155469 0.293750 0.310937 0.587500
3 0.649219 0.601562 0.067187 0.015625
3 0.278125 0.596875 0.068750 0.028125
4 0.185938 0.474219 0.025000 0.123438
6 0.613281 0.592187 0.026562 0.034375
6 0.417187 0.592969 0.059375 0.067187
6 0.160156 0.587500 0.170313 0.103125
21 0.531250 0.609375 0.100000 0.046875
21 0.357031 0.610156 0.098437 0.054688
22 0.531250 0.609375 0.100000 0.046875
22 0.357031 0.610156 0.098437 0.054688