0 0.825000 0.643750 0.028125 0.025000
0 0.879687 0.582812 0.084375 0.050000
0 0.819531 0.578125 0.029687 0.056250
0 0.968750 0.558594 0.062500 0.045312
0 0.496875 0.531250 0.025000 0.053125
0 0.474219 0.341406 0.948438 0.682813
2 0.202344 0.776563 0.404687 0.162500
2 0.760938 0.680469 0.181250 0.054688
3 0.030469 0.705469 0.051562 0.085938
3 0.282813 0.670312 0.059375 0.081250
3 0.153906 0.683594 0.195312 0.114062
3 0.821875 0.624219 0.031250 0.042188
4 0.501563 0.503906 0.081250 0.145313
6 0.502344 0.625000 0.076563 0.115625
21 0.617969 0.636719 0.023438 0.029687
21 0.655469 0.643750 0.048438 0.046875
21 0.922656 0.700000 0.154688 0.240625
22 0.617969 0.636719 0.023438 0.029687
22 0.655469 0.643750 0.048438 0.046875
22 0.922656 0.700000 0.154688 0.240625