0 0.683594 0.450781 0.020313 0.064062
0 0.109375 0.447656 0.084375 0.092188
0 0.717187 0.419531 0.025000 0.085938
0 0.281250 0.294531 0.562500 0.589063
2 0.727344 0.778125 0.545312 0.443750
2 0.253125 0.768750 0.506250 0.462500
3 0.301563 0.504687 0.018750 0.037500
6 0.628125 0.495312 0.028125 0.037500
6 0.553906 0.495312 0.048438 0.062500
18 0.109375 0.442969 0.128125 0.198437
21 0.632812 0.502344 0.021875 0.029687
21 0.467187 0.504687 0.153125 0.078125
21 0.307031 0.473438 0.029687 0.025000
21 0.188281 0.471094 0.029687 0.020313
22 0.632812 0.502344 0.021875 0.029687
22 0.467187 0.504687 0.153125 0.078125
22 0.307031 0.473438 0.029687 0.025000
22 0.188281 0.471094 0.029687 0.020313