0 0.011719 0.668750 0.023438 0.053125
0 0.457813 0.382812 0.106250 0.212500
0 0.840625 0.357812 0.318750 0.715625
0 0.096875 0.285938 0.193750 0.571875
3 0.251563 0.550000 0.128125 0.131250
5 0.269531 0.613281 0.010937 0.057813
5 0.293750 0.601562 0.031250 0.075000
5 0.633594 0.547656 0.120313 0.070312
9 0.347656 0.590625 0.104688 0.096875
10 0.402344 0.549219 0.032813 0.048438
21 0.469531 0.532813 0.057813 0.056250
21 0.107031 0.592969 0.210938 0.207813
22 0.469531 0.532813 0.057813 0.056250
22 0.107031 0.592969 0.210938 0.207813