0 0.772656 0.532031 0.039062 0.042188
0 0.760156 0.405469 0.135937 0.198437
0 0.903906 0.420312 0.192188 0.271875
0 0.931250 0.149219 0.137500 0.298438
0 0.629687 0.217188 0.131250 0.434375
0 0.278125 0.279687 0.556250 0.559375
2 0.500000 0.849219 1.000000 0.301563
2 0.792969 0.606250 0.098437 0.034375
2 0.082812 0.571094 0.165625 0.026562
4 0.550000 0.710938 0.021875 0.203125
4 0.696875 0.288281 0.031250 0.295312
4 0.569531 0.289062 0.051562 0.578125
8 0.659375 0.532031 0.196875 0.207813
8 0.319531 0.507812 0.454688 0.215625
17 0.410938 0.736719 0.031250 0.032813
17 0.370312 0.710156 0.068750 0.198437
21 0.853906 0.551562 0.042188 0.031250
21 0.767188 0.545312 0.028125 0.025000
22 0.853906 0.551562 0.042188 0.031250
22 0.767188 0.545312 0.028125 0.025000