0 0.890625 0.580469 0.084375 0.032813
0 0.205469 0.527344 0.023438 0.048438
0 0.167187 0.525000 0.037500 0.043750
0 0.047656 0.503906 0.023438 0.048438
0 0.117188 0.515625 0.050000 0.087500
0 0.016406 0.496094 0.032813 0.067187
0 0.345313 0.507812 0.087500 0.153125
2 0.206250 0.786719 0.412500 0.373437
6 0.557813 0.566406 0.037500 0.067187
6 0.491406 0.544531 0.079687 0.042188
6 0.422656 0.557813 0.057813 0.071875
6 0.378125 0.555469 0.021875 0.070312
7 0.185156 0.567187 0.023438 0.046875
21 0.626563 0.601562 0.037500 0.043750
21 0.592187 0.599219 0.025000 0.039062
21 0.825781 0.697656 0.348438 0.301563
21 0.502344 0.629687 0.151562 0.175000
21 0.161719 0.556250 0.029687 0.031250
21 0.023438 0.537500 0.046875 0.034375
21 0.313281 0.539062 0.104688 0.096875
21 0.244531 0.532813 0.032813 0.087500
22 0.626563 0.601562 0.037500 0.043750
22 0.592187 0.599219 0.025000 0.039062
22 0.825781 0.697656 0.348438 0.301563
22 0.502344 0.629687 0.151562 0.175000
22 0.161719 0.556250 0.029687 0.031250
22 0.023438 0.537500 0.046875 0.034375
22 0.313281 0.539062 0.104688 0.096875
22 0.244531 0.532813 0.032813 0.087500