0 0.743750 0.651563 0.037500 0.025000
0 0.833594 0.460938 0.332813 0.921875
0 0.383594 0.478906 0.767188 0.957812
1 0.980469 0.305469 0.032813 0.048438
2 0.110156 0.963281 0.045312 0.017188
2 0.399219 0.953125 0.054688 0.031250
2 0.891406 0.926562 0.026562 0.037500
2 0.635938 0.920312 0.087500 0.025000
2 0.833594 0.916406 0.026562 0.035937
3 0.078125 0.957031 0.018750 0.035937
3 0.045312 0.957812 0.018750 0.037500
20 0.517969 0.924219 0.185938 0.151562
21 0.247656 0.946094 0.251563 0.107813
21 0.798438 0.936719 0.403125 0.126562
22 0.247656 0.946094 0.251563 0.107813
22 0.798438 0.936719 0.403125 0.126562