0 0.219531 0.735938 0.017188 0.031250
0 0.182812 0.694531 0.043750 0.123438
0 0.767188 0.689063 0.156250 0.125000
0 0.245312 0.686719 0.056250 0.129688
0 0.020313 0.659375 0.040625 0.075000
0 0.096875 0.667969 0.103125 0.095312
2 0.841406 0.817969 0.295312 0.067187
2 0.130469 0.781250 0.110937 0.021875
3 0.123438 0.746094 0.106250 0.064062
3 0.936719 0.762500 0.117188 0.100000
21 0.655469 0.800781 0.107813 0.085938
21 0.221875 0.783594 0.093750 0.073438
21 0.350781 0.753906 0.060937 0.045312
21 0.477344 0.741406 0.035937 0.026562
21 0.039062 0.787500 0.078125 0.190625
22 0.655469 0.800781 0.107813 0.085938
22 0.221875 0.783594 0.093750 0.073438
22 0.350781 0.753906 0.060937 0.045312
22 0.477344 0.741406 0.035937 0.026562
22 0.039062 0.787500 0.078125 0.190625