0 0.257812 0.648438 0.028125 0.028125
0 0.675781 0.650000 0.051562 0.043750
0 0.192969 0.646094 0.029687 0.042188
0 0.154688 0.642969 0.034375 0.054688
0 0.423438 0.639844 0.021875 0.054688
0 0.549219 0.635156 0.042188 0.051562
0 0.235156 0.628125 0.042188 0.081250
0 0.390625 0.608594 0.025000 0.057813
0 0.010156 0.610156 0.020313 0.073438
0 0.412500 0.577344 0.012500 0.057813
0 0.730469 0.604688 0.032813 0.115625
0 0.431250 0.563281 0.018750 0.076563
0 0.480469 0.587500 0.079687 0.178125
0 0.599219 0.525781 0.017188 0.070312
0 0.857031 0.475781 0.032813 0.135937
0 0.307031 0.430469 0.020313 0.048438
0 0.715625 0.518750 0.253125 0.271875
0 0.939063 0.528125 0.121875 0.293750
0 0.037500 0.396875 0.075000 0.040625
0 0.039062 0.373437 0.078125 0.034375
0 0.735938 0.369531 0.040625 0.039062
0 0.196094 0.400000 0.189062 0.153125
0 0.722656 0.046875 0.048438 0.093750
2 0.178906 0.733594 0.242188 0.051562
2 0.837500 0.798438 0.325000 0.193750
2 0.679688 0.682031 0.140625 0.029687
3 0.010937 0.678906 0.021875 0.026562
4 0.396875 0.553906 0.031250 0.267188
4 0.877344 0.506250 0.026562 0.187500
4 0.304688 0.478906 0.068750 0.460938
5 0.226562 0.685156 0.028125 0.035937
5 0.265625 0.682813 0.059375 0.043750
12 0.120313 0.763281 0.178125 0.026562
12 0.357812 0.739062 0.296875 0.031250
12 0.592187 0.724219 0.168750 0.014063
21 0.045312 0.689063 0.046875 0.034375
21 0.100781 0.685937 0.023438 0.040625
21 0.444531 0.677344 0.035937 0.039062
21 0.565625 0.666406 0.087500 0.070312
22 0.045312 0.689063 0.046875 0.034375
22 0.100781 0.685937 0.023438 0.040625
22 0.444531 0.677344 0.035937 0.039062
22 0.565625 0.666406 0.087500 0.070312