0 0.732812 0.375781 0.025000 0.048438
0 0.988281 0.407813 0.023438 0.153125
0 0.865625 0.403906 0.234375 0.223438
0 0.028906 0.119531 0.035937 0.057813
0 0.392188 0.230469 0.678125 0.460938
2 0.955469 0.569531 0.029687 0.029687
2 0.876563 0.550781 0.065625 0.035937
2 0.824219 0.538281 0.039062 0.020313
2 0.536719 0.457031 0.148438 0.026562
2 0.217188 0.475000 0.434375 0.087500
6 0.807813 0.455469 0.050000 0.085938
6 0.764062 0.439844 0.043750 0.073438
6 0.712500 0.429688 0.059375 0.071875
6 0.625781 0.428125 0.120313 0.100000
8 0.310937 0.382812 0.084375 0.087500
8 0.228125 0.357031 0.018750 0.051562
8 0.166406 0.356250 0.029687 0.059375
8 0.088281 0.327344 0.089063 0.048438
8 0.017188 0.310156 0.034375 0.020313
9 0.952344 0.538281 0.095312 0.157812
12 0.548438 0.498437 0.215625 0.034375
21 0.761719 0.485156 0.048438 0.054688
21 0.709375 0.478125 0.053125 0.046875
21 0.396094 0.428906 0.032813 0.054688
21 0.342969 0.424219 0.048438 0.045312
22 0.761719 0.485156 0.048438 0.054688
22 0.709375 0.478125 0.053125 0.046875
22 0.396094 0.428906 0.032813 0.054688
22 0.342969 0.424219 0.048438 0.045312