0 0.457031 0.543750 0.014063 0.053125
0 0.504687 0.539844 0.078125 0.054688
0 0.553906 0.534375 0.020313 0.046875
0 0.210156 0.464844 0.045312 0.042188
0 0.091406 0.464062 0.182812 0.068750
0 0.447656 0.478125 0.420312 0.168750
0 0.837500 0.339844 0.325000 0.679688
2 0.900781 0.725000 0.198437 0.184375
2 0.720313 0.667969 0.140625 0.110937
2 0.658594 0.571875 0.054688 0.025000
21 0.026562 0.585156 0.053125 0.026562
21 0.089844 0.580469 0.039062 0.020313
21 0.509375 0.616406 0.150000 0.126562
22 0.026562 0.585156 0.053125 0.026562
22 0.089844 0.580469 0.039062 0.020313
22 0.509375 0.616406 0.150000 0.126562