0 0.173437 0.500000 0.037500 0.040625
0 0.200000 0.501563 0.015625 0.046875
0 0.250000 0.473438 0.040625 0.046875
0 0.281250 0.468750 0.018750 0.050000
0 0.416406 0.454688 0.048438 0.115625
0 0.177344 0.417187 0.092188 0.059375
0 0.353906 0.433594 0.085938 0.170313
0 0.114844 0.401562 0.007812 0.118750
0 0.811719 0.367969 0.098437 0.139063
0 0.604688 0.378906 0.321875 0.242188
0 0.057031 0.389844 0.114062 0.398438
0 0.983594 0.191406 0.020313 0.032813
2 0.037500 0.590625 0.075000 0.028125
2 0.853125 0.780469 0.293750 0.439063
2 0.514062 0.497656 0.512500 0.114062
2 0.797656 0.440625 0.045312 0.025000
4 0.122656 0.375000 0.032813 0.181250
6 0.935156 0.376563 0.014063 0.106250
6 0.971094 0.382031 0.057813 0.164062
21 0.158594 0.605469 0.185938 0.251563
21 0.842187 0.429688 0.046875 0.109375
21 0.912500 0.403125 0.046875 0.075000
22 0.158594 0.605469 0.185938 0.251563
22 0.842187 0.429688 0.046875 0.109375
22 0.912500 0.403125 0.046875 0.075000