0 0.661719 0.529687 0.020313 0.059375
0 0.629687 0.531250 0.034375 0.071875
0 0.660937 0.475000 0.021875 0.034375
0 0.690625 0.469531 0.028125 0.048438
0 0.632812 0.439844 0.031250 0.092188
0 0.284375 0.378125 0.568750 0.437500
0 0.909375 0.324219 0.181250 0.648438
2 0.200781 0.639062 0.401562 0.075000
2 0.707812 0.786719 0.584375 0.426563
3 0.205469 0.553125 0.410938 0.212500
3 0.987500 0.331250 0.025000 0.118750
4 0.794531 0.572656 0.020313 0.195312
4 0.783594 0.131250 0.014063 0.131250
5 0.312500 0.600781 0.106250 0.032813
5 0.384375 0.592187 0.028125 0.025000