0 0.528125 0.564063 0.034375 0.025000
0 0.570312 0.289062 0.040625 0.043750
0 0.500000 0.377344 1.000000 0.754687
2 0.270313 0.796875 0.540625 0.406250
3 0.134375 0.483594 0.109375 0.451562
5 0.102344 0.546875 0.204687 0.837500
21 0.447656 0.571875 0.070312 0.062500
21 0.390625 0.567187 0.040625 0.056250
21 0.667188 0.573438 0.100000 0.078125
21 0.870313 0.606250 0.259375 0.153125
22 0.447656 0.571875 0.070312 0.062500
22 0.390625 0.567187 0.040625 0.056250
22 0.667188 0.573438 0.100000 0.078125
22 0.870313 0.606250 0.259375 0.153125