0 0.959375 0.143750 0.018750 0.034375
0 0.994531 0.128906 0.010937 0.057813
0 0.687500 0.089844 0.150000 0.179688
0 0.303906 0.161719 0.607812 0.323437
2 0.205469 0.314063 0.410938 0.118750
2 0.500000 0.581250 1.000000 0.837500
4 0.980469 0.114062 0.029687 0.228125
6 0.538281 0.169531 0.117188 0.139063
7 0.248438 0.267188 0.031250 0.062500
21 0.599219 0.233594 0.020313 0.064062
21 0.396094 0.227344 0.032813 0.089063
21 0.489063 0.221094 0.081250 0.095312
21 0.428906 0.220312 0.032813 0.096875
21 0.645312 0.199219 0.059375 0.129688
21 0.708594 0.191406 0.057813 0.123438
22 0.599219 0.233594 0.020313 0.064062
22 0.396094 0.227344 0.032813 0.089063
22 0.489063 0.221094 0.081250 0.095312
22 0.428906 0.220312 0.032813 0.096875
22 0.645312 0.199219 0.059375 0.129688
22 0.708594 0.191406 0.057813 0.123438