0 0.532031 0.450781 0.010937 0.098437
0 0.619531 0.442969 0.160938 0.114062
0 0.197656 0.396094 0.014063 0.114062
0 0.263281 0.321875 0.114062 0.365625
0 0.433594 0.319531 0.307812 0.370312
0 0.851562 0.430469 0.296875 0.860938
0 0.094531 0.258594 0.189062 0.517188
2 0.792188 0.795312 0.415625 0.409375
5 0.300000 0.532031 0.034375 0.054688
5 0.262500 0.531250 0.034375 0.053125
5 0.379688 0.531250 0.046875 0.056250
5 0.327344 0.531250 0.014063 0.056250
5 0.469531 0.528906 0.126562 0.057813
6 0.050000 0.546094 0.015625 0.048438
6 0.028906 0.542188 0.023438 0.050000
6 0.007031 0.546875 0.014063 0.059375
8 0.570312 0.540625 0.081250 0.090625
8 0.628125 0.539062 0.028125 0.090625
8 0.672656 0.532813 0.054688 0.087500
12 0.052344 0.671875 0.104688 0.059375
12 0.486719 0.612500 0.204687 0.031250
18 0.665625 0.472656 0.025000 0.035937
21 0.133594 0.546094 0.014063 0.039062
22 0.133594 0.546094 0.014063 0.039062