0 0.601562 0.533594 0.062500 0.157812
0 0.016406 0.482812 0.032813 0.334375
0 0.294531 0.475000 0.545312 0.343750
11 0.849219 0.584375 0.192188 0.106250
11 0.955469 0.600000 0.032813 0.143750
11 0.984375 0.596875 0.031250 0.150000
12 0.584375 0.782813 0.831250 0.125000
12 0.940625 0.728906 0.118750 0.054688
21 0.182031 0.847656 0.364063 0.304688
21 0.119531 0.638281 0.042188 0.035937
21 0.046094 0.640625 0.089063 0.046875
21 0.828125 0.648438 0.284375 0.065625
21 0.200000 0.641406 0.106250 0.051562
21 0.616406 0.639062 0.110937 0.062500
21 0.380469 0.639062 0.214062 0.065625
22 0.182031 0.847656 0.364063 0.304688
22 0.119531 0.638281 0.042188 0.035937
22 0.046094 0.640625 0.089063 0.046875
22 0.828125 0.648438 0.284375 0.065625
22 0.200000 0.641406 0.106250 0.051562
22 0.616406 0.639062 0.110937 0.062500
22 0.380469 0.639062 0.214062 0.065625