0 0.448437 0.596094 0.059375 0.032813
0 0.797656 0.510156 0.017188 0.073438
0 0.832031 0.490625 0.014063 0.106250
2 0.913281 0.664844 0.173437 0.035937
2 0.195312 0.700781 0.390625 0.139063
2 0.657031 0.641406 0.245312 0.035937
3 0.335156 0.623437 0.039062 0.021875
3 0.284375 0.608594 0.056250 0.035937
3 0.246875 0.604688 0.018750 0.034375
3 0.564063 0.600000 0.018750 0.050000
3 0.200000 0.590625 0.071875 0.062500
3 0.618750 0.593750 0.021875 0.075000
3 0.657813 0.596094 0.034375 0.085938
3 0.759375 0.596094 0.037500 0.095312
3 0.912500 0.603906 0.015625 0.114062
3 0.799219 0.596094 0.026562 0.101562
3 0.832031 0.595313 0.014063 0.106250
3 0.986719 0.600000 0.026562 0.128125
3 0.073438 0.561719 0.146875 0.082812
4 0.182812 0.430469 0.071875 0.395313
5 0.117969 0.680469 0.235937 0.101562
21 0.450000 0.615625 0.025000 0.028125
21 0.512500 0.614844 0.025000 0.032813
21 0.410938 0.617188 0.028125 0.037500
22 0.450000 0.615625 0.025000 0.028125
22 0.512500 0.614844 0.025000 0.032813
22 0.410938 0.617188 0.028125 0.037500