0 0.024219 0.851562 0.048438 0.215625
0 0.735156 0.714063 0.029687 0.056250
0 0.699219 0.717187 0.035937 0.065625
0 0.785937 0.718750 0.056250 0.071875
0 0.769531 0.660156 0.101562 0.057813
0 0.692969 0.640625 0.039062 0.040625
0 0.833594 0.660937 0.020313 0.084375
0 0.528125 0.684375 0.034375 0.150000
0 0.895312 0.685156 0.050000 0.176563
0 0.963281 0.677344 0.073438 0.204687
0 0.464062 0.644531 0.065625 0.267188
0 0.203906 0.433594 0.407813 0.867188
2 0.213281 0.906250 0.426563 0.187500
2 0.489063 0.805469 0.037500 0.067187
2 0.534375 0.778906 0.043750 0.054688
3 0.764844 0.750781 0.042188 0.014063
4 0.503125 0.734375 0.018750 0.153125
4 0.782813 0.672656 0.103125 0.182812
4 0.573438 0.602344 0.031250 0.176563
4 0.572656 0.475781 0.035937 0.073438
4 0.857031 0.592969 0.045312 0.354687
4 0.509375 0.454688 0.078125 0.337500
4 0.507031 0.156250 0.060937 0.159375
4 0.513281 0.040625 0.048438 0.031250
11 0.837500 0.729688 0.015625 0.059375
11 0.753906 0.709375 0.139063 0.096875
11 0.611719 0.699219 0.073438 0.082812
21 0.682031 0.748437 0.070312 0.065625
22 0.682031 0.748437 0.070312 0.065625