0 0.518750 0.525781 0.050000 0.114062
0 0.021875 0.462500 0.040625 0.028125
0 0.376563 0.517969 0.234375 0.242188
0 0.221875 0.458594 0.059375 0.157812
0 0.818750 0.491406 0.362500 0.226562
0 0.132812 0.452344 0.103125 0.170313
0 0.536719 0.268750 0.045312 0.312500
2 0.937500 0.867969 0.125000 0.264062
2 0.365625 0.726562 0.312500 0.078125
2 0.721094 0.653125 0.217188 0.053125
3 0.442188 0.654687 0.106250 0.065625
3 0.713281 0.617969 0.201563 0.073438
3 0.169531 0.608594 0.042188 0.098437
3 0.284375 0.629687 0.171875 0.150000
3 0.034375 0.665625 0.068750 0.246875
4 0.200781 0.676562 0.014063 0.071875
4 0.268750 0.323437 0.234375 0.646875
5 0.138281 0.620313 0.026562 0.090625
21 0.906250 0.600000 0.187500 0.087500
22 0.906250 0.600000 0.187500 0.087500