0 0.258594 0.675781 0.026562 0.035937
0 0.289844 0.664062 0.007812 0.062500
0 0.379688 0.624219 0.150000 0.129688
0 0.908594 0.561719 0.032813 0.089063
0 0.273438 0.589844 0.040625 0.210938
0 0.972656 0.532031 0.054688 0.114062
1 0.707812 0.357812 0.028125 0.071875
2 0.955469 0.905469 0.089063 0.189062
2 0.767969 0.829688 0.301563 0.281250
3 0.098437 0.702344 0.196875 0.060937
3 0.945312 0.607812 0.109375 0.053125
7 0.827344 0.812500 0.073438 0.184375
21 0.542969 0.688281 0.110937 0.073438
21 0.355469 0.717187 0.164062 0.131250
22 0.542969 0.688281 0.110937 0.073438
22 0.355469 0.717187 0.164062 0.131250