0 0.685937 0.616406 0.056250 0.082812
0 0.727344 0.559375 0.067187 0.156250
0 0.782813 0.528906 0.112500 0.220312
0 0.881250 0.404687 0.237500 0.471875
0 0.325000 0.368750 0.650000 0.737500
2 0.073438 0.739844 0.146875 0.039062
2 0.755469 0.739844 0.489063 0.098437
3 0.801562 0.684375 0.396875 0.134375
6 0.324219 0.681250 0.035937 0.056250
21 0.507812 0.688281 0.028125 0.023438
21 0.472656 0.689063 0.035937 0.031250
21 0.335156 0.692187 0.042188 0.043750
21 0.228906 0.692969 0.167187 0.092188
22 0.507812 0.688281 0.028125 0.023438
22 0.472656 0.689063 0.035937 0.031250
22 0.335156 0.692187 0.042188 0.043750
22 0.228906 0.692969 0.167187 0.092188