0 0.360938 0.569531 0.046875 0.023438
0 0.371094 0.498437 0.057813 0.015625
0 0.123438 0.450781 0.015625 0.067187
0 0.069531 0.448437 0.082812 0.062500
0 0.153125 0.452344 0.037500 0.110937
0 0.224219 0.445312 0.092188 0.103125
0 0.810156 0.442188 0.148438 0.115625
0 0.948438 0.427344 0.103125 0.145313
2 0.150000 0.634375 0.075000 0.018750
2 0.560937 0.789844 0.684375 0.420312
3 0.832812 0.807813 0.159375 0.293750
3 0.696875 0.719531 0.056250 0.151562
3 0.639844 0.684375 0.026562 0.100000
3 0.608594 0.666406 0.014063 0.073438
5 0.950781 0.845313 0.098437 0.309375
5 0.746875 0.741406 0.056250 0.182812
5 0.666406 0.696094 0.035937 0.120313
5 0.623437 0.672656 0.021875 0.089063
5 0.571875 0.650781 0.078125 0.085938
5 0.073438 0.619531 0.115625 0.032813
6 0.235156 0.624219 0.098437 0.110937
11 0.272656 0.567187 0.492188 0.134375
11 0.949219 0.598437 0.101562 0.203125
11 0.704688 0.592187 0.365625 0.196875
21 0.078906 0.685937 0.157812 0.109375
21 0.407813 0.638281 0.046875 0.048438
21 0.317969 0.623437 0.073438 0.065625
21 0.374219 0.599219 0.023438 0.048438
22 0.078906 0.685937 0.157812 0.109375
22 0.407813 0.638281 0.046875 0.048438
22 0.317969 0.623437 0.073438 0.065625
22 0.374219 0.599219 0.023438 0.048438