0 0.602344 0.525000 0.042188 0.025000
0 0.815625 0.521094 0.040625 0.032813
0 0.251563 0.439063 0.078125 0.071875
0 0.164062 0.412500 0.093750 0.106250
0 0.053125 0.401562 0.106250 0.093750
2 0.942969 0.634375 0.114062 0.021875
2 0.062500 0.621094 0.125000 0.076563
2 0.746094 0.603906 0.270313 0.057813
2 0.245312 0.558594 0.078125 0.014063
5 0.942969 0.587500 0.114062 0.087500
5 0.839063 0.578125 0.093750 0.087500
5 0.675781 0.572656 0.229687 0.076563
5 0.246875 0.512500 0.081250 0.090625
5 0.157812 0.502344 0.100000 0.098437
5 0.050000 0.484375 0.100000 0.090625
12 0.927344 0.657813 0.145313 0.053125
12 0.796875 0.664062 0.406250 0.071875
12 0.196875 0.617188 0.121875 0.015625
12 0.057031 0.582031 0.064062 0.026562
12 0.174219 0.581250 0.148438 0.050000
21 0.123438 0.528906 0.040625 0.045312
21 0.053906 0.508594 0.082812 0.067187
21 0.422656 0.636719 0.354687 0.429688
22 0.123438 0.528906 0.040625 0.045312
22 0.053906 0.508594 0.082812 0.067187
22 0.422656 0.636719 0.354687 0.429688