0 0.484375 0.516406 0.034375 0.032813
0 0.540625 0.519531 0.037500 0.048438
0 0.910156 0.492969 0.179688 0.120313
0 0.392969 0.467969 0.042188 0.092188
0 0.682031 0.468750 0.239063 0.165625
0 0.184375 0.405469 0.368750 0.351562
2 0.308594 0.578906 0.054688 0.023438
3 0.968750 0.584375 0.062500 0.112500
3 0.747656 0.561719 0.145313 0.076563
3 0.637500 0.542188 0.040625 0.040625
4 0.389844 0.311719 0.051562 0.404687
4 0.783594 0.294531 0.076563 0.589063
13 0.410156 0.392188 0.026562 0.034375
13 0.599219 0.360938 0.351562 0.106250
21 0.910937 0.546875 0.053125 0.031250
21 0.844531 0.541406 0.045312 0.035937
22 0.910937 0.546875 0.053125 0.031250
22 0.844531 0.541406 0.045312 0.035937