0 0.017969 0.440625 0.035937 0.062500
0 0.047656 0.411719 0.023438 0.070312
0 0.794531 0.375781 0.035937 0.051562
0 0.729688 0.378125 0.040625 0.068750
0 0.500781 0.334375 0.045312 0.062500
0 0.592187 0.248438 0.028125 0.096875
0 0.766406 0.267188 0.014063 0.290625
0 0.962500 0.252344 0.075000 0.360938
0 0.793750 0.199219 0.090625 0.254688
0 0.235156 0.250781 0.470313 0.385937
0 0.675781 0.187500 0.135937 0.262500
2 0.878906 0.476562 0.242188 0.087500
4 0.751563 0.217188 0.021875 0.434375
7 0.803906 0.421094 0.014063 0.060937
8 0.705469 0.378125 0.017188 0.093750
8 0.611719 0.377344 0.164062 0.167187
9 0.020313 0.467969 0.034375 0.039062
10 0.465625 0.428906 0.018750 0.042188
21 0.368750 0.433594 0.071875 0.051562
21 0.488281 0.422656 0.029687 0.032813
21 0.182031 0.454688 0.285938 0.140625
21 0.810156 0.392188 0.035937 0.040625
22 0.368750 0.433594 0.071875 0.051562
22 0.488281 0.422656 0.029687 0.032813
22 0.182031 0.454688 0.285938 0.140625
22 0.810156 0.392188 0.035937 0.040625