0 0.425000 0.708594 0.025000 0.035937
0 0.346094 0.700000 0.032813 0.053125
0 0.217969 0.680469 0.126562 0.101562
0 0.143750 0.653906 0.025000 0.051562
0 0.028906 0.614844 0.057813 0.073438
2 0.971094 0.807813 0.057813 0.056250
3 0.683594 0.746094 0.032813 0.042188
3 0.951562 0.745313 0.053125 0.068750
5 0.991406 0.743750 0.017188 0.078125
21 0.291406 0.731250 0.045312 0.025000
21 0.626563 0.731250 0.056250 0.046875
21 0.801562 0.765625 0.293750 0.156250
21 0.487500 0.742188 0.131250 0.115625
21 0.105469 0.752344 0.210938 0.160938
22 0.291406 0.731250 0.045312 0.025000
22 0.626563 0.731250 0.056250 0.046875
22 0.801562 0.765625 0.293750 0.156250
22 0.487500 0.742188 0.131250 0.115625
22 0.105469 0.752344 0.210938 0.160938