0 0.235156 0.464062 0.026562 0.031250
0 0.549219 0.453906 0.023438 0.039062
0 0.550781 0.414062 0.017188 0.046875
0 0.482812 0.428906 0.059375 0.101562
0 0.602344 0.416406 0.082812 0.120313
0 0.488281 0.360156 0.032813 0.032813
0 0.277344 0.382031 0.057813 0.092188
0 0.966406 0.410938 0.067187 0.296875
0 0.775000 0.310937 0.209375 0.412500
0 0.125781 0.291406 0.251563 0.510938
0 0.933594 0.050000 0.132812 0.100000
0 0.082031 0.017188 0.101562 0.034375
2 0.986719 0.588281 0.026562 0.064062
2 0.891406 0.630469 0.217188 0.176563
6 0.384375 0.482812 0.118750 0.218750
21 0.167187 0.689844 0.334375 0.351562
21 0.617188 0.580469 0.353125 0.267188
22 0.167187 0.689844 0.334375 0.351562
22 0.617188 0.580469 0.353125 0.267188