0 0.037500 0.501563 0.034375 0.034375
0 0.471875 0.485156 0.065625 0.042188
0 0.563281 0.493750 0.026562 0.068750
0 0.239063 0.490625 0.025000 0.090625
0 0.923438 0.475781 0.025000 0.076563
0 0.888281 0.457031 0.035937 0.110937
0 0.721875 0.388281 0.268750 0.260937
2 0.694531 0.596875 0.564063 0.096875
3 0.038281 0.532813 0.035937 0.037500
3 0.009375 0.532813 0.018750 0.037500
4 0.351562 0.390625 0.021875 0.125000
4 0.105469 0.407813 0.039062 0.268750
5 0.739062 0.571875 0.109375 0.050000
5 0.642188 0.570312 0.075000 0.046875
6 0.179688 0.520312 0.065625 0.159375
6 0.310156 0.520312 0.123438 0.184375
12 0.860938 0.670312 0.278125 0.043750
12 0.294531 0.617188 0.551562 0.065625
21 0.985938 0.624219 0.028125 0.070312
21 0.099219 0.556250 0.107813 0.062500
21 0.892188 0.540625 0.021875 0.034375
21 0.633594 0.534375 0.092188 0.025000
21 0.221875 0.543750 0.021875 0.043750
21 0.927344 0.535156 0.026562 0.035937
21 0.814063 0.539844 0.040625 0.045312
21 0.964063 0.544531 0.034375 0.060937
22 0.985938 0.624219 0.028125 0.070312
22 0.099219 0.556250 0.107813 0.062500
22 0.892188 0.540625 0.021875 0.034375
22 0.633594 0.534375 0.092188 0.025000
22 0.221875 0.543750 0.021875 0.043750
22 0.927344 0.535156 0.026562 0.035937
22 0.814063 0.539844 0.040625 0.045312
22 0.964063 0.544531 0.034375 0.060937