0 0.622656 0.650781 0.054688 0.057813
0 0.430469 0.647656 0.029687 0.076563
0 0.278906 0.660937 0.264062 0.103125
0 0.496094 0.646875 0.092188 0.146875
0 0.563281 0.605469 0.017188 0.095312
0 0.040625 0.590625 0.081250 0.093750
0 0.752344 0.605469 0.095312 0.157812
0 0.857031 0.607812 0.104688 0.168750
2 0.788281 0.689844 0.148438 0.014063
3 0.527344 0.690625 0.029687 0.031250
4 0.698438 0.636719 0.015625 0.089063
4 0.085156 0.600000 0.010937 0.068750
4 0.771094 0.608594 0.020313 0.157812
4 0.895312 0.493750 0.056250 0.165625
4 0.150000 0.515625 0.025000 0.234375
4 0.506250 0.511719 0.050000 0.298438
18 0.371094 0.685156 0.045312 0.142187
18 0.144531 0.068750 0.151562 0.137500
21 0.045312 0.771875 0.090625 0.087500
21 0.153125 0.764844 0.065625 0.076563
21 0.400781 0.722656 0.017188 0.039062
21 0.424219 0.715625 0.020313 0.050000
21 0.631250 0.689063 0.071875 0.046875
21 0.278906 0.710156 0.142187 0.089063
21 0.925000 0.709375 0.150000 0.328125
22 0.045312 0.771875 0.090625 0.087500
22 0.153125 0.764844 0.065625 0.076563
22 0.400781 0.722656 0.017188 0.039062
22 0.424219 0.715625 0.020313 0.050000
22 0.631250 0.689063 0.071875 0.046875
22 0.278906 0.710156 0.142187 0.089063
22 0.925000 0.709375 0.150000 0.328125