0 0.860938 0.582812 0.059375 0.056250
0 0.990625 0.575000 0.018750 0.056250
0 0.524219 0.579688 0.082812 0.134375
0 0.656250 0.605469 0.156250 0.201563
0 0.462500 0.561719 0.031250 0.120313
0 0.796094 0.544531 0.060937 0.114062
0 0.709375 0.475000 0.034375 0.018750
0 0.329688 0.439063 0.187500 0.178125
0 0.213281 0.524219 0.426563 0.370312
0 0.367188 0.407813 0.087500 0.178125
0 0.188281 0.321875 0.026562 0.025000
0 0.270313 0.339844 0.059375 0.067187
0 0.933594 0.444531 0.132812 0.317188
0 0.303125 0.310937 0.100000 0.100000
0 0.195312 0.247656 0.090625 0.092188
1 0.733594 0.454688 0.020313 0.028125
1 0.784375 0.452344 0.021875 0.026562
7 0.501563 0.660937 0.021875 0.053125
21 0.328906 0.641406 0.067187 0.048438
21 0.536719 0.653125 0.048438 0.090625
21 0.189062 0.685156 0.206250 0.160938
21 0.990625 0.617188 0.018750 0.043750
21 0.884375 0.686719 0.231250 0.195312
22 0.328906 0.641406 0.067187 0.048438
22 0.536719 0.653125 0.048438 0.090625
22 0.189062 0.685156 0.206250 0.160938
22 0.990625 0.617188 0.018750 0.043750
22 0.884375 0.686719 0.231250 0.195312