0 0.971875 0.530469 0.056250 0.057813
0 0.845313 0.496875 0.081250 0.053125
0 0.930469 0.511719 0.073438 0.114062
0 0.238281 0.441406 0.023438 0.073438
0 0.176563 0.437500 0.028125 0.106250
0 0.510156 0.473438 0.270313 0.206250
0 0.730469 0.443750 0.142187 0.153125
0 0.339062 0.438281 0.062500 0.148438
0 0.101562 0.296875 0.203125 0.387500
2 0.021875 0.774219 0.043750 0.092188
2 0.149219 0.625781 0.145313 0.235937
3 0.088281 0.592969 0.014063 0.089063
3 0.937500 0.547656 0.040625 0.020313
3 0.035937 0.581250 0.071875 0.187500
4 0.249219 0.403125 0.017188 0.175000
4 0.807031 0.430469 0.020313 0.242188
4 0.892969 0.422656 0.023438 0.298438
4 0.307812 0.382812 0.021875 0.250000
4 0.370312 0.353906 0.015625 0.339062
4 0.656250 0.310937 0.050000 0.621875
5 0.687500 0.564063 0.025000 0.028125
5 0.714844 0.535937 0.048438 0.056250
5 0.262500 0.482031 0.071875 0.051562
5 0.159375 0.525781 0.128125 0.142187
21 0.689844 0.533594 0.026562 0.039062
21 0.548438 0.519531 0.015625 0.054688
21 0.474219 0.512500 0.148438 0.068750
22 0.689844 0.533594 0.026562 0.039062
22 0.548438 0.519531 0.015625 0.054688
22 0.474219 0.512500 0.148438 0.068750