0 0.328125 0.717187 0.018750 0.037500
0 0.983594 0.716406 0.032813 0.039062
0 0.395313 0.723437 0.012500 0.053125
0 0.349219 0.724219 0.017188 0.054688
0 0.370312 0.723437 0.018750 0.056250
0 0.732812 0.681250 0.112500 0.078125
0 0.232813 0.663281 0.159375 0.192188
0 0.905469 0.645312 0.079687 0.171875
0 0.831250 0.642188 0.078125 0.165625
0 0.651563 0.622656 0.025000 0.126562
0 0.660156 0.314063 0.035937 0.065625
0 0.817969 0.402344 0.273438 0.298438
0 0.122656 0.403906 0.245312 0.560937
1 0.016406 0.066406 0.032813 0.032813
2 0.896094 0.885938 0.207813 0.228125
2 0.562500 0.754687 0.090625 0.028125
4 0.150781 0.525000 0.048438 0.450000
5 0.821094 0.757812 0.029687 0.015625
7 0.931250 0.767969 0.018750 0.042188
21 0.282813 0.753125 0.050000 0.050000
21 0.333594 0.745313 0.032813 0.037500
21 0.380469 0.740625 0.029687 0.037500
21 0.897656 0.745313 0.126562 0.053125
21 0.494531 0.749219 0.045312 0.064062
21 0.079687 0.792188 0.159375 0.159375
21 0.703906 0.823438 0.192188 0.271875
22 0.282813 0.753125 0.050000 0.050000
22 0.333594 0.745313 0.032813 0.037500
22 0.380469 0.740625 0.029687 0.037500
22 0.897656 0.745313 0.126562 0.053125
22 0.494531 0.749219 0.045312 0.064062
22 0.079687 0.792188 0.159375 0.159375
22 0.703906 0.823438 0.192188 0.271875