0 0.800781 0.724219 0.110937 0.101562
0 0.638281 0.660156 0.017188 0.035937
0 0.501563 0.652344 0.028125 0.020313
0 0.662500 0.688281 0.028125 0.095312
0 0.611719 0.654687 0.020313 0.053125
0 0.569531 0.651563 0.029687 0.071875
0 0.925781 0.692969 0.148438 0.201563
0 0.637500 0.612500 0.018750 0.056250
10 0.235937 0.806250 0.021875 0.040625
10 0.267188 0.801562 0.040625 0.050000
12 0.888281 0.928125 0.139063 0.034375
12 0.550000 0.870313 0.040625 0.021875
12 0.647656 0.854688 0.020313 0.053125
14 0.253125 0.785156 0.025000 0.064062
21 0.668750 0.798438 0.025000 0.043750
21 0.848437 0.869531 0.303125 0.210938
21 0.399219 0.804688 0.276562 0.100000
21 0.114844 0.789062 0.229687 0.071875
22 0.668750 0.798438 0.025000 0.043750
22 0.848437 0.869531 0.303125 0.210938
22 0.399219 0.804688 0.276562 0.100000
22 0.114844 0.789062 0.229687 0.071875