0 0.440625 0.581250 0.071875 0.062500
0 0.275000 0.582812 0.043750 0.068750
0 0.725000 0.582031 0.065625 0.098437
0 0.349219 0.594531 0.101562 0.123438
0 0.593750 0.597656 0.231250 0.132812
0 0.440625 0.536719 0.071875 0.035937
0 0.850000 0.511719 0.300000 0.392188
1 0.030469 0.292969 0.023438 0.035937
21 0.228906 0.785937 0.457813 0.237500
21 0.562500 0.694531 0.168750 0.067187
21 0.867969 0.737500 0.264062 0.162500
22 0.228906 0.785937 0.457813 0.237500
22 0.562500 0.694531 0.168750 0.067187
22 0.867969 0.737500 0.264062 0.162500