0 0.242188 0.608594 0.059375 0.029687
0 0.373437 0.571094 0.050000 0.079687
0 0.310156 0.565625 0.064062 0.090625
0 0.153125 0.574219 0.021875 0.204687
0 0.642969 0.517969 0.189062 0.254688
0 0.082031 0.516406 0.164062 0.351562
0 0.467187 0.431250 0.128125 0.468750
0 0.878906 0.305469 0.242188 0.610938
2 0.379688 0.806250 0.759375 0.221875
2 0.075781 0.708594 0.151562 0.045312
2 0.192188 0.682031 0.075000 0.020313
2 0.889844 0.728125 0.220312 0.168750
2 0.899219 0.636719 0.201563 0.067187
3 0.011719 0.677344 0.023438 0.042188
3 0.060937 0.671094 0.050000 0.042188
3 0.360938 0.624219 0.018750 0.029687
3 0.182031 0.642969 0.048438 0.067187
3 0.315625 0.630469 0.056250 0.048438
5 0.279687 0.631250 0.015625 0.053125
5 0.209375 0.639062 0.021875 0.068750
12 0.242969 0.959375 0.445312 0.081250
21 0.246094 0.640625 0.054688 0.034375
22 0.246094 0.640625 0.054688 0.034375