0 0.552344 0.536719 0.023438 0.032813
0 0.589063 0.539062 0.025000 0.040625
3 0.742969 0.566406 0.039062 0.023438
3 0.661719 0.560937 0.051562 0.025000
3 0.874219 0.549219 0.217188 0.048438
4 0.517969 0.481250 0.020313 0.106250
4 0.475781 0.426563 0.032813 0.171875
4 0.689063 0.467187 0.053125 0.256250
4 0.272656 0.259375 0.054688 0.515625
5 0.853125 0.593750 0.146875 0.021875
21 0.857031 0.572656 0.048438 0.029687
21 0.525781 0.562500 0.032813 0.040625
22 0.857031 0.572656 0.048438 0.029687
22 0.525781 0.562500 0.032813 0.040625