0 0.842969 0.575000 0.023438 0.028125
0 0.886719 0.562500 0.051562 0.059375
0 0.925781 0.550000 0.020313 0.037500
0 0.033594 0.532813 0.039062 0.046875
1 0.912500 0.066406 0.046875 0.029687
2 0.051562 0.648438 0.103125 0.034375
3 0.182812 0.580469 0.040625 0.042188
3 0.094531 0.580469 0.070312 0.051562
3 0.028125 0.581250 0.050000 0.053125
4 0.400000 0.503906 0.031250 0.167187
4 0.789844 0.514844 0.014063 0.198437
5 0.317969 0.598437 0.039062 0.031250
5 0.273438 0.596094 0.046875 0.029687
5 0.223438 0.589844 0.043750 0.035937
7 0.092969 0.622656 0.023438 0.045312
21 0.410156 0.613281 0.042188 0.039062
21 0.175000 0.626563 0.143750 0.075000
21 0.775781 0.593750 0.026562 0.028125
21 0.930469 0.619531 0.139063 0.114062
21 0.594531 0.647656 0.248438 0.192188
22 0.410156 0.613281 0.042188 0.039062
22 0.175000 0.626563 0.143750 0.075000
22 0.775781 0.593750 0.026562 0.028125
22 0.930469 0.619531 0.139063 0.114062
22 0.594531 0.647656 0.248438 0.192188