0 0.557031 0.680469 0.023438 0.082812
0 0.525781 0.678906 0.032813 0.079687
0 0.610938 0.642188 0.018750 0.071875
0 0.629687 0.636719 0.012500 0.076563
0 0.873437 0.403125 0.253125 0.806250
2 0.830469 0.817969 0.339062 0.110937
2 0.714063 0.746875 0.068750 0.012500
2 0.598437 0.744531 0.125000 0.020313
2 0.156250 0.743750 0.046875 0.018750
3 0.556250 0.725000 0.075000 0.037500
3 0.255469 0.700000 0.048438 0.012500
3 0.154688 0.714844 0.075000 0.051562
3 0.098437 0.700000 0.037500 0.028125
3 0.021875 0.708594 0.043750 0.051562
3 0.607031 0.710156 0.026562 0.067187
3 0.631250 0.707031 0.009375 0.067187
3 0.763281 0.706250 0.029687 0.068750
3 0.694531 0.706250 0.104688 0.068750
6 0.383594 0.700000 0.039062 0.053125
21 0.058594 0.735938 0.117188 0.081250
21 0.465625 0.715625 0.059375 0.050000
21 0.275000 0.720313 0.190625 0.059375
22 0.058594 0.735938 0.117188 0.081250
22 0.465625 0.715625 0.059375 0.050000
22 0.275000 0.720313 0.190625 0.059375