0 0.364063 0.585156 0.040625 0.064062
0 0.157031 0.582812 0.082812 0.075000
0 0.390625 0.511719 0.056250 0.051562
0 0.273438 0.547656 0.143750 0.151562
0 0.789062 0.259375 0.421875 0.518750
2 0.738281 0.797656 0.523438 0.404687
3 0.110937 0.628125 0.175000 0.028125
3 0.304688 0.609375 0.059375 0.025000
3 0.764844 0.538281 0.470313 0.282813
4 0.200781 0.543750 0.007812 0.187500
4 0.462500 0.464062 0.084375 0.284375
9 0.457813 0.671875 0.021875 0.121875
15 0.451562 0.620313 0.050000 0.184375
21 0.047656 0.687500 0.095312 0.128125
21 0.237500 0.643750 0.115625 0.090625
22 0.047656 0.687500 0.095312 0.128125
22 0.237500 0.643750 0.115625 0.090625