0 0.539844 0.587500 0.085938 0.043750
0 0.908594 0.574219 0.182812 0.076563
0 0.783594 0.564844 0.023438 0.067187
0 0.479687 0.565625 0.028125 0.081250
0 0.270313 0.572656 0.078125 0.110937
0 0.114062 0.570312 0.228125 0.131250
0 0.675781 0.554688 0.173437 0.112500
2 0.983594 0.713281 0.032813 0.039062
2 0.678125 0.654687 0.175000 0.053125
3 0.716406 0.610156 0.089063 0.017188
3 0.553125 0.607031 0.034375 0.017188
4 0.228906 0.512500 0.007812 0.165625
4 0.560937 0.479687 0.059375 0.306250
4 0.788281 0.338281 0.070312 0.676562
13 0.481250 0.549219 0.025000 0.032813
13 0.414844 0.547656 0.095312 0.076563
13 0.292969 0.541406 0.123438 0.076563
13 0.542188 0.523438 0.075000 0.068750
13 0.054688 0.499219 0.040625 0.032813
13 0.662500 0.433594 0.153125 0.151562
13 0.897656 0.347656 0.204687 0.057813
21 0.065625 0.628125 0.034375 0.025000
21 0.023438 0.623437 0.040625 0.028125
21 0.292187 0.616406 0.028125 0.026562
21 0.174219 0.671875 0.195312 0.153125
22 0.065625 0.628125 0.034375 0.025000
22 0.023438 0.623437 0.040625 0.028125
22 0.292187 0.616406 0.028125 0.026562
22 0.174219 0.671875 0.195312 0.153125