3 0.974219 0.498437 0.042188 0.031250
3 0.927344 0.495312 0.048438 0.037500
3 0.885156 0.493750 0.026562 0.040625
3 0.103125 0.483594 0.096875 0.029687
4 0.888281 0.435156 0.026562 0.151562
4 0.167187 0.408594 0.015625 0.167187
4 0.712500 0.370312 0.040625 0.296875
8 0.410156 0.496094 0.042188 0.032813
8 0.591406 0.491406 0.035937 0.035937
21 0.824219 0.503906 0.079687 0.023438
21 0.624219 0.508594 0.073438 0.035937
21 0.735938 0.501563 0.053125 0.031250
21 0.683594 0.501563 0.042188 0.031250
21 0.068750 0.504687 0.137500 0.040625
21 0.497656 0.505469 0.135937 0.045312
21 0.315625 0.502344 0.040625 0.039062
21 0.215625 0.503125 0.153125 0.040625
21 0.381250 0.501563 0.081250 0.043750
22 0.824219 0.503906 0.079687 0.023438
22 0.624219 0.508594 0.073438 0.035937
22 0.735938 0.501563 0.053125 0.031250
22 0.683594 0.501563 0.042188 0.031250
22 0.068750 0.504687 0.137500 0.040625
22 0.497656 0.505469 0.135937 0.045312
22 0.315625 0.502344 0.040625 0.039062
22 0.215625 0.503125 0.153125 0.040625
22 0.381250 0.501563 0.081250 0.043750