0 0.828125 0.400000 0.343750 0.800000
2 0.970313 0.967969 0.059375 0.064062
2 0.882812 0.823438 0.234375 0.046875
2 0.670312 0.807031 0.171875 0.051562
5 0.645312 0.757031 0.046875 0.048438
5 0.707031 0.755469 0.020313 0.048438
5 0.687500 0.755469 0.015625 0.048438
5 0.738281 0.753906 0.017188 0.051562
21 0.342969 0.782031 0.110937 0.101562
21 0.495312 0.789062 0.184375 0.165625
21 0.114844 0.839063 0.229687 0.321875
22 0.342969 0.782031 0.110937 0.101562
22 0.495312 0.789062 0.184375 0.165625
22 0.114844 0.839063 0.229687 0.321875