0 0.542188 0.645312 0.018750 0.068750
0 0.336719 0.619531 0.029687 0.117188
0 0.433594 0.615625 0.164062 0.137500
0 0.585156 0.603906 0.073438 0.142187
0 0.913281 0.559375 0.173437 0.125000
0 0.671875 0.550781 0.096875 0.217188
0 0.019531 0.478906 0.039062 0.098437
0 0.758594 0.523438 0.082812 0.231250
0 0.179688 0.363281 0.281250 0.589063
0 0.042969 0.180469 0.085938 0.360938
3 0.521875 0.684375 0.403125 0.100000
3 0.862500 0.662500 0.275000 0.190625
3 0.128125 0.637500 0.215625 0.209375
3 0.013281 0.628125 0.026562 0.221875
21 0.376563 0.716406 0.028125 0.035937
21 0.409375 0.709375 0.034375 0.031250
21 0.207813 0.740625 0.240625 0.246875
22 0.376563 0.716406 0.028125 0.035937
22 0.409375 0.709375 0.034375 0.031250
22 0.207813 0.740625 0.240625 0.246875