0 0.770312 0.489844 0.062500 0.032813
0 0.336719 0.428906 0.026562 0.020313
0 0.882031 0.395313 0.017188 0.106250
0 0.725781 0.273438 0.023438 0.300000
0 0.214844 0.244531 0.270313 0.257812
0 0.038281 0.224219 0.076563 0.242188
0 0.858594 0.253125 0.282813 0.506250
2 0.754687 0.624219 0.115625 0.067187
2 0.665625 0.594531 0.043750 0.035937
2 0.914062 0.616406 0.171875 0.120313
2 0.785156 0.583594 0.067187 0.064062
2 0.672656 0.553125 0.042188 0.034375
2 0.632031 0.555469 0.067187 0.054688
3 0.783594 0.514062 0.039062 0.015625
3 0.914844 0.551562 0.170313 0.106250
3 0.028125 0.436719 0.040625 0.017188
5 0.920312 0.603125 0.159375 0.050000
5 0.651563 0.517969 0.028125 0.032813
5 0.017188 0.500000 0.034375 0.018750
5 0.352344 0.485938 0.045312 0.018750
11 0.780469 0.536719 0.051562 0.042188
11 0.937500 0.463281 0.050000 0.023438
11 0.870313 0.476562 0.040625 0.059375
11 0.766406 0.452344 0.054688 0.057813
11 0.686719 0.489063 0.095312 0.159375
11 0.414062 0.446094 0.443750 0.176563
11 0.133594 0.374219 0.110937 0.057813
11 0.036719 0.367188 0.073438 0.050000
13 0.576562 0.485156 0.031250 0.042188
15 0.694531 0.586719 0.023438 0.067187
15 0.764062 0.561719 0.015625 0.057813
21 0.041406 0.584375 0.082812 0.100000
21 0.344531 0.569531 0.498437 0.151562
21 0.150000 0.492188 0.028125 0.028125
22 0.041406 0.584375 0.082812 0.100000
22 0.344531 0.569531 0.498437 0.151562
22 0.150000 0.492188 0.028125 0.028125