0 0.296875 0.557031 0.021875 0.039062
0 0.023438 0.557813 0.034375 0.146875
0 0.167969 0.457813 0.073438 0.243750
0 0.071875 0.414062 0.143750 0.437500
2 0.850781 0.749219 0.029687 0.042188
3 0.014844 0.590625 0.029687 0.137500
5 0.467187 0.598437 0.059375 0.021875
5 0.741406 0.620313 0.276562 0.196875
6 0.342187 0.583594 0.084375 0.148438
21 0.610156 0.685156 0.470313 0.185938
21 0.926562 0.762500 0.146875 0.362500
21 0.175781 0.670312 0.351562 0.184375
22 0.610156 0.685156 0.470313 0.185938
22 0.926562 0.762500 0.146875 0.362500
22 0.175781 0.670312 0.351562 0.184375