0 0.459375 0.563281 0.021875 0.023438
0 0.732031 0.571094 0.198437 0.135937
0 0.917188 0.565625 0.165625 0.184375
0 0.198437 0.451562 0.034375 0.028125
2 0.821094 0.692187 0.229687 0.053125
2 0.064062 0.635938 0.087500 0.021875
2 0.606250 0.614844 0.046875 0.023438
2 0.121094 0.609375 0.176563 0.021875
4 0.383594 0.464844 0.035937 0.167187
4 0.252344 0.307031 0.110937 0.614062
7 0.975000 0.634375 0.040625 0.046875
21 0.563281 0.600000 0.039062 0.046875
21 0.484375 0.599219 0.084375 0.057813
21 0.314063 0.589063 0.109375 0.056250
21 0.190625 0.556250 0.037500 0.021875
21 0.143750 0.557813 0.037500 0.043750
21 0.017188 0.594531 0.034375 0.179688
22 0.563281 0.600000 0.039062 0.046875
22 0.484375 0.599219 0.084375 0.057813
22 0.314063 0.589063 0.109375 0.056250
22 0.190625 0.556250 0.037500 0.021875
22 0.143750 0.557813 0.037500 0.043750
22 0.017188 0.594531 0.034375 0.179688