0 0.372656 0.514062 0.039062 0.034375
0 0.538281 0.500000 0.032813 0.037500
0 0.567969 0.498437 0.017188 0.040625
0 0.639844 0.489844 0.035937 0.045312
0 0.810937 0.475781 0.028125 0.029687
0 0.669531 0.479687 0.014063 0.037500
0 0.882812 0.472656 0.043750 0.032813
0 0.017969 0.490625 0.035937 0.068750
0 0.721875 0.461719 0.081250 0.076563
0 0.777344 0.451562 0.035937 0.081250
0 0.753125 0.359375 0.131250 0.112500
0 0.654687 0.320312 0.075000 0.096875
0 0.528125 0.371094 0.175000 0.207813
0 0.910156 0.322656 0.179688 0.120313
0 0.218750 0.289062 0.437500 0.578125
4 0.660156 0.420312 0.004687 0.165625
4 0.617188 0.374219 0.025000 0.282813
21 0.968750 0.610938 0.025000 0.093750
21 0.875000 0.572656 0.056250 0.104688
21 0.028906 0.545312 0.057813 0.062500
21 0.308594 0.553906 0.126562 0.095312
21 0.139063 0.560156 0.121875 0.107813
21 0.566406 0.563281 0.395313 0.142187
21 0.803125 0.507031 0.040625 0.045312
21 0.876563 0.503906 0.087500 0.042188
21 0.969531 0.554688 0.060937 0.200000
22 0.968750 0.610938 0.025000 0.093750
22 0.875000 0.572656 0.056250 0.104688
22 0.028906 0.545312 0.057813 0.062500
22 0.308594 0.553906 0.126562 0.095312
22 0.139063 0.560156 0.121875 0.107813
22 0.566406 0.563281 0.395313 0.142187
22 0.803125 0.507031 0.040625 0.045312
22 0.876563 0.503906 0.087500 0.042188
22 0.969531 0.554688 0.060937 0.200000