0 0.288281 0.620313 0.060937 0.065625
0 0.442188 0.605469 0.018750 0.039062
0 0.349219 0.603906 0.057813 0.039062
0 0.407813 0.601562 0.046875 0.046875
0 0.497656 0.610938 0.010937 0.075000
0 0.473438 0.604688 0.037500 0.062500
0 0.632031 0.614062 0.048438 0.096875
0 0.576562 0.608594 0.056250 0.098437
0 0.525781 0.604688 0.045312 0.093750
0 0.828125 0.621875 0.331250 0.150000
0 0.127344 0.596875 0.254688 0.168750
4 0.653125 0.581250 0.031250 0.165625
4 0.964844 0.548438 0.070312 0.296875
13 0.996094 0.480469 0.007812 0.157812
13 0.495312 0.432031 0.990625 0.320312
21 0.475781 0.653906 0.045312 0.045312
22 0.475781 0.653906 0.045312 0.045312