0 0.430469 0.703125 0.023438 0.059375
0 0.395313 0.696094 0.025000 0.070312
0 0.325000 0.686719 0.093750 0.082812
0 0.031250 0.667969 0.062500 0.048438
2 0.257031 0.876563 0.514062 0.246875
3 0.436719 0.753906 0.039062 0.045312
3 0.321875 0.773438 0.181250 0.103125
3 0.110156 0.787500 0.220312 0.156250
4 0.372656 0.667969 0.007812 0.123438
4 0.421875 0.475781 0.050000 0.145313
13 0.206250 0.653906 0.078125 0.060937
13 0.593750 0.610156 0.350000 0.135937
13 0.330469 0.613281 0.170313 0.145313
13 0.955469 0.563281 0.089063 0.048438
21 0.654687 0.757812 0.059375 0.053125
21 0.560937 0.752344 0.071875 0.060937
22 0.654687 0.757812 0.059375 0.053125
22 0.560937 0.752344 0.071875 0.060937