0 0.667188 0.572656 0.028125 0.026562
0 0.617188 0.565625 0.028125 0.031250
0 0.917969 0.556250 0.057813 0.015625
0 0.983594 0.550781 0.032813 0.026562
0 0.064844 0.530469 0.129688 0.079687
2 0.101562 0.572656 0.203125 0.020313
2 0.658594 0.754687 0.682813 0.390625
3 0.930469 0.584375 0.139063 0.043750
3 0.831250 0.578906 0.056250 0.032813
3 0.721094 0.575781 0.079687 0.029687
3 0.639062 0.569531 0.028125 0.020313
4 0.209375 0.503125 0.025000 0.068750
4 0.953906 0.482031 0.014063 0.092188
4 0.102344 0.466406 0.014063 0.073438
7 0.948438 0.671875 0.053125 0.056250