0 0.420312 0.696875 0.012500 0.081250
0 0.407031 0.667188 0.017188 0.134375
0 0.014063 0.623437 0.028125 0.062500
0 0.371094 0.645312 0.060937 0.171875
0 0.588281 0.638281 0.320312 0.229687
0 0.853906 0.619531 0.292187 0.210938
0 0.200781 0.471875 0.329688 0.503125
3 0.977344 0.819531 0.045312 0.017188
3 0.631250 0.755469 0.146875 0.035937
3 0.960156 0.743750 0.079687 0.050000
3 0.213281 0.802344 0.426563 0.229687
21 0.441406 0.746875 0.032813 0.050000
21 0.493750 0.750781 0.059375 0.067187
21 0.820312 0.794531 0.262500 0.204687
22 0.441406 0.746875 0.032813 0.050000
22 0.493750 0.750781 0.059375 0.067187
22 0.820312 0.794531 0.262500 0.204687