0 0.626563 0.672656 0.031250 0.023438
0 0.548438 0.668750 0.040625 0.021875
0 0.982812 0.670312 0.018750 0.034375
0 0.955469 0.671094 0.035937 0.035937
0 0.882031 0.675000 0.064062 0.065625
0 0.682031 0.657813 0.054688 0.050000
0 0.775781 0.646875 0.123438 0.053125
3 0.295312 0.749219 0.100000 0.010937
3 0.826562 0.760938 0.346875 0.037500
4 0.322656 0.662500 0.020313 0.065625
4 0.483594 0.608594 0.082812 0.151562
4 0.632812 0.522656 0.075000 0.320312
6 0.942187 0.718750 0.081250 0.050000
8 0.667969 0.712500 0.135937 0.065625
20 0.980469 0.705469 0.039062 0.039062
20 0.740625 0.695312 0.115625 0.071875
21 0.677344 0.737500 0.057813 0.034375
21 0.990625 0.725781 0.018750 0.032813
21 0.494531 0.746094 0.304688 0.073438
21 0.807813 0.723437 0.190625 0.043750
22 0.677344 0.737500 0.057813 0.034375
22 0.990625 0.725781 0.018750 0.032813
22 0.494531 0.746094 0.304688 0.073438
22 0.807813 0.723437 0.190625 0.043750