0 0.104688 0.643750 0.037500 0.025000
11 0.265625 0.626563 0.043750 0.040625
11 0.307031 0.604688 0.023438 0.021875
11 0.500000 0.619531 0.062500 0.054688
11 0.393750 0.603906 0.146875 0.023438
21 0.531250 0.653906 0.031250 0.026562
21 0.684375 0.673438 0.100000 0.071875
21 0.429688 0.650781 0.031250 0.026562
21 0.478125 0.649219 0.034375 0.029687
22 0.531250 0.653906 0.031250 0.026562
22 0.684375 0.673438 0.100000 0.071875
22 0.429688 0.650781 0.031250 0.026562
22 0.478125 0.649219 0.034375 0.029687