0 0.772656 0.671875 0.026562 0.037500
0 0.968750 0.670312 0.062500 0.056250
0 0.878125 0.667969 0.056250 0.054688
0 0.816406 0.660937 0.057813 0.065625
0 0.145313 0.654687 0.034375 0.062500
0 0.743750 0.655469 0.021875 0.070312
0 0.060156 0.648438 0.014063 0.059375
0 0.104688 0.638281 0.043750 0.060937
0 0.706250 0.646875 0.050000 0.084375
0 0.025781 0.641406 0.051562 0.073438
0 0.565625 0.611719 0.103125 0.129688
0 0.239844 0.500781 0.292187 0.360938
0 0.048438 0.424219 0.096875 0.226562
0 0.656250 0.481250 0.378125 0.378125
2 0.866406 0.773438 0.267188 0.075000
2 0.078125 0.718750 0.065625 0.018750
3 0.842187 0.740625 0.315625 0.109375
3 0.057813 0.701562 0.115625 0.062500
10 0.459375 0.747656 0.046875 0.085938
14 0.457031 0.707812 0.051562 0.125000
21 0.274219 0.694531 0.023438 0.048438
21 0.186719 0.692187 0.126562 0.046875
21 0.103125 0.687500 0.040625 0.040625
21 0.307031 0.688281 0.032813 0.045312
21 0.418750 0.696875 0.065625 0.065625
21 0.353125 0.685937 0.065625 0.059375
21 0.589844 0.735156 0.245312 0.189062
22 0.274219 0.694531 0.023438 0.048438
22 0.186719 0.692187 0.126562 0.046875
22 0.103125 0.687500 0.040625 0.040625
22 0.307031 0.688281 0.032813 0.045312
22 0.418750 0.696875 0.065625 0.065625
22 0.353125 0.685937 0.065625 0.059375
22 0.589844 0.735156 0.245312 0.189062