0 0.025781 0.603125 0.051562 0.028125
0 0.740625 0.639062 0.193750 0.131250
0 0.937500 0.419531 0.125000 0.226562
2 0.832031 0.820312 0.335938 0.075000
5 0.844531 0.623437 0.310937 0.406250
13 0.447656 0.679688 0.048438 0.056250
13 0.557813 0.661719 0.168750 0.092188
13 0.022656 0.624219 0.042188 0.029687
13 0.689844 0.637500 0.095312 0.084375
13 0.432031 0.619531 0.114062 0.107813
13 0.188281 0.619531 0.373437 0.120313
21 0.169531 0.755469 0.064062 0.023438
21 0.462500 0.786719 0.159375 0.160938
22 0.169531 0.755469 0.064062 0.023438
22 0.462500 0.786719 0.159375 0.160938