0 0.568750 0.458594 0.031250 0.054688
0 0.535156 0.449219 0.032813 0.042188
0 0.671094 0.455469 0.017188 0.067187
0 0.617969 0.453125 0.064062 0.068750
0 0.705469 0.433594 0.042188 0.139063
0 0.760156 0.427344 0.060937 0.157812
0 0.953125 0.411719 0.093750 0.154688
0 0.801562 0.421875 0.009375 0.181250
0 0.853125 0.426563 0.078125 0.193750
0 0.255469 0.489063 0.510938 0.603125
2 0.866406 0.532031 0.267188 0.054688
3 0.953906 0.514844 0.092188 0.054688
4 0.728125 0.423438 0.006250 0.118750
4 0.679688 0.406250 0.021875 0.187500
4 0.780469 0.328125 0.070312 0.390625
4 0.893750 0.274219 0.062500 0.548438
17 0.284375 0.648438 0.059375 0.112500
18 0.493750 0.449219 0.021875 0.035937
18 0.378906 0.450781 0.020313 0.039062
21 0.441406 0.519531 0.245312 0.114062
22 0.441406 0.519531 0.245312 0.114062