0 0.046094 0.679688 0.023438 0.087500
0 0.343750 0.657813 0.034375 0.056250
0 0.291406 0.656250 0.045312 0.068750
0 0.234375 0.653125 0.040625 0.084375
0 0.176563 0.653906 0.037500 0.117188
0 0.114062 0.631250 0.093750 0.184375
0 0.019531 0.628125 0.039062 0.193750
1 0.324219 0.167969 0.039062 0.014063
2 0.168750 0.743750 0.337500 0.115625
4 0.369531 0.567969 0.032813 0.232813
8 0.792188 0.633594 0.053125 0.129688
8 0.912500 0.621094 0.175000 0.192188
21 0.619531 0.681250 0.092188 0.081250
21 0.465625 0.676562 0.071875 0.071875
22 0.619531 0.681250 0.092188 0.081250
22 0.465625 0.676562 0.071875 0.071875