0 0.455469 0.418750 0.023438 0.050000
0 0.416406 0.424219 0.057813 0.082812
0 0.641406 0.334375 0.126562 0.184375
0 0.442969 0.289062 0.101562 0.096875
0 0.246094 0.307812 0.289062 0.321875
0 0.060156 0.319531 0.120313 0.389062
2 0.801562 0.614844 0.396875 0.229687
2 0.210938 0.667188 0.421875 0.334375
2 0.446094 0.496094 0.039062 0.032813
3 0.821875 0.480469 0.356250 0.057813
5 0.485938 0.464844 0.031250 0.023438
21 0.540625 0.464844 0.028125 0.029687
21 0.630469 0.461719 0.051562 0.042188
22 0.540625 0.464844 0.028125 0.029687
22 0.630469 0.461719 0.051562 0.042188