0 0.399219 0.171094 0.185938 0.095312
0 0.236719 0.172656 0.132812 0.164062
0 0.810937 0.152344 0.378125 0.304688
2 0.594531 0.317969 0.067187 0.032813
2 0.514062 0.282813 0.203125 0.025000
2 0.209375 0.264844 0.096875 0.014063
2 0.076563 0.264062 0.096875 0.015625
2 0.314844 0.260156 0.135937 0.017188
3 0.342187 0.239844 0.118750 0.045312
6 0.166406 0.177344 0.023438 0.029687
21 0.202344 0.239844 0.029687 0.039062
21 0.016406 0.233594 0.032813 0.095312
21 0.807031 0.418750 0.385937 0.565625
22 0.202344 0.239844 0.029687 0.039062
22 0.016406 0.233594 0.032813 0.095312
22 0.807031 0.418750 0.385937 0.565625