0 0.541406 0.468750 0.023438 0.043750
0 0.180469 0.449219 0.017188 0.054688
0 0.615625 0.389062 0.012500 0.043750
0 0.509375 0.389062 0.018750 0.043750
0 0.594531 0.433594 0.026562 0.142187
0 0.736719 0.378906 0.039062 0.060937
0 0.473438 0.417187 0.043750 0.140625
0 0.424219 0.388281 0.054688 0.085938
0 0.668750 0.378125 0.081250 0.081250
0 0.208594 0.394531 0.023438 0.139063
0 0.292969 0.397656 0.104688 0.164062
0 0.171875 0.345313 0.037500 0.084375
0 0.141406 0.330469 0.017188 0.060937
0 0.097656 0.317188 0.057813 0.056250
0 0.048438 0.296094 0.034375 0.029687
2 0.010156 0.560156 0.020313 0.026562
2 0.814063 0.551562 0.371875 0.071875
3 0.689844 0.479687 0.029687 0.046875
3 0.730469 0.479687 0.032813 0.056250
3 0.873437 0.483594 0.253125 0.073438
3 0.098437 0.425781 0.018750 0.060937
4 0.555469 0.364844 0.060937 0.214062
4 0.217969 0.376563 0.035937 0.284375
4 0.168750 0.295312 0.046875 0.134375
4 0.130469 0.300000 0.017188 0.162500
4 0.606250 0.342969 0.056250 0.367188
4 0.698438 0.314063 0.062500 0.468750
4 0.166406 0.114062 0.070312 0.193750
5 0.873437 0.537500 0.253125 0.059375
5 0.729688 0.522656 0.031250 0.039062
5 0.666406 0.470313 0.070312 0.125000
21 0.500000 0.484375 0.025000 0.028125
21 0.563281 0.516406 0.070312 0.098437
21 0.417969 0.495312 0.023438 0.056250
21 0.274219 0.478906 0.032813 0.035937
21 0.208594 0.487500 0.023438 0.053125
21 0.130469 0.528906 0.117188 0.154688
21 0.367969 0.478125 0.067187 0.100000
22 0.500000 0.484375 0.025000 0.028125
22 0.563281 0.516406 0.070312 0.098437
22 0.417969 0.495312 0.023438 0.056250
22 0.274219 0.478906 0.032813 0.035937
22 0.208594 0.487500 0.023438 0.053125
22 0.130469 0.528906 0.117188 0.154688
22 0.367969 0.478125 0.067187 0.100000