0 0.484375 0.393750 0.025000 0.031250
0 0.797656 0.380469 0.076563 0.023438
0 0.542969 0.379688 0.057813 0.068750
0 0.475781 0.375000 0.060937 0.059375
0 0.936719 0.371875 0.126562 0.065625
0 0.800000 0.343750 0.078125 0.012500
0 0.743750 0.361719 0.021875 0.048438
0 0.678906 0.360938 0.095312 0.050000
0 0.600000 0.365625 0.053125 0.059375
0 0.244531 0.347656 0.017188 0.032813
0 0.220312 0.343750 0.031250 0.043750
0 0.125781 0.353906 0.114062 0.095312
0 0.032813 0.353125 0.065625 0.096875
2 0.785937 0.492969 0.103125 0.029687
4 0.191406 0.325000 0.023438 0.203125
5 0.154688 0.412500 0.040625 0.021875
5 0.036719 0.411719 0.057813 0.020313
8 0.362500 0.403125 0.031250 0.037500
12 0.112500 0.459375 0.225000 0.009375
12 0.053125 0.438281 0.106250 0.014063
13 0.407031 0.385937 0.048438 0.031250
21 0.548438 0.466406 0.378125 0.179688
21 0.807031 0.414844 0.064062 0.082812
21 0.292187 0.436719 0.134375 0.126562
21 0.932813 0.426563 0.134375 0.112500
22 0.548438 0.466406 0.378125 0.179688
22 0.807031 0.414844 0.064062 0.082812
22 0.292187 0.436719 0.134375 0.126562
22 0.932813 0.426563 0.134375 0.112500