0 0.328906 0.335938 0.017188 0.046875
0 0.810156 0.302344 0.014063 0.057813
0 0.500000 0.357812 1.000000 0.715625
2 0.877344 0.565625 0.245312 0.125000
2 0.405469 0.718750 0.810937 0.562500
6 0.407031 0.400781 0.039062 0.029687
6 0.479687 0.419531 0.056250 0.073438
6 0.344531 0.389844 0.057813 0.064062
6 0.638281 0.421094 0.245312 0.317188
7 0.799219 0.458594 0.026562 0.054688
9 0.835156 0.484375 0.079687 0.078125
10 0.771875 0.477344 0.040625 0.092188
21 0.498437 0.435156 0.034375 0.064062
21 0.403125 0.464844 0.140625 0.139063
22 0.498437 0.435156 0.034375 0.064062
22 0.403125 0.464844 0.140625 0.139063