0 0.503125 0.526563 0.031250 0.053125
0 0.457813 0.524219 0.056250 0.070312
0 0.580469 0.501563 0.020313 0.056250
0 0.200781 0.395313 0.026562 0.043750
0 0.207813 0.328906 0.021875 0.035937
0 0.233594 0.364063 0.035937 0.121875
0 0.053906 0.185938 0.107813 0.168750
0 0.883594 0.306250 0.232813 0.606250
2 0.910156 0.675781 0.179688 0.082812
2 0.731250 0.619531 0.059375 0.026562
2 0.217969 0.608594 0.435937 0.092188
3 0.239063 0.560937 0.059375 0.037500
3 0.135156 0.561719 0.142187 0.057813
3 0.031250 0.571875 0.018750 0.081250
5 0.092969 0.597656 0.048438 0.023438
5 0.324219 0.574219 0.192188 0.023438
5 0.012500 0.588281 0.025000 0.057813
7 0.050781 0.567187 0.042188 0.078125
21 0.596094 0.589844 0.217188 0.182812
22 0.596094 0.589844 0.217188 0.182812