0 0.535156 0.696875 0.045312 0.115625
0 0.439063 0.648438 0.015625 0.037500
0 0.425000 0.628125 0.021875 0.068750
0 0.388281 0.662500 0.048438 0.137500
0 0.571875 0.676562 0.034375 0.168750
0 0.957031 0.698438 0.085938 0.218750
0 0.899219 0.682031 0.042188 0.201563
0 0.219531 0.512500 0.439063 0.493750
0 0.773438 0.476562 0.453125 0.631250
1 0.761719 0.364063 0.039062 0.018750
2 0.129688 0.828125 0.259375 0.100000
2 0.288281 0.761719 0.170313 0.020313
4 0.925000 0.776563 0.018750 0.103125
4 0.084375 0.712500 0.018750 0.125000
4 0.847656 0.629687 0.014063 0.146875
4 0.905469 0.560937 0.026562 0.225000
4 0.108594 0.517188 0.039062 0.262500
21 0.939844 0.910156 0.120313 0.179688
21 0.906250 0.794531 0.031250 0.045312
21 0.832031 0.780469 0.098437 0.060937
21 0.657813 0.791406 0.146875 0.129688
21 0.171094 0.729688 0.092188 0.075000
21 0.106250 0.726562 0.043750 0.068750
21 0.452344 0.763281 0.160938 0.167187
22 0.939844 0.910156 0.120313 0.179688
22 0.906250 0.794531 0.031250 0.045312
22 0.832031 0.780469 0.098437 0.060937
22 0.657813 0.791406 0.146875 0.129688
22 0.171094 0.729688 0.092188 0.075000
22 0.106250 0.726562 0.043750 0.068750
22 0.452344 0.763281 0.160938 0.167187