0 0.866406 0.517188 0.048438 0.043750
0 0.346875 0.496875 0.021875 0.037500
0 0.290625 0.485938 0.031250 0.043750
0 0.958594 0.489063 0.057813 0.096875
0 0.610156 0.445312 0.054688 0.087500
0 0.950781 0.182812 0.098437 0.365625
2 0.185156 0.623437 0.370312 0.125000
2 0.450000 0.562500 0.137500 0.037500
3 0.900000 0.627344 0.200000 0.160938
3 0.716406 0.572656 0.048438 0.079687
3 0.530469 0.532813 0.067187 0.018750
3 0.302344 0.561719 0.054688 0.092188
3 0.414062 0.542969 0.156250 0.060937
7 0.746875 0.553125 0.018750 0.046875
9 0.803125 0.615625 0.037500 0.084375
9 0.826562 0.550781 0.034375 0.032813
11 0.031250 0.557031 0.028125 0.207813
11 0.268750 0.330469 0.537500 0.660937
12 0.701562 0.634375 0.087500 0.028125
12 0.350781 0.636719 0.201563 0.035937
21 0.559375 0.698438 0.265625 0.300000
21 0.664062 0.541406 0.028125 0.032813
21 0.701562 0.538281 0.037500 0.035937
21 0.606250 0.528906 0.025000 0.029687
22 0.559375 0.698438 0.265625 0.300000
22 0.664062 0.541406 0.028125 0.032813
22 0.701562 0.538281 0.037500 0.035937
22 0.606250 0.528906 0.025000 0.029687