0 0.129688 0.632812 0.012500 0.093750
0 0.585938 0.605469 0.025000 0.051562
0 0.158594 0.535156 0.026562 0.051562
0 0.667969 0.553125 0.132812 0.206250
0 0.707031 0.143750 0.023438 0.040625
0 0.847656 0.432031 0.304688 0.864062
0 0.253125 0.339062 0.506250 0.678125
2 0.778125 0.775000 0.443750 0.231250
2 0.289062 0.668750 0.278125 0.040625
2 0.643750 0.653906 0.181250 0.020313
5 0.376563 0.632031 0.106250 0.045312
6 0.521094 0.608594 0.057813 0.098437
21 0.446094 0.635938 0.035937 0.031250
21 0.033594 0.624219 0.067187 0.129688
22 0.446094 0.635938 0.035937 0.031250
22 0.033594 0.624219 0.067187 0.129688