0 0.232031 0.681250 0.029687 0.043750
0 0.113281 0.688281 0.035937 0.073438
0 0.153125 0.628125 0.040625 0.028125
0 0.116406 0.631250 0.026562 0.037500
0 0.572656 0.622656 0.017188 0.067187
0 0.438281 0.652344 0.223438 0.132812
0 0.135156 0.580469 0.054688 0.029687
0 0.053906 0.648438 0.104688 0.175000
0 0.269531 0.495312 0.273438 0.465625
0 0.688281 0.422656 0.214062 0.445312
0 0.849219 0.371875 0.301563 0.743750
1 0.660937 0.189062 0.040625 0.025000
2 0.120313 0.845313 0.137500 0.068750
2 0.945312 0.760156 0.109375 0.048438
3 0.113281 0.731250 0.035937 0.018750
4 0.799219 0.612500 0.017188 0.059375
4 0.542188 0.564844 0.043750 0.139063
4 0.734375 0.321094 0.106250 0.279687
6 0.015625 0.733594 0.031250 0.070312
11 0.442969 0.683594 0.045312 0.014063
21 0.299219 0.770312 0.223438 0.190625
21 0.663281 0.717969 0.485938 0.151562
22 0.299219 0.770312 0.223438 0.190625
22 0.663281 0.717969 0.485938 0.151562