0 0.844531 0.807813 0.060937 0.015625
0 0.010156 0.810156 0.020313 0.095312
0 0.012500 0.733594 0.025000 0.048438
0 0.903906 0.754687 0.048438 0.131250
0 0.949219 0.741406 0.057813 0.157812
0 0.104688 0.759375 0.159375 0.196875
0 0.989062 0.737500 0.021875 0.162500
0 0.596094 0.726562 0.082812 0.187500
0 0.016406 0.640625 0.032813 0.100000
0 0.510156 0.689844 0.082812 0.257812
0 0.917969 0.610938 0.098437 0.143750
0 0.520312 0.527344 0.031250 0.042188
0 0.760938 0.640625 0.228125 0.350000
0 0.993750 0.476562 0.012500 0.109375
0 0.027344 0.462500 0.054688 0.150000
0 0.322656 0.575781 0.270313 0.489063
0 0.480469 0.410156 0.110937 0.189062
2 0.904687 0.874219 0.184375 0.007812
3 0.905469 0.846875 0.189062 0.056250
3 0.404687 0.861719 0.809375 0.095312
17 0.361719 0.966406 0.017188 0.067187
17 0.029687 0.963281 0.034375 0.073438
21 0.578906 0.848437 0.042188 0.018750
21 0.274219 0.848437 0.067187 0.018750
21 0.363281 0.842969 0.076563 0.029687
22 0.578906 0.848437 0.042188 0.018750
22 0.274219 0.848437 0.067187 0.018750
22 0.363281 0.842969 0.076563 0.029687