0 0.751563 0.619531 0.021875 0.042188
0 0.568750 0.608594 0.034375 0.039062
0 0.713281 0.607812 0.045312 0.071875
0 0.778125 0.591406 0.056250 0.064062
0 0.674219 0.602344 0.095312 0.085938
0 0.345313 0.560937 0.065625 0.125000
0 0.892969 0.521094 0.114062 0.092188
0 0.269531 0.523438 0.067187 0.115625
0 0.104688 0.384375 0.209375 0.312500
2 0.116406 0.707812 0.232813 0.131250
4 0.442969 0.400000 0.045312 0.243750
4 0.373437 0.367969 0.437500 0.735938
5 0.324219 0.605469 0.035937 0.035937
5 0.264062 0.593750 0.065625 0.059375
5 0.085938 0.558594 0.171875 0.179688
6 0.895312 0.600781 0.209375 0.101562
21 0.717187 0.633594 0.043750 0.020313
21 0.640625 0.641406 0.087500 0.045312
21 0.483594 0.635938 0.051562 0.062500
22 0.717187 0.633594 0.043750 0.020313
22 0.640625 0.641406 0.087500 0.045312
22 0.483594 0.635938 0.051562 0.062500