0 0.263281 0.674219 0.023438 0.032813
0 0.228906 0.675781 0.035937 0.035937
0 0.173437 0.553906 0.031250 0.089063
0 0.848437 0.600781 0.303125 0.232813
0 0.078906 0.535156 0.157812 0.292187
2 0.075000 0.725000 0.150000 0.034375
2 0.228125 0.703125 0.137500 0.028125
3 0.382031 0.673438 0.035937 0.015625
3 0.044531 0.688281 0.089063 0.076563
3 0.738281 0.674219 0.142187 0.051562
18 0.028906 0.450000 0.057813 0.046875
21 0.693750 0.719531 0.143750 0.104688
21 0.912500 0.726562 0.175000 0.121875
21 0.425781 0.674219 0.048438 0.026562
21 0.327344 0.681250 0.067187 0.062500
21 0.534375 0.690625 0.165625 0.150000
22 0.693750 0.719531 0.143750 0.104688
22 0.912500 0.726562 0.175000 0.121875
22 0.425781 0.674219 0.048438 0.026562
22 0.327344 0.681250 0.067187 0.062500
22 0.534375 0.690625 0.165625 0.150000