0 0.767188 0.640625 0.043750 0.065625
0 0.988281 0.507031 0.023438 0.073438
2 0.817969 0.713281 0.364063 0.132812
5 0.892969 0.687500 0.051562 0.040625
5 0.816406 0.662500 0.020313 0.040625
5 0.787500 0.656250 0.025000 0.040625
6 0.657031 0.557813 0.060937 0.021875
8 0.731250 0.633594 0.028125 0.035937
11 0.307031 0.620313 0.260937 0.100000
11 0.607812 0.620313 0.275000 0.103125
11 0.819531 0.602344 0.026562 0.070312
11 0.773438 0.601562 0.053125 0.068750
12 0.500000 0.883594 1.000000 0.104688
21 0.064844 0.702344 0.129688 0.126562
21 0.303906 0.667969 0.070312 0.067187
21 0.221094 0.672656 0.092188 0.076563
21 0.541406 0.671094 0.160938 0.089063
21 0.300781 0.554688 0.048438 0.031250
22 0.064844 0.702344 0.129688 0.126562
22 0.303906 0.667969 0.070312 0.067187
22 0.221094 0.672656 0.092188 0.076563
22 0.541406 0.671094 0.160938 0.089063
22 0.300781 0.554688 0.048438 0.031250