0 0.627344 0.553125 0.007812 0.081250
0 0.774219 0.542188 0.029687 0.103125
0 0.622656 0.399219 0.014063 0.067187
0 0.816406 0.367969 0.367188 0.732812
0 0.312500 0.330469 0.625000 0.660937
2 0.782031 0.835156 0.435937 0.329688
2 0.399219 0.660156 0.292187 0.014063
9 0.658594 0.664844 0.020313 0.070312
9 0.804688 0.658594 0.031250 0.079687
9 0.765625 0.639844 0.043750 0.117188
21 0.221875 0.646094 0.053125 0.035937
21 0.180469 0.646094 0.039062 0.035937
21 0.190625 0.617188 0.071875 0.018750
21 0.660937 0.629687 0.028125 0.059375
21 0.059375 0.636719 0.118750 0.079687
21 0.807813 0.618750 0.028125 0.046875
21 0.720313 0.625000 0.078125 0.059375
21 0.777344 0.621875 0.026562 0.056250
21 0.595313 0.625781 0.050000 0.067187
21 0.859375 0.621875 0.046875 0.075000
22 0.221875 0.646094 0.053125 0.035937
22 0.180469 0.646094 0.039062 0.035937
22 0.190625 0.617188 0.071875 0.018750
22 0.660937 0.629687 0.028125 0.059375
22 0.059375 0.636719 0.118750 0.079687
22 0.807813 0.618750 0.028125 0.046875
22 0.720313 0.625000 0.078125 0.059375
22 0.777344 0.621875 0.026562 0.056250
22 0.595313 0.625781 0.050000 0.067187
22 0.859375 0.621875 0.046875 0.075000