0 0.482031 0.602344 0.026562 0.035937
0 0.124219 0.599219 0.017188 0.042188
0 0.535937 0.596094 0.015625 0.045312
0 0.582812 0.603906 0.059375 0.070312
0 0.365625 0.552344 0.137500 0.160938
0 0.192188 0.545312 0.037500 0.162500
0 0.253125 0.515625 0.084375 0.140625
0 0.862500 0.363281 0.275000 0.726562
2 0.887500 0.925000 0.225000 0.150000
2 0.202344 0.793750 0.229687 0.065625
2 0.806250 0.757031 0.387500 0.154688
2 0.034375 0.692187 0.068750 0.031250
2 0.144531 0.674219 0.104688 0.029687
21 0.158594 0.631250 0.048438 0.034375
21 0.262500 0.636719 0.040625 0.107813
21 0.216406 0.639844 0.045312 0.114062
21 0.657031 0.657031 0.204687 0.170313
21 0.450781 0.682813 0.201563 0.221875
22 0.158594 0.631250 0.048438 0.034375
22 0.262500 0.636719 0.040625 0.107813
22 0.216406 0.639844 0.045312 0.114062
22 0.657031 0.657031 0.204687 0.170313
22 0.450781 0.682813 0.201563 0.221875