0 0.473438 0.471875 0.075000 0.012500
0 0.664844 0.469531 0.035937 0.032813
0 0.632031 0.468750 0.017188 0.031250
0 0.868750 0.447656 0.034375 0.026562
0 0.567187 0.457031 0.065625 0.060937
0 0.159375 0.446875 0.106250 0.043750
0 0.784375 0.435937 0.087500 0.046875
0 0.075781 0.439844 0.045312 0.054688
2 0.762500 0.603125 0.475000 0.112500
2 0.564063 0.532813 0.078125 0.012500
3 0.010937 0.494531 0.015625 0.054688
3 0.146094 0.494531 0.079687 0.057813
3 0.075781 0.494531 0.045312 0.057813
3 0.817969 0.510156 0.145313 0.104688
4 0.307812 0.438281 0.068750 0.064062
5 0.319531 0.515625 0.076563 0.018750
5 0.211719 0.514062 0.095312 0.018750
6 0.804688 0.466406 0.121875 0.017188
8 0.439063 0.512500 0.037500 0.037500
11 0.480469 0.502344 0.095312 0.048438
11 0.235937 0.464062 0.031250 0.084375
11 0.066406 0.389844 0.026562 0.045312
11 0.025000 0.414844 0.050000 0.214062
11 0.500000 0.300781 1.000000 0.601562
21 0.374219 0.527344 0.042188 0.023438
21 0.252344 0.522656 0.070312 0.032813
22 0.374219 0.527344 0.042188 0.023438
22 0.252344 0.522656 0.070312 0.032813