0 0.864062 0.459375 0.050000 0.075000
0 0.334375 0.128906 0.018750 0.073438
2 0.450000 0.528125 0.118750 0.012500
2 0.581250 0.517969 0.034375 0.023438
2 0.841406 0.496094 0.242188 0.057813
2 0.987500 0.492969 0.025000 0.057813
12 0.789062 0.685156 0.271875 0.035937
12 0.250781 0.571094 0.120313 0.026562
12 0.425781 0.539062 0.126562 0.009375
18 0.771094 0.474219 0.035937 0.064062
21 0.364063 0.519531 0.018750 0.035937
21 0.273438 0.517188 0.156250 0.050000
22 0.364063 0.519531 0.018750 0.035937
22 0.273438 0.517188 0.156250 0.050000