0 0.992969 0.548438 0.014063 0.056250
0 0.878906 0.451562 0.242188 0.350000
1 0.635156 0.117969 0.032813 0.026562
2 0.949219 0.760938 0.101562 0.043750
2 0.289844 0.715625 0.157812 0.059375
4 0.721875 0.500000 0.021875 0.250000
5 0.736719 0.633594 0.032813 0.020313
6 0.410938 0.596875 0.053125 0.062500
6 0.344531 0.576562 0.020313 0.159375
6 0.103125 0.582812 0.206250 0.212500
6 0.273438 0.578906 0.118750 0.210938
21 0.835156 0.617188 0.029687 0.031250
21 0.789844 0.616406 0.060937 0.039062
21 0.639844 0.649219 0.170313 0.129688
21 0.499219 0.621875 0.073438 0.078125
21 0.896094 0.616406 0.082812 0.076563
21 0.964063 0.616406 0.034375 0.079687
21 0.993750 0.614844 0.012500 0.079687
22 0.835156 0.617188 0.029687 0.031250
22 0.789844 0.616406 0.060937 0.039062
22 0.639844 0.649219 0.170313 0.129688
22 0.499219 0.621875 0.073438 0.078125
22 0.896094 0.616406 0.082812 0.076563
22 0.964063 0.616406 0.034375 0.079687
22 0.993750 0.614844 0.012500 0.079687