0 0.974219 0.467187 0.029687 0.084375
0 0.605469 0.431250 0.026562 0.065625
0 0.971875 0.405469 0.028125 0.029687
0 0.917188 0.451562 0.050000 0.125000
0 0.748437 0.429688 0.253125 0.196875
0 0.362500 0.317188 0.512500 0.293750
0 0.032813 0.300781 0.065625 0.289062
1 0.425781 0.344531 0.023438 0.045312
1 0.364844 0.338281 0.026562 0.045312
2 0.197656 0.789844 0.179688 0.110937
2 0.595313 0.786719 0.809375 0.426563
2 0.029687 0.576562 0.059375 0.012500
2 0.250000 0.568750 0.284375 0.018750
2 0.436719 0.566406 0.070312 0.017188
2 0.705469 0.553125 0.342187 0.015625
2 0.191406 0.548438 0.164062 0.009375
2 0.495312 0.542188 0.187500 0.009375
3 0.604688 0.493750 0.025000 0.059375
3 0.630469 0.491406 0.017188 0.064062
3 0.495312 0.496875 0.190625 0.087500
3 0.118750 0.489063 0.021875 0.084375
3 0.264062 0.486719 0.256250 0.089063
3 0.031250 0.490625 0.062500 0.115625
4 0.132031 0.425781 0.007812 0.248438
4 0.426563 0.104688 0.018750 0.209375
5 0.164062 0.539062 0.056250 0.015625
5 0.252344 0.536719 0.042188 0.014063
5 0.430469 0.534375 0.060937 0.015625
5 0.333594 0.535156 0.117188 0.017188
5 0.542188 0.532031 0.093750 0.017188
21 0.980469 0.521094 0.039062 0.032813
21 0.652344 0.518750 0.026562 0.028125
21 0.760938 0.516406 0.025000 0.029687
22 0.980469 0.521094 0.039062 0.032813
22 0.652344 0.518750 0.026562 0.028125
22 0.760938 0.516406 0.025000 0.029687