0 0.245312 0.595313 0.112500 0.150000
0 0.088281 0.557031 0.176563 0.229687
0 0.017188 0.296094 0.034375 0.135937
21 0.241406 0.687500 0.082812 0.065625
21 0.485938 0.664844 0.046875 0.035937
21 0.054688 0.717187 0.109375 0.143750
21 0.364063 0.696875 0.140625 0.112500
21 0.756250 0.695312 0.487500 0.212500
22 0.241406 0.687500 0.082812 0.065625
22 0.485938 0.664844 0.046875 0.035937
22 0.054688 0.717187 0.109375 0.143750
22 0.364063 0.696875 0.140625 0.112500
22 0.756250 0.695312 0.487500 0.212500