0 0.336719 0.634375 0.032813 0.075000
0 0.303906 0.630469 0.026562 0.085938
0 0.500000 0.354687 1.000000 0.653125
2 0.116406 0.682813 0.098437 0.015625
2 0.235937 0.682031 0.093750 0.017188
2 0.400000 0.673438 0.062500 0.025000
3 0.985938 0.714844 0.028125 0.039062
3 0.693750 0.652344 0.071875 0.048438
3 0.825781 0.643750 0.048438 0.037500
3 0.936719 0.634375 0.082812 0.021875
8 0.032813 0.649219 0.065625 0.101562
10 0.488281 0.730469 0.020313 0.064062
12 0.848437 0.844531 0.059375 0.042188
12 0.481250 0.847656 0.043750 0.051562
12 0.736719 0.846094 0.195312 0.051562
12 0.239063 0.696094 0.084375 0.010937
14 0.488281 0.710938 0.029687 0.071875
17 0.433594 0.789062 0.023438 0.053125
21 0.574219 0.839063 0.151562 0.221875
21 0.750000 0.774219 0.150000 0.151562
21 0.480469 0.670312 0.104688 0.087500
21 0.399219 0.633594 0.029687 0.029687
22 0.574219 0.839063 0.151562 0.221875
22 0.750000 0.774219 0.150000 0.151562
22 0.480469 0.670312 0.104688 0.087500
22 0.399219 0.633594 0.029687 0.029687