0 0.251563 0.541406 0.046875 0.082812
0 0.850781 0.323437 0.298438 0.503125
2 0.951562 0.586719 0.096875 0.010937
2 0.746875 0.585938 0.081250 0.012500
2 0.252344 0.584375 0.082812 0.031250
3 0.717187 0.546875 0.037500 0.046875
3 0.794531 0.545312 0.045312 0.059375
3 0.968750 0.545312 0.062500 0.075000
3 0.872656 0.546875 0.107813 0.078125
6 0.449219 0.504687 0.039062 0.034375
21 0.845313 0.560156 0.131250 0.076563
21 0.095312 0.594531 0.190625 0.239063
21 0.520312 0.568750 0.356250 0.225000
22 0.845313 0.560156 0.131250 0.076563
22 0.095312 0.594531 0.190625 0.239063
22 0.520312 0.568750 0.356250 0.225000