0 0.089063 0.735156 0.021875 0.045312
0 0.390625 0.738281 0.053125 0.060937
0 0.287500 0.734375 0.018750 0.065625
0 0.082031 0.717187 0.026562 0.115625
0 0.657031 0.689844 0.035937 0.235937
0 0.276562 0.678125 0.171875 0.215625
0 0.530469 0.681250 0.210938 0.231250
0 0.235937 0.486719 0.034375 0.060937
0 0.107813 0.583594 0.215625 0.392188
0 0.841406 0.571094 0.317188 0.570312
2 0.892969 0.874219 0.173437 0.039062
2 0.635938 0.812500 0.034375 0.018750
2 0.046094 0.819531 0.092188 0.060937
3 0.546094 0.791406 0.060937 0.017188
9 0.867969 0.832812 0.023438 0.075000
18 0.355469 0.729688 0.023438 0.021875
21 0.578906 0.794531 0.026562 0.035937
21 0.607031 0.792969 0.020313 0.045312
21 0.191406 0.785156 0.210938 0.185938
22 0.578906 0.794531 0.026562 0.035937
22 0.607031 0.792969 0.020313 0.045312
22 0.191406 0.785156 0.210938 0.185938