0 0.519531 0.632812 0.076563 0.078125
0 0.427344 0.631250 0.085938 0.115625
0 0.167969 0.667188 0.057813 0.200000
0 0.349219 0.632031 0.073438 0.135937
0 0.888281 0.335938 0.223438 0.671875
0 0.358594 0.404687 0.717187 0.809375
2 0.857031 0.855469 0.285938 0.289062
2 0.284375 0.772656 0.568750 0.217188
2 0.739062 0.675781 0.071875 0.039062
2 0.891406 0.664062 0.217188 0.062500
7 0.169531 0.717969 0.026562 0.095312
9 0.482031 0.676562 0.026562 0.025000
21 0.789844 0.647656 0.020313 0.029687
21 0.625000 0.632812 0.184375 0.115625
22 0.789844 0.647656 0.020313 0.029687
22 0.625000 0.632812 0.184375 0.115625