0 0.569531 0.453125 0.020313 0.265625
0 0.972656 0.324219 0.054688 0.623437
0 0.750781 0.313281 0.379688 0.626563
0 0.279687 0.296094 0.559375 0.592187
2 0.660937 0.615625 0.290625 0.075000
2 0.224219 0.610156 0.323437 0.070312
3 0.542969 0.582031 0.042188 0.032813
3 0.251563 0.547656 0.068750 0.054688
5 0.251563 0.592187 0.078125 0.043750
5 0.508594 0.541406 0.029687 0.060937
5 0.409375 0.540625 0.012500 0.059375
5 0.110937 0.557813 0.221875 0.156250
8 0.360156 0.550000 0.029687 0.050000
10 0.989844 0.843750 0.020313 0.046875
10 0.948438 0.835156 0.021875 0.032813
10 0.943750 0.783594 0.025000 0.073438
10 0.865625 0.783594 0.050000 0.089063
10 0.989844 0.763281 0.020313 0.117188
10 0.830469 0.705469 0.167187 0.260937
14 0.971094 0.856250 0.029687 0.081250
14 0.939063 0.700000 0.096875 0.353125
21 0.023438 0.758594 0.046875 0.198437
21 0.475000 0.559375 0.084375 0.065625
22 0.023438 0.758594 0.046875 0.198437
22 0.475000 0.559375 0.084375 0.065625