0 0.158594 0.724219 0.067187 0.042188
0 0.319531 0.714063 0.051562 0.028125
0 0.232813 0.719531 0.075000 0.039062
0 0.067969 0.719531 0.092188 0.060937
1 0.351562 0.057031 0.043750 0.029687
5 0.060156 0.798438 0.098437 0.065625
5 0.155469 0.786719 0.070312 0.048438
5 0.232813 0.782813 0.081250 0.043750
5 0.321094 0.773438 0.073438 0.028125
5 0.384375 0.768750 0.040625 0.025000
5 0.063281 0.757812 0.095312 0.012500
21 0.657813 0.764844 0.031250 0.032813
21 0.560937 0.771875 0.043750 0.065625
22 0.657813 0.764844 0.031250 0.032813
22 0.560937 0.771875 0.043750 0.065625