0 0.123438 0.730469 0.040625 0.054688
0 0.068750 0.732031 0.059375 0.064062
0 0.438281 0.683594 0.048438 0.032813
0 0.607031 0.655469 0.020313 0.057813
0 0.562500 0.621875 0.075000 0.131250
0 0.710938 0.606250 0.028125 0.143750
0 0.735156 0.604688 0.023438 0.143750
0 0.656250 0.607031 0.078125 0.151562
0 0.017188 0.632812 0.034375 0.268750
0 0.192188 0.479687 0.384375 0.556250
0 0.862500 0.427344 0.275000 0.495312
2 0.717969 0.732812 0.026562 0.050000
2 0.743750 0.760938 0.512500 0.143750
3 0.030469 0.780469 0.060937 0.039062
3 0.594531 0.701562 0.017188 0.034375
3 0.667188 0.696875 0.062500 0.037500
3 0.714844 0.692969 0.023438 0.032813
3 0.832031 0.685156 0.195312 0.042188
3 0.971875 0.668750 0.043750 0.028125
8 0.429688 0.690625 0.031250 0.021875
8 0.343750 0.692969 0.081250 0.029687
21 0.087500 0.774219 0.075000 0.064062
21 0.566406 0.694531 0.064062 0.032813
21 0.353125 0.740625 0.271875 0.128125
21 0.492188 0.695312 0.031250 0.040625
22 0.087500 0.774219 0.075000 0.064062
22 0.566406 0.694531 0.064062 0.032813
22 0.353125 0.740625 0.271875 0.128125
22 0.492188 0.695312 0.031250 0.040625