0 0.076563 0.661719 0.025000 0.048438
0 0.109375 0.659375 0.037500 0.046875
0 0.016406 0.662500 0.032813 0.059375
0 0.050000 0.657031 0.025000 0.060937
0 0.235937 0.641406 0.034375 0.054688
0 0.653125 0.603906 0.034375 0.051562
0 0.278125 0.546094 0.031250 0.048438
0 0.147656 0.435156 0.295312 0.204687
2 0.913281 0.906250 0.173437 0.187500
4 0.510938 0.619531 0.006250 0.139063
4 0.510938 0.474219 0.043750 0.139063
4 0.677344 0.501563 0.085938 0.390625
6 0.664062 0.655469 0.043750 0.079687
6 0.819531 0.616406 0.242188 0.142187
13 0.421875 0.596094 0.106250 0.114062
13 0.962500 0.528906 0.075000 0.035937
13 0.642188 0.544531 0.050000 0.067187
21 0.428906 0.659375 0.073438 0.028125
21 0.981250 0.641406 0.037500 0.035937
22 0.428906 0.659375 0.073438 0.028125
22 0.981250 0.641406 0.037500 0.035937