0 0.892969 0.673438 0.073438 0.053125
0 0.992188 0.678125 0.015625 0.075000
0 0.967187 0.670312 0.031250 0.084375
0 0.589844 0.629687 0.039062 0.062500
0 0.035156 0.602344 0.070312 0.039062
0 0.198437 0.664062 0.065625 0.196875
0 0.282031 0.657813 0.082812 0.187500
0 0.641406 0.536719 0.026562 0.051562
5 0.071094 0.681250 0.029687 0.018750
5 0.027344 0.682031 0.054688 0.020313
6 0.318750 0.672656 0.043750 0.054688
6 0.670312 0.662500 0.043750 0.059375
7 0.336719 0.710156 0.014063 0.057813
7 0.352344 0.708594 0.017188 0.060937
12 0.911719 0.770312 0.176563 0.015625
12 0.569531 0.764062 0.273438 0.015625
21 0.889062 0.697656 0.081250 0.029687
21 0.766406 0.687500 0.039062 0.018750
21 0.307812 0.684375 0.031250 0.037500
21 0.434375 0.674219 0.021875 0.023438
21 0.557031 0.696094 0.067187 0.076563
21 0.164062 0.687500 0.018750 0.062500
22 0.889062 0.697656 0.081250 0.029687
22 0.766406 0.687500 0.039062 0.018750
22 0.307812 0.684375 0.031250 0.037500
22 0.434375 0.674219 0.021875 0.023438
22 0.557031 0.696094 0.067187 0.076563
22 0.164062 0.687500 0.018750 0.062500