0 0.282031 0.621875 0.042188 0.028125
0 0.801562 0.621094 0.025000 0.035937
0 0.321875 0.619531 0.034375 0.042188
4 0.167187 0.596875 0.015625 0.115625
4 0.809375 0.540625 0.028125 0.246875
4 0.872656 0.372656 0.042188 0.195312
21 0.062500 0.650000 0.071875 0.021875
21 0.332031 0.643750 0.026562 0.025000
21 0.558594 0.653906 0.082812 0.057813
21 0.401562 0.642969 0.087500 0.035937
21 0.484375 0.649219 0.046875 0.054688
22 0.062500 0.650000 0.071875 0.021875
22 0.332031 0.643750 0.026562 0.025000
22 0.558594 0.653906 0.082812 0.057813
22 0.401562 0.642969 0.087500 0.035937
22 0.484375 0.649219 0.046875 0.054688