0 0.485938 0.682031 0.040625 0.048438
0 0.433594 0.679688 0.060937 0.062500
0 0.362500 0.668750 0.021875 0.109375
0 0.303906 0.671875 0.048438 0.115625
0 0.339844 0.671094 0.029687 0.117188
0 0.220312 0.656250 0.106250 0.090625
0 0.628125 0.642969 0.034375 0.157812
0 0.046094 0.619531 0.092188 0.173437
0 0.825000 0.618750 0.350000 0.425000
2 0.792188 0.835938 0.256250 0.078125
2 0.366406 0.732031 0.064062 0.042188
3 0.286719 0.728125 0.020313 0.034375
3 0.133594 0.743750 0.267188 0.096875
4 0.271875 0.690625 0.015625 0.112500
4 0.102344 0.619531 0.017188 0.173437
4 0.382031 0.620313 0.032813 0.209375
4 0.646094 0.642969 0.010937 0.295312
4 0.113281 0.490625 0.035937 0.078125
4 0.367969 0.584375 0.048438 0.303125
4 0.314063 0.407031 0.081250 0.442188
5 0.982812 0.812500 0.034375 0.162500
5 0.729688 0.775781 0.159375 0.107813
5 0.614844 0.753125 0.057813 0.068750
5 0.561719 0.738281 0.032813 0.048438
5 0.522656 0.721875 0.032813 0.021875
21 0.421875 0.725000 0.046875 0.056250
22 0.421875 0.725000 0.046875 0.056250