0 0.840625 0.609375 0.059375 0.046875
0 0.234375 0.589844 0.046875 0.039062
0 0.505469 0.419531 0.398438 0.226562
0 0.883594 0.382031 0.232813 0.185938
0 0.017969 0.392969 0.035937 0.251563
0 0.163281 0.399219 0.201563 0.279687
0 0.093750 0.110937 0.059375 0.056250
0 0.014844 0.035937 0.029687 0.037500
2 0.267188 0.765625 0.168750 0.118750
2 0.385156 0.660156 0.060937 0.032813
3 0.864062 0.651563 0.271875 0.043750
3 0.404687 0.645312 0.034375 0.046875
3 0.168750 0.726562 0.337500 0.240625
3 0.554688 0.608594 0.056250 0.029687
4 0.490625 0.521094 0.006250 0.148438
5 0.566406 0.597656 0.042188 0.026562
5 0.335156 0.598437 0.029687 0.034375
5 0.296875 0.598437 0.037500 0.043750
5 0.260156 0.610156 0.017188 0.073438
5 0.093750 0.574219 0.065625 0.098437
5 0.014063 0.575781 0.028125 0.123438
6 0.164062 0.592969 0.096875 0.129688
15 0.354687 0.621875 0.021875 0.059375
15 0.319531 0.614844 0.023438 0.051562
21 0.475781 0.647656 0.126562 0.107813
21 0.651563 0.630469 0.156250 0.198437
22 0.475781 0.647656 0.126562 0.107813
22 0.651563 0.630469 0.156250 0.198437