0 0.825781 0.557031 0.348438 0.310937
0 0.390625 0.399219 0.190625 0.514062
0 0.148438 0.401562 0.290625 0.525000
1 0.958594 0.269531 0.039062 0.020313
1 0.286719 0.014063 0.048438 0.028125
2 0.335156 0.917188 0.670312 0.165625
2 0.903125 0.703125 0.193750 0.053125
2 0.441406 0.688281 0.198437 0.107813
3 0.600000 0.628906 0.037500 0.026562
3 0.217969 0.618750 0.054688 0.156250
5 0.162500 0.596094 0.087500 0.239063
10 0.724219 0.658594 0.023438 0.045312
18 0.203906 0.603125 0.026562 0.093750
21 0.767969 0.662500 0.076563 0.056250
21 0.692969 0.650000 0.042188 0.037500
21 0.528906 0.640625 0.054688 0.059375
21 0.030469 0.609375 0.060937 0.128125
22 0.767969 0.662500 0.076563 0.056250
22 0.692969 0.650000 0.042188 0.037500
22 0.528906 0.640625 0.054688 0.059375
22 0.030469 0.609375 0.060937 0.128125