0 0.369531 0.607812 0.032813 0.078125
0 0.031250 0.609375 0.062500 0.087500
0 0.542188 0.596875 0.046875 0.128125
0 0.139844 0.571094 0.035937 0.129688
0 0.094531 0.574219 0.045312 0.139063
0 0.017969 0.293750 0.035937 0.087500
0 0.832031 0.387500 0.335938 0.562500
1 0.147656 0.248438 0.042188 0.025000
2 0.829688 0.801562 0.340625 0.175000
4 0.659375 0.537500 0.012500 0.303125
21 0.200781 0.696875 0.176563 0.140625
21 0.504687 0.698438 0.315625 0.165625
21 0.832812 0.682031 0.334375 0.148438
22 0.200781 0.696875 0.176563 0.140625
22 0.504687 0.698438 0.315625 0.165625
22 0.832812 0.682031 0.334375 0.148438