0 0.254688 0.734375 0.056250 0.078125
0 0.107031 0.739062 0.085938 0.090625
0 0.329688 0.722656 0.084375 0.089063
0 0.254688 0.684375 0.056250 0.015625
0 0.108594 0.680469 0.082812 0.017188
0 0.726562 0.685937 0.028125 0.081250
0 0.670312 0.669531 0.037500 0.110937
0 0.947656 0.569531 0.023438 0.039062
0 0.791406 0.507812 0.132812 0.200000
0 0.656250 0.492188 0.168750 0.271875
0 0.189844 0.394531 0.379688 0.789062
2 0.507812 0.824219 0.243750 0.064062
2 0.028906 0.790625 0.057813 0.012500
2 0.662500 0.795312 0.056250 0.025000
2 0.106250 0.786719 0.084375 0.014063
2 0.722656 0.786719 0.057813 0.029687
3 0.686719 0.776563 0.123438 0.090625
3 0.807813 0.753125 0.106250 0.059375
3 0.890625 0.740625 0.043750 0.040625
18 0.437500 0.731250 0.090625 0.078125
18 0.435937 0.646094 0.090625 0.079687
18 0.435156 0.567187 0.092188 0.087500
21 0.521875 0.739844 0.059375 0.048438
21 0.619531 0.735156 0.123438 0.051562
22 0.521875 0.739844 0.059375 0.048438
22 0.619531 0.735156 0.123438 0.051562