0 0.800781 0.515625 0.014063 0.043750
0 0.989062 0.496094 0.021875 0.085938
2 0.982031 0.775000 0.035937 0.028125
2 0.066406 0.604688 0.132812 0.025000
2 0.873437 0.651563 0.240625 0.134375
2 0.200781 0.585156 0.073438 0.017188
2 0.721094 0.589063 0.095312 0.046875
2 0.284375 0.572656 0.087500 0.020313
3 0.382812 0.544531 0.031250 0.023438
3 0.218750 0.550781 0.037500 0.042188
3 0.115625 0.560937 0.040625 0.062500
3 0.044531 0.565625 0.085938 0.071875
21 0.461719 0.583594 0.089063 0.098437
22 0.461719 0.583594 0.089063 0.098437