0 0.639062 0.403906 0.018750 0.048438
0 0.486719 0.384375 0.010937 0.065625
0 0.174219 0.361719 0.035937 0.020313
0 0.128906 0.372656 0.026562 0.042188
0 0.473438 0.386719 0.012500 0.076563
0 0.410938 0.393750 0.090625 0.090625
0 0.330469 0.392969 0.060937 0.089063
0 0.253125 0.367188 0.115625 0.075000
0 0.964063 0.354687 0.071875 0.075000
2 0.039844 0.618750 0.079687 0.056250
2 0.070312 0.558594 0.140625 0.035937
2 0.228125 0.524219 0.112500 0.051562
4 0.669531 0.349219 0.007812 0.120313
4 0.009375 0.317969 0.015625 0.117188
4 0.610156 0.325781 0.026562 0.160938
4 0.372656 0.317188 0.023438 0.262500
4 0.657031 0.225781 0.035937 0.095312
4 0.046094 0.078125 0.085938 0.156250
6 0.518750 0.409375 0.043750 0.071875
21 0.504687 0.446875 0.065625 0.075000
21 0.562500 0.425781 0.043750 0.035937
21 0.647656 0.433594 0.117188 0.101562
21 0.865625 0.482031 0.268750 0.217188
22 0.504687 0.446875 0.065625 0.075000
22 0.562500 0.425781 0.043750 0.035937
22 0.647656 0.433594 0.117188 0.101562
22 0.865625 0.482031 0.268750 0.217188