0 0.940625 0.598437 0.028125 0.181250
0 0.919531 0.394531 0.014063 0.051562
0 0.500000 0.344531 1.000000 0.689063
2 0.915625 0.813281 0.168750 0.123438
2 0.832031 0.689063 0.179688 0.009375
2 0.492969 0.680469 0.135937 0.010937
2 0.379688 0.664844 0.087500 0.026562
9 0.907031 0.674219 0.026562 0.032813
9 0.579688 0.667188 0.040625 0.050000
9 0.059375 0.659375 0.018750 0.043750
9 0.092969 0.656250 0.032813 0.043750
10 0.139844 0.657031 0.035937 0.064062
14 0.143750 0.616406 0.031250 0.032813
15 0.095312 0.638281 0.031250 0.067187
15 0.060156 0.632812 0.026562 0.059375
21 0.181250 0.645312 0.056250 0.050000
21 0.279687 0.642188 0.078125 0.046875
22 0.181250 0.645312 0.056250 0.050000
22 0.279687 0.642188 0.078125 0.046875