1 0.132812 0.207813 0.043750 0.025000
2 0.882812 0.742188 0.234375 0.031250
3 0.046875 0.738281 0.053125 0.020313
3 0.146875 0.730469 0.143750 0.032813
3 0.466406 0.710938 0.060937 0.031250
13 0.575000 0.682031 0.046875 0.064062
13 0.611719 0.680469 0.023438 0.067187
13 0.758594 0.676562 0.167187 0.062500
13 0.649219 0.678125 0.051562 0.065625
13 0.888281 0.664062 0.095312 0.059375
13 0.963281 0.659375 0.054688 0.053125
13 0.308594 0.678125 0.467187 0.100000
13 0.038281 0.680469 0.076563 0.110937