0 0.445312 0.284375 0.134375 0.096875
0 0.372656 0.267969 0.045312 0.098437
0 0.328906 0.245312 0.042188 0.075000
0 0.743750 0.188281 0.512500 0.376563
0 0.207813 0.151562 0.196875 0.303125
0 0.052344 0.114844 0.104688 0.229687
2 0.065625 0.378906 0.043750 0.039062
2 0.503906 0.382031 0.189062 0.107813
3 0.925781 0.432812 0.148438 0.153125
3 0.616406 0.353125 0.073438 0.065625
3 0.558594 0.329688 0.042188 0.037500
3 0.492969 0.334375 0.045312 0.046875
5 0.917969 0.515625 0.164062 0.071875
5 0.540625 0.371875 0.075000 0.053125
5 0.046875 0.330469 0.093750 0.064062
21 0.026562 0.420312 0.053125 0.237500
21 0.246094 0.346875 0.332813 0.137500
22 0.026562 0.420312 0.053125 0.237500
22 0.246094 0.346875 0.332813 0.137500