0 0.685156 0.464062 0.042188 0.065625
0 0.358594 0.408594 0.026562 0.029687
0 0.677344 0.390625 0.057813 0.068750
0 0.798438 0.402344 0.171875 0.185938
0 0.971875 0.346094 0.056250 0.154688
0 0.405469 0.343750 0.042188 0.193750
0 0.125781 0.535937 0.251563 0.928125
0 0.958594 0.147656 0.082812 0.295312
0 0.788281 0.152344 0.254688 0.304688
0 0.352344 0.168750 0.151562 0.337500
1 0.395313 0.100781 0.018750 0.054688
2 0.640625 0.790625 0.481250 0.418750
2 0.664062 0.453906 0.187500 0.092188
3 0.880469 0.521875 0.039062 0.175000
3 0.947656 0.525000 0.104688 0.212500
3 0.297656 0.708594 0.310937 0.582812
5 0.307031 0.662500 0.198437 0.121875
12 0.757031 0.590625 0.170313 0.018750
12 0.575781 0.589063 0.151562 0.018750
12 0.816406 0.553906 0.098437 0.051562
12 0.461719 0.545312 0.032813 0.065625
12 0.714063 0.516406 0.078125 0.026562
21 0.495312 0.499219 0.096875 0.054688
21 0.816406 0.501563 0.101562 0.075000
21 0.455469 0.415625 0.026562 0.100000
22 0.495312 0.499219 0.096875 0.054688
22 0.816406 0.501563 0.101562 0.075000
22 0.455469 0.415625 0.026562 0.100000