0 0.601562 0.418750 0.031250 0.100000
0 0.634375 0.415625 0.028125 0.134375
0 0.706250 0.407031 0.112500 0.176563
0 0.883594 0.396875 0.232813 0.234375
0 0.291406 0.285156 0.582812 0.570312
2 0.887500 0.531250 0.225000 0.056250
2 0.314844 0.728906 0.629687 0.454688
3 0.570312 0.474219 0.021875 0.039062
13 0.643750 0.339062 0.046875 0.021875
13 0.596875 0.347656 0.040625 0.042188
21 0.877344 0.489063 0.048438 0.050000
21 0.677344 0.478125 0.023438 0.031250
21 0.651563 0.478125 0.025000 0.037500
21 0.929688 0.487500 0.040625 0.059375
22 0.877344 0.489063 0.048438 0.050000
22 0.677344 0.478125 0.023438 0.031250
22 0.651563 0.478125 0.025000 0.037500
22 0.929688 0.487500 0.040625 0.059375