0 0.268750 0.610938 0.162500 0.231250
0 0.096094 0.526563 0.192188 0.365625
3 0.254688 0.712500 0.125000 0.028125
3 0.370312 0.706250 0.040625 0.037500
3 0.058594 0.680469 0.117188 0.070312
3 0.905469 0.621875 0.189062 0.071875
4 0.993750 0.504687 0.012500 0.187500
5 0.267188 0.748437 0.165625 0.065625
5 0.085938 0.761719 0.171875 0.104688
5 0.723437 0.696094 0.028125 0.029687
5 0.870313 0.684375 0.259375 0.134375
6 0.927344 0.731250 0.145313 0.100000
11 0.575000 0.718750 0.243750 0.075000
20 0.075000 0.597656 0.081250 0.070312
21 0.843750 0.763281 0.031250 0.035937
21 0.795312 0.748437 0.043750 0.031250
21 0.756250 0.732031 0.028125 0.042188
21 0.722656 0.724219 0.032813 0.042188
22 0.843750 0.763281 0.031250 0.035937
22 0.795312 0.748437 0.043750 0.031250
22 0.756250 0.732031 0.028125 0.042188
22 0.722656 0.724219 0.032813 0.042188