0 0.917969 0.350000 0.164062 0.112500
0 0.696094 0.360938 0.126562 0.137500
0 0.428125 0.385937 0.109375 0.193750
0 0.554688 0.370312 0.118750 0.209375
0 0.710156 0.310937 0.129688 0.128125
0 0.151562 0.397656 0.303125 0.360938
2 0.889062 0.528906 0.206250 0.032813
2 0.638281 0.509375 0.173437 0.025000
8 0.497656 0.473438 0.064062 0.065625
21 0.970313 0.591406 0.059375 0.139063
21 0.493750 0.494531 0.043750 0.039062
21 0.297656 0.497656 0.020313 0.048438
21 0.420312 0.488281 0.059375 0.042188
21 0.274219 0.491406 0.020313 0.060937
22 0.970313 0.591406 0.059375 0.139063
22 0.493750 0.494531 0.043750 0.039062
22 0.297656 0.497656 0.020313 0.048438
22 0.420312 0.488281 0.059375 0.042188
22 0.274219 0.491406 0.020313 0.060937