0 0.310937 0.467187 0.040625 0.053125
0 0.119531 0.515625 0.151562 0.287500
2 0.782813 0.700000 0.021875 0.046875
2 0.642188 0.656250 0.062500 0.040625
2 0.446875 0.625000 0.065625 0.043750
3 0.749219 0.598437 0.020313 0.096875
3 0.728125 0.584375 0.015625 0.068750
3 0.814844 0.601562 0.023438 0.112500
3 0.890625 0.614844 0.109375 0.154688
3 0.778906 0.602344 0.023438 0.129688
3 0.702344 0.576562 0.026562 0.078125
3 0.259375 0.513281 0.156250 0.123438
4 0.796094 0.643750 0.014063 0.137500
4 0.600000 0.503906 0.065625 0.248438
4 0.343750 0.389062 0.012500 0.168750
4 0.780469 0.307031 0.045312 0.404687
5 0.281250 0.562500 0.075000 0.015625
5 0.422656 0.573438 0.035937 0.084375
11 0.495312 0.559375 0.115625 0.115625
21 0.896094 0.744531 0.207813 0.217188
21 0.722656 0.667188 0.101562 0.112500
21 0.564063 0.621875 0.103125 0.109375
21 0.211719 0.740625 0.423438 0.400000
22 0.896094 0.744531 0.207813 0.217188
22 0.722656 0.667188 0.101562 0.112500
22 0.564063 0.621875 0.103125 0.109375
22 0.211719 0.740625 0.423438 0.400000