0 0.963281 0.761719 0.073438 0.076563
0 0.675781 0.705469 0.032813 0.020313
0 0.846094 0.717187 0.092188 0.112500
0 0.507031 0.557813 0.226562 0.278125
0 0.325000 0.510156 0.181250 0.360938
0 0.807031 0.513281 0.207813 0.479687
0 0.140625 0.338281 0.281250 0.676562
2 0.457031 0.699219 0.076563 0.010937
2 0.296094 0.691406 0.126562 0.020313
2 0.185938 0.680469 0.062500 0.020313
9 0.751563 0.859375 0.034375 0.143750
9 0.709375 0.790625 0.015625 0.103125
15 0.736719 0.756250 0.095312 0.262500
21 0.506250 0.697656 0.021875 0.026562
21 0.546094 0.696875 0.054688 0.031250
21 0.079687 0.600781 0.159375 0.445312
22 0.506250 0.697656 0.021875 0.026562
22 0.546094 0.696875 0.054688 0.031250
22 0.079687 0.600781 0.159375 0.445312