0 0.095312 0.365625 0.190625 0.365625
0 0.933594 0.187500 0.132812 0.375000
0 0.535937 0.285156 0.675000 0.570312
2 0.898438 0.792969 0.203125 0.185938
2 0.584375 0.583594 0.159375 0.032813
2 0.437500 0.584375 0.125000 0.034375
2 0.307812 0.575781 0.125000 0.048438
2 0.046875 0.558594 0.093750 0.026562
3 0.934375 0.546094 0.131250 0.439063
7 0.625781 0.553125 0.014063 0.043750
21 0.213281 0.571875 0.064062 0.031250
21 0.835938 0.550000 0.078125 0.050000
21 0.605469 0.555469 0.054688 0.064062
21 0.100000 0.539062 0.018750 0.031250
21 0.217188 0.530469 0.065625 0.035937
21 0.716406 0.550781 0.157812 0.095312
22 0.213281 0.571875 0.064062 0.031250
22 0.835938 0.550000 0.078125 0.050000
22 0.605469 0.555469 0.054688 0.064062
22 0.100000 0.539062 0.018750 0.031250
22 0.217188 0.530469 0.065625 0.035937
22 0.716406 0.550781 0.157812 0.095312