0 0.946875 0.532813 0.050000 0.043750
0 0.894531 0.528125 0.042188 0.050000
0 0.989844 0.520312 0.020313 0.046875
0 0.577344 0.516406 0.064062 0.060937
0 0.621094 0.515625 0.017188 0.062500
0 0.743750 0.517188 0.215625 0.068750
0 0.946875 0.478125 0.050000 0.059375
0 0.894531 0.465625 0.042188 0.059375
0 0.439844 0.399219 0.076563 0.067187
0 0.692969 0.422656 0.342187 0.120313
1 0.386719 0.217969 0.045312 0.026562
2 0.918750 0.658594 0.162500 0.048438
2 0.378906 0.807813 0.592187 0.384375
3 0.960938 0.614062 0.078125 0.118750
3 0.894531 0.567969 0.042188 0.029687
3 0.743750 0.578906 0.215625 0.064062
3 0.303906 0.588281 0.607812 0.617188
12 0.867188 0.661719 0.078125 0.010937
21 0.895312 0.604688 0.040625 0.046875
21 0.660937 0.585156 0.053125 0.051562
21 0.776563 0.611719 0.150000 0.107813
21 0.619531 0.580469 0.017188 0.048438
21 0.588281 0.582031 0.039062 0.051562
22 0.895312 0.604688 0.040625 0.046875
22 0.660937 0.585156 0.053125 0.051562
22 0.776563 0.611719 0.150000 0.107813
22 0.619531 0.580469 0.017188 0.048438
22 0.588281 0.582031 0.039062 0.051562