0 0.701562 0.475000 0.037500 0.046875
0 0.663281 0.470313 0.026562 0.040625
0 0.609375 0.459375 0.075000 0.037500
0 0.557813 0.451562 0.025000 0.021875
0 0.503125 0.445312 0.050000 0.018750
0 0.380469 0.439063 0.048438 0.021875
0 0.435156 0.393750 0.048438 0.062500
0 0.054688 0.369531 0.109375 0.304688
0 0.553125 0.261719 0.893750 0.523438
2 0.500000 0.814844 1.000000 0.370312
2 0.920312 0.513281 0.137500 0.020313
2 0.771094 0.510156 0.089063 0.023438
2 0.688281 0.503125 0.060937 0.034375
2 0.582031 0.495312 0.095312 0.046875
3 0.323437 0.793750 0.071875 0.065625
3 0.996875 0.587500 0.006250 0.109375
3 0.921094 0.582031 0.132812 0.117188
3 0.407031 0.708594 0.814063 0.460938
3 0.554688 0.478125 0.040625 0.043750
3 0.496875 0.467187 0.062500 0.043750
3 0.438281 0.455469 0.017188 0.032813
6 0.304688 0.420312 0.071875 0.065625
7 0.939063 0.596094 0.068750 0.123438
13 0.073438 0.227344 0.068750 0.051562
18 0.285938 0.726562 0.178125 0.171875