0 0.733594 0.425000 0.073438 0.021875
0 0.816406 0.432031 0.089063 0.042188
6 0.092188 0.403906 0.093750 0.070312
11 0.901563 0.463281 0.075000 0.020313
11 0.730469 0.447656 0.182812 0.048438
11 0.592969 0.436719 0.082812 0.048438
21 0.460156 0.460156 0.054688 0.039062
21 0.546875 0.460156 0.109375 0.054688
21 0.357031 0.493750 0.251563 0.134375
21 0.018750 0.430469 0.037500 0.014063
22 0.460156 0.460156 0.054688 0.039062
22 0.546875 0.460156 0.109375 0.054688
22 0.357031 0.493750 0.251563 0.134375
22 0.018750 0.430469 0.037500 0.014063