0 0.807031 0.506250 0.017188 0.040625
0 0.898438 0.505469 0.053125 0.042188
0 0.840625 0.503125 0.050000 0.046875
0 0.769531 0.496094 0.017188 0.070312
0 0.597656 0.495312 0.035937 0.071875
0 0.645312 0.483594 0.028125 0.054688
0 0.695312 0.486719 0.031250 0.073438
0 0.451562 0.238281 0.096875 0.473438
0 0.196094 0.254688 0.392188 0.506250
2 0.616406 0.798438 0.767188 0.403125
2 0.461719 0.617969 0.039062 0.042188
2 0.367188 0.614844 0.109375 0.042188
2 0.007812 0.610156 0.015625 0.032813
2 0.262500 0.612500 0.090625 0.040625
2 0.162500 0.611719 0.090625 0.039062
2 0.067969 0.610938 0.085938 0.037500
5 0.903125 0.754687 0.193750 0.171875
5 0.377344 0.529687 0.026562 0.050000
5 0.107813 0.533594 0.215625 0.057813
5 0.279687 0.531250 0.059375 0.056250
9 0.934375 0.623437 0.012500 0.068750
9 0.980469 0.612500 0.039062 0.115625
12 0.645312 0.592969 0.143750 0.070312
15 0.965625 0.559375 0.065625 0.215625
18 0.355469 0.518750 0.023438 0.037500
18 0.448437 0.518750 0.062500 0.125000
18 0.495312 0.518750 0.012500 0.128125
18 0.669531 0.476562 0.020313 0.062500
21 0.617188 0.532813 0.021875 0.034375
21 0.672656 0.528125 0.082812 0.046875
22 0.617188 0.532813 0.021875 0.034375
22 0.672656 0.528125 0.082812 0.046875