0 0.518750 0.764062 0.031250 0.028125
0 0.447656 0.741406 0.017188 0.042188
0 0.403906 0.735938 0.064062 0.050000
0 0.922656 0.694531 0.054688 0.067187
0 0.973437 0.682813 0.053125 0.053125
0 0.184375 0.698438 0.368750 0.112500
0 0.732812 0.684375 0.325000 0.162500
0 0.942969 0.614062 0.114062 0.040625
2 0.928125 0.793750 0.143750 0.025000
3 0.637500 0.765625 0.075000 0.018750
3 0.691406 0.764062 0.032813 0.021875
3 0.753125 0.761719 0.050000 0.026562
3 0.805469 0.757812 0.048438 0.031250
3 0.846875 0.749219 0.031250 0.020313
3 0.953906 0.753125 0.092188 0.071875
3 0.260156 0.845313 0.520312 0.287500
6 0.744531 0.740625 0.035937 0.021875
6 0.875000 0.739844 0.018750 0.032813
6 0.930469 0.715625 0.048438 0.031250
6 0.976562 0.698438 0.046875 0.050000
13 0.528125 0.728906 0.100000 0.064062
21 0.629687 0.789062 0.040625 0.040625
22 0.629687 0.789062 0.040625 0.040625