0 0.217969 0.411719 0.020313 0.042188
0 0.192188 0.389062 0.028125 0.100000
0 0.788281 0.366406 0.070312 0.089063
0 0.330469 0.377344 0.195312 0.176563
0 0.088281 0.361719 0.176563 0.185938
0 0.564844 0.356250 0.270313 0.196875
0 0.724219 0.330469 0.039062 0.157812
2 0.806250 0.480469 0.050000 0.039062
2 0.884375 0.454688 0.093750 0.075000
3 0.696875 0.489063 0.171875 0.093750
3 0.938281 0.472656 0.014063 0.079687
3 0.976562 0.470313 0.046875 0.078125
3 0.079687 0.446094 0.146875 0.051562
3 0.774219 0.415625 0.032813 0.043750
5 0.304688 0.478906 0.040625 0.032813
5 0.517188 0.464844 0.034375 0.026562
5 0.015625 0.467969 0.031250 0.051562
5 0.789844 0.447656 0.082812 0.048438
12 0.473438 0.778125 0.946875 0.443750
21 0.127344 0.436719 0.064062 0.035937
21 0.171094 0.481250 0.282813 0.131250
21 0.487500 0.487500 0.328125 0.146875
21 0.976562 0.417187 0.046875 0.031250
21 0.800000 0.417969 0.056250 0.039062
21 0.720313 0.419531 0.031250 0.042188
21 0.685937 0.420312 0.025000 0.043750
22 0.127344 0.436719 0.064062 0.035937
22 0.171094 0.481250 0.282813 0.131250
22 0.487500 0.487500 0.328125 0.146875
22 0.976562 0.417187 0.046875 0.031250
22 0.800000 0.417969 0.056250 0.039062
22 0.720313 0.419531 0.031250 0.042188
22 0.685937 0.420312 0.025000 0.043750