0 0.420312 0.674219 0.037500 0.057813
0 0.719531 0.556250 0.026562 0.043750
0 0.779687 0.504687 0.043750 0.096875
0 0.760938 0.480469 0.012500 0.064062
2 0.939844 0.750000 0.039062 0.031250
4 0.978125 0.677344 0.034375 0.292187
4 0.964063 0.610938 0.009375 0.165625
4 0.971094 0.313281 0.029687 0.364063
6 0.560156 0.639062 0.129688 0.296875
8 0.029687 0.678906 0.053125 0.054688
21 0.093750 0.694531 0.037500 0.023438
21 0.292187 0.696094 0.043750 0.029687
21 0.471875 0.692969 0.034375 0.035937
21 0.403906 0.690625 0.017188 0.031250
21 0.007812 0.697656 0.012500 0.060937
21 0.768750 0.782031 0.331250 0.401562
22 0.093750 0.694531 0.037500 0.023438
22 0.292187 0.696094 0.043750 0.029687
22 0.471875 0.692969 0.034375 0.035937
22 0.403906 0.690625 0.017188 0.031250
22 0.007812 0.697656 0.012500 0.060937
22 0.768750 0.782031 0.331250 0.401562