0 0.478125 0.591406 0.021875 0.032813
0 0.225000 0.592187 0.025000 0.071875
0 0.337500 0.578125 0.043750 0.128125
0 0.571875 0.542188 0.031250 0.100000
0 0.611719 0.539062 0.042188 0.106250
0 0.723437 0.548438 0.171875 0.140625
0 0.019531 0.597656 0.039062 0.239063
1 0.807031 0.546875 0.042188 0.034375
1 0.156250 0.536719 0.040625 0.032813
2 0.368750 0.649219 0.112500 0.029687
2 0.575781 0.649219 0.135937 0.042188
4 0.633594 0.542969 0.048438 0.242188
4 0.589063 0.527344 0.031250 0.232813
4 0.963281 0.562500 0.029687 0.309375
4 0.539062 0.516406 0.059375 0.264062
5 0.654687 0.637500 0.034375 0.015625
10 0.485938 0.697656 0.018750 0.070312
14 0.473438 0.689063 0.028125 0.087500
21 0.680469 0.655469 0.085938 0.035937
21 0.500781 0.678906 0.060937 0.082812
21 0.435937 0.643750 0.028125 0.028125
21 0.919531 0.638281 0.042188 0.026562
22 0.680469 0.655469 0.085938 0.035937
22 0.500781 0.678906 0.060937 0.082812
22 0.435937 0.643750 0.028125 0.028125
22 0.919531 0.638281 0.042188 0.026562