0 0.668750 0.760938 0.015625 0.062500
0 0.748437 0.511719 0.331250 0.573438
0 0.965625 0.457031 0.068750 0.714063
0 0.278906 0.417187 0.557813 0.834375
2 0.125000 0.932813 0.250000 0.043750
2 0.509375 0.898438 0.046875 0.028125
2 0.571875 0.892188 0.056250 0.037500
2 0.614844 0.885156 0.042188 0.035937
2 0.680469 0.867188 0.045312 0.034375
3 0.024219 0.867188 0.048438 0.081250
3 0.231250 0.866406 0.209375 0.101562
3 0.500000 0.832812 0.234375 0.081250
3 0.717187 0.812500 0.106250 0.043750
3 0.640625 0.814063 0.040625 0.046875
5 0.504687 0.878906 0.043750 0.020313
5 0.641406 0.850000 0.039062 0.031250
5 0.705469 0.840625 0.057813 0.028125
5 0.067187 0.873437 0.134375 0.106250
5 0.354687 0.785937 0.040625 0.168750
6 0.978906 0.796875 0.026562 0.028125
7 0.747656 0.895312 0.095312 0.121875
10 0.531250 0.888281 0.034375 0.064062
20 0.263281 0.826562 0.042188 0.015625
21 0.346875 0.903906 0.078125 0.085938
21 0.437500 0.893750 0.100000 0.090625
21 0.882812 0.892969 0.234375 0.214062
22 0.346875 0.903906 0.078125 0.085938
22 0.437500 0.893750 0.100000 0.090625
22 0.882812 0.892969 0.234375 0.214062