0 0.035937 0.657031 0.021875 0.042188
0 0.113281 0.655469 0.057813 0.051562
0 0.238281 0.619531 0.173437 0.129688
0 0.903125 0.635156 0.068750 0.167187
0 0.752344 0.635156 0.248438 0.167187
0 0.970313 0.621875 0.059375 0.162500
0 0.421875 0.585938 0.175000 0.206250
1 0.220312 0.225781 0.021875 0.060937
1 0.278125 0.180469 0.025000 0.064062
2 0.901563 0.746094 0.106250 0.020313
2 0.061719 0.728906 0.123438 0.023438
2 0.818750 0.714063 0.171875 0.021875
7 0.508594 0.673438 0.020313 0.040625
21 0.938281 0.824219 0.123438 0.217188
21 0.634375 0.699219 0.203125 0.104688
21 0.177344 0.668750 0.026562 0.043750
21 0.118750 0.659375 0.043750 0.046875
21 0.298438 0.671094 0.171875 0.076563
21 0.014063 0.656250 0.028125 0.046875
21 0.065625 0.655469 0.040625 0.051562
22 0.938281 0.824219 0.123438 0.217188
22 0.634375 0.699219 0.203125 0.104688
22 0.177344 0.668750 0.026562 0.043750
22 0.118750 0.659375 0.043750 0.046875
22 0.298438 0.671094 0.171875 0.076563
22 0.014063 0.656250 0.028125 0.046875
22 0.065625 0.655469 0.040625 0.051562