0 0.491406 0.404687 0.017188 0.040625
0 0.899219 0.387500 0.045312 0.031250
0 0.983594 0.371094 0.032813 0.064062
0 0.860938 0.346875 0.021875 0.109375
0 0.261719 0.592969 0.523438 0.814063
0 0.752344 0.278906 0.204687 0.257812
0 0.928125 0.191406 0.143750 0.201563
2 0.384375 0.739062 0.562500 0.521875
2 0.768750 0.478906 0.462500 0.135937
3 0.805469 0.432812 0.057813 0.053125
4 0.852344 0.267188 0.035937 0.425000
4 0.338281 0.168750 0.023438 0.337500
5 0.984375 0.417187 0.028125 0.028125
5 0.948438 0.419531 0.031250 0.032813
5 0.901563 0.417969 0.053125 0.032813
5 0.858594 0.423438 0.023438 0.043750
18 0.906250 0.325781 0.090625 0.057813