0 0.961719 0.689844 0.076563 0.017188
0 0.276562 0.648438 0.012500 0.040625
0 0.478125 0.613281 0.046875 0.120313
0 0.402344 0.564844 0.020313 0.035937
0 0.639062 0.609375 0.056250 0.165625
0 0.554688 0.588281 0.128125 0.198437
0 0.407031 0.524219 0.035937 0.126562
0 0.358594 0.537500 0.067187 0.156250
0 0.709375 0.367188 0.581250 0.734375
0 0.152344 0.365625 0.304688 0.731250
1 0.197656 0.201563 0.039062 0.025000
2 0.864062 0.730469 0.109375 0.032813
2 0.962500 0.711719 0.075000 0.026562
2 0.451562 0.733594 0.453125 0.120313
3 0.957031 0.712500 0.085938 0.090625
4 0.301563 0.386719 0.028125 0.345313
5 0.650781 0.731250 0.048438 0.050000
5 0.750000 0.726562 0.125000 0.075000
5 0.546094 0.712500 0.157812 0.071875
21 0.268750 0.681250 0.053125 0.040625
21 0.128906 0.691406 0.207813 0.098437
22 0.268750 0.681250 0.053125 0.040625
22 0.128906 0.691406 0.207813 0.098437