0 0.760156 0.604688 0.064062 0.059375
0 0.701562 0.575000 0.021875 0.065625
0 0.671875 0.572656 0.034375 0.073438
0 0.380469 0.546875 0.023438 0.046875
0 0.898438 0.557031 0.203125 0.110937
0 0.186719 0.466406 0.060937 0.120313
2 0.156250 0.870313 0.312500 0.259375
2 0.985156 0.714844 0.029687 0.023438
2 0.916406 0.700000 0.032813 0.021875
2 0.828125 0.682813 0.090625 0.025000
2 0.362500 0.675000 0.131250 0.040625
5 0.766406 0.625000 0.051562 0.037500
5 0.617188 0.617188 0.040625 0.025000
5 0.898438 0.651563 0.203125 0.109375
5 0.428125 0.601562 0.025000 0.062500
5 0.335156 0.607031 0.135937 0.148438
5 0.102344 0.571094 0.204687 0.214062
6 0.511719 0.571875 0.023438 0.031250
21 0.595313 0.631250 0.028125 0.037500
21 0.678125 0.655469 0.103125 0.104688
21 0.531250 0.642188 0.090625 0.112500
22 0.595313 0.631250 0.028125 0.037500
22 0.678125 0.655469 0.103125 0.104688
22 0.531250 0.642188 0.090625 0.112500