0 0.415625 0.654687 0.031250 0.034375
0 0.361719 0.638281 0.042188 0.060937
0 0.142187 0.633594 0.078125 0.073438
0 0.975781 0.617188 0.048438 0.062500
0 0.050000 0.643750 0.100000 0.118750
0 0.257812 0.617969 0.153125 0.095312
0 0.596094 0.617188 0.035937 0.134375
0 0.726562 0.603125 0.215625 0.118750
0 0.632812 0.548438 0.040625 0.046875
2 0.686719 0.726562 0.285938 0.059375
2 0.587500 0.681250 0.056250 0.021875
17 0.278125 0.834375 0.062500 0.128125
21 0.632031 0.677344 0.032813 0.045312
21 0.175000 0.740625 0.350000 0.175000
21 0.692187 0.672656 0.021875 0.042188
21 0.667969 0.671094 0.020313 0.042188
21 0.746094 0.659375 0.029687 0.034375
21 0.496875 0.696094 0.128125 0.110937
21 0.960156 0.680469 0.079687 0.085938
21 0.796094 0.642188 0.067187 0.046875
22 0.632031 0.677344 0.032813 0.045312
22 0.175000 0.740625 0.350000 0.175000
22 0.692187 0.672656 0.021875 0.042188
22 0.667969 0.671094 0.020313 0.042188
22 0.746094 0.659375 0.029687 0.034375
22 0.496875 0.696094 0.128125 0.110937
22 0.960156 0.680469 0.079687 0.085938
22 0.796094 0.642188 0.067187 0.046875