0 0.782813 0.690625 0.015625 0.037500
0 0.166406 0.693750 0.042188 0.065625
0 0.766406 0.683594 0.014063 0.064062
0 0.731250 0.678125 0.012500 0.056250
0 0.748437 0.675000 0.015625 0.053125
0 0.709375 0.671875 0.025000 0.046875
0 0.665625 0.667969 0.050000 0.085938
0 0.590625 0.648438 0.025000 0.078125
0 0.177344 0.632812 0.060937 0.046875
0 0.546094 0.647656 0.054688 0.079687
0 0.263281 0.624219 0.089063 0.039062
0 0.339844 0.607031 0.057813 0.098437
0 0.407813 0.637500 0.050000 0.162500
0 0.481250 0.635156 0.084375 0.160938
0 0.262500 0.574219 0.090625 0.064062
0 0.104688 0.621875 0.209375 0.215625
2 0.278125 0.879687 0.546875 0.240625
2 0.093750 0.755469 0.181250 0.023438
3 0.039062 0.714844 0.078125 0.039062
5 0.248438 0.877344 0.496875 0.245312
8 0.676562 0.706250 0.031250 0.028125
8 0.598437 0.706250 0.034375 0.037500
8 0.555469 0.708594 0.026562 0.048438
8 0.531250 0.708594 0.025000 0.054688
8 0.497656 0.707031 0.035937 0.051562
8 0.341406 0.697656 0.054688 0.104688
8 0.191406 0.696875 0.029687 0.115625
8 0.264844 0.698438 0.089063 0.121875
10 0.505469 0.740625 0.020313 0.037500
14 0.496094 0.726562 0.023438 0.056250
21 0.405469 0.726562 0.039062 0.028125
21 0.832812 0.714844 0.028125 0.020313
21 0.663281 0.722656 0.042188 0.035937
21 0.734375 0.722656 0.071875 0.045312
21 0.464062 0.714063 0.040625 0.037500
21 0.930469 0.763281 0.139063 0.151562
22 0.405469 0.726562 0.039062 0.028125
22 0.832812 0.714844 0.028125 0.020313
22 0.663281 0.722656 0.042188 0.035937
22 0.734375 0.722656 0.071875 0.045312
22 0.464062 0.714063 0.040625 0.037500
22 0.930469 0.763281 0.139063 0.151562