0 0.635938 0.449219 0.050000 0.045312
0 0.489063 0.428906 0.081250 0.098437
0 0.736719 0.437500 0.054688 0.143750
0 0.470313 0.303906 0.034375 0.082812
0 0.942969 0.393750 0.114062 0.700000
0 0.221875 0.220312 0.443750 0.440625
1 0.484375 0.405469 0.043750 0.029687
1 0.399219 0.382031 0.023438 0.029687
1 0.372656 0.372656 0.026562 0.035937
1 0.307812 0.344531 0.037500 0.039062
1 0.147656 0.276562 0.045312 0.065625
4 0.443750 0.419531 0.015625 0.073438
4 0.447656 0.274219 0.014063 0.120313
9 0.703906 0.532031 0.029687 0.064062
10 0.735938 0.523438 0.059375 0.131250
21 0.233594 0.697656 0.029687 0.110937
21 0.627344 0.486719 0.079687 0.070312
21 0.430469 0.528125 0.226562 0.190625
21 0.076563 0.521875 0.153125 0.450000
22 0.233594 0.697656 0.029687 0.110937
22 0.627344 0.486719 0.079687 0.070312
22 0.430469 0.528125 0.226562 0.190625
22 0.076563 0.521875 0.153125 0.450000