0 0.033594 0.566406 0.067187 0.039062
0 0.186719 0.492969 0.014063 0.107813
0 0.032031 0.419531 0.060937 0.201563
0 0.123438 0.435937 0.068750 0.306250
0 0.817969 0.403906 0.139063 0.270313
0 0.637500 0.366406 0.171875 0.257812
2 0.578125 0.672656 0.375000 0.070312
3 0.526563 0.472656 0.071875 0.039062
4 0.174219 0.436719 0.026562 0.429688
5 0.280469 0.612500 0.182812 0.062500
5 0.015625 0.600000 0.031250 0.037500
5 0.946875 0.555469 0.028125 0.039062
5 0.442969 0.600000 0.095312 0.131250
5 0.682031 0.571875 0.245312 0.162500
5 0.834375 0.495312 0.037500 0.040625
21 0.282813 0.664844 0.253125 0.148438
21 0.077344 0.641406 0.154688 0.145313
21 0.026562 0.525781 0.034375 0.045312
21 0.876563 0.597656 0.246875 0.198437
22 0.282813 0.664844 0.253125 0.148438
22 0.077344 0.641406 0.154688 0.145313
22 0.026562 0.525781 0.034375 0.045312
22 0.876563 0.597656 0.246875 0.198437