0 0.446094 0.593750 0.054688 0.034375
0 0.594531 0.510938 0.020313 0.078125
0 0.563281 0.500000 0.029687 0.115625
0 0.215625 0.435156 0.381250 0.354687
0 0.752344 0.349219 0.282813 0.504687
2 0.757031 0.837500 0.485938 0.325000
2 0.709375 0.614844 0.178125 0.020313
3 0.808594 0.574219 0.026562 0.054688
3 0.892188 0.399219 0.215625 0.373437
4 0.758594 0.446094 0.023438 0.310937
5 0.896094 0.753906 0.207813 0.132812
21 0.510156 0.609375 0.026562 0.034375
21 0.220312 0.672656 0.440625 0.654687
22 0.510156 0.609375 0.026562 0.034375
22 0.220312 0.672656 0.440625 0.654687