0 0.075781 0.534375 0.042188 0.025000
0 0.034375 0.525781 0.037500 0.023438
0 0.149219 0.530469 0.085938 0.045312
3 0.500000 0.233594 1.000000 0.145313
4 0.429688 0.522656 0.018750 0.073438
6 0.007031 0.525781 0.014063 0.048438
11 0.007031 0.374219 0.014063 0.139063
11 0.504687 0.418750 0.990625 0.384375
21 0.467969 0.569531 0.032813 0.020313
21 0.174219 0.554688 0.039062 0.015625
21 0.029687 0.542188 0.031250 0.018750
22 0.467969 0.569531 0.032813 0.020313
22 0.174219 0.554688 0.039062 0.015625
22 0.029687 0.542188 0.031250 0.018750