0 0.151562 0.457031 0.071875 0.048438
0 0.461719 0.432812 0.014063 0.050000
0 0.492969 0.425781 0.045312 0.060937
0 0.046875 0.438281 0.093750 0.085938
0 0.757031 0.437500 0.173437 0.137500
1 0.864844 0.329688 0.017188 0.034375
3 0.858594 0.410156 0.032813 0.026562
3 0.939063 0.397656 0.121875 0.054688
5 0.192188 0.534375 0.028125 0.056250
5 0.220312 0.532031 0.021875 0.054688
5 0.232031 0.496875 0.110937 0.043750
7 0.253906 0.528906 0.054688 0.067187
7 0.250000 0.499219 0.056250 0.023438
21 0.023438 0.590625 0.046875 0.081250
21 0.025000 0.527344 0.046875 0.051562
21 0.151562 0.496875 0.028125 0.034375
21 0.610938 0.462500 0.118750 0.078125
21 0.837500 0.586719 0.325000 0.373437
22 0.023438 0.590625 0.046875 0.081250
22 0.025000 0.527344 0.046875 0.051562
22 0.151562 0.496875 0.028125 0.034375
22 0.610938 0.462500 0.118750 0.078125
22 0.837500 0.586719 0.325000 0.373437