0 0.159375 0.591406 0.025000 0.064062
0 0.211719 0.585156 0.023438 0.064062
0 0.441406 0.569531 0.032813 0.051562
0 0.331250 0.540625 0.062500 0.181250
0 0.959375 0.540625 0.081250 0.209375
0 0.070312 0.446094 0.140625 0.373437
2 0.828906 0.696094 0.164062 0.092188
2 0.360156 0.635938 0.117188 0.012500
2 0.747656 0.610156 0.095312 0.014063
2 0.849219 0.604688 0.051562 0.012500
2 0.908594 0.602344 0.051562 0.014063
4 0.460156 0.552344 0.014063 0.148438
10 0.944531 0.755469 0.110937 0.345313
21 0.079687 0.639062 0.015625 0.056250
21 0.034375 0.628125 0.068750 0.096875
21 0.592187 0.646875 0.140625 0.150000
22 0.079687 0.639062 0.015625 0.056250
22 0.034375 0.628125 0.068750 0.096875
22 0.592187 0.646875 0.140625 0.150000