0 0.479687 0.443750 0.028125 0.031250
0 0.263281 0.253906 0.098437 0.145313
0 0.528906 0.225000 0.420312 0.450000
0 0.058594 0.033594 0.117188 0.067187
3 0.235156 0.488281 0.154688 0.020313
3 0.417969 0.482031 0.192188 0.020313
3 0.447656 0.459375 0.054688 0.018750
3 0.346094 0.460156 0.048438 0.020313
3 0.216406 0.461719 0.192188 0.026562
21 0.770312 0.458594 0.034375 0.023438
21 0.575000 0.463281 0.059375 0.032813
21 0.403906 0.460938 0.082812 0.031250
21 0.677344 0.457031 0.023438 0.032813
21 0.635156 0.457031 0.057813 0.035937
21 0.832812 0.449219 0.018750 0.029687
21 0.076563 0.471094 0.134375 0.073438
22 0.770312 0.458594 0.034375 0.023438
22 0.575000 0.463281 0.059375 0.032813
22 0.403906 0.460938 0.082812 0.031250
22 0.677344 0.457031 0.023438 0.032813
22 0.635156 0.457031 0.057813 0.035937
22 0.832812 0.449219 0.018750 0.029687
22 0.076563 0.471094 0.134375 0.073438