0 0.239844 0.610938 0.073438 0.053125
0 0.155469 0.593750 0.032813 0.021875
0 0.075000 0.578906 0.046875 0.098437
0 0.204687 0.326562 0.034375 0.050000
0 0.332031 0.389062 0.182812 0.218750
0 0.303906 0.195312 0.239063 0.190625
0 0.279687 0.053125 0.193750 0.106250
0 0.087500 0.212500 0.175000 0.425000
1 0.110156 0.496875 0.045312 0.056250
1 0.395313 0.093750 0.056250 0.018750
8 0.321094 0.600781 0.070312 0.089063
8 0.676562 0.582031 0.243750 0.192188
21 0.289844 0.696094 0.579688 0.439063
21 0.786719 0.667969 0.426563 0.479687
22 0.289844 0.696094 0.579688 0.439063
22 0.786719 0.667969 0.426563 0.479687