0 0.119531 0.312500 0.060937 0.134375
0 0.803125 0.210156 0.393750 0.420312
2 0.796875 0.551562 0.406250 0.156250
3 0.207031 0.450000 0.120313 0.031250
3 0.085938 0.452344 0.112500 0.045312
3 0.013281 0.452344 0.026562 0.048438
5 0.410938 0.458594 0.028125 0.023438
5 0.562500 0.446875 0.018750 0.028125
5 0.796875 0.463281 0.406250 0.210938
9 0.585156 0.462500 0.029687 0.090625
11 0.010937 0.412500 0.021875 0.034375
11 0.084375 0.403125 0.115625 0.059375
11 0.203906 0.397656 0.123438 0.089063
11 0.319531 0.389844 0.104688 0.107813
11 0.512500 0.371094 0.271875 0.148438
12 0.239844 0.500781 0.126562 0.023438
15 0.582812 0.428906 0.040625 0.132812
17 0.014063 0.492188 0.025000 0.053125
21 0.234375 0.475781 0.028125 0.042188
21 0.159375 0.477344 0.112500 0.070312
21 0.494531 0.452344 0.089063 0.032813
21 0.332031 0.444531 0.082812 0.082812
22 0.234375 0.475781 0.028125 0.042188
22 0.159375 0.477344 0.112500 0.070312
22 0.494531 0.452344 0.089063 0.032813
22 0.332031 0.444531 0.082812 0.082812