0 0.280469 0.605469 0.017188 0.039062
0 0.326562 0.598437 0.046875 0.040625
0 0.636719 0.582031 0.020313 0.051562
0 0.541406 0.596875 0.151562 0.081250
0 0.893750 0.589844 0.212500 0.139063
0 0.986719 0.427344 0.026562 0.020313
0 0.025781 0.199219 0.051562 0.279687
4 0.297656 0.642188 0.017188 0.106250
4 0.625781 0.599219 0.023438 0.192188
4 0.275781 0.543750 0.020313 0.118750
4 0.964063 0.486719 0.021875 0.073438
4 0.463281 0.507031 0.017188 0.151562
4 0.679688 0.565625 0.050000 0.293750
4 0.314844 0.467187 0.017188 0.106250
4 0.231250 0.387500 0.109375 0.256250
4 0.764062 0.418750 0.090625 0.546875
5 0.967187 0.758594 0.065625 0.029687
5 0.899219 0.744531 0.051562 0.023438
5 0.617188 0.687500 0.131250 0.040625
5 0.582031 0.669531 0.067187 0.020313
5 0.882812 0.683594 0.234375 0.064062
5 0.127344 0.703125 0.254688 0.287500
6 0.323437 0.646875 0.040625 0.037500
21 0.435937 0.728906 0.256250 0.298438
22 0.435937 0.728906 0.256250 0.298438