0 0.040625 0.684375 0.081250 0.078125
0 0.107813 0.671875 0.025000 0.056250
0 0.168750 0.697656 0.075000 0.114062
0 0.354687 0.680469 0.034375 0.082812
0 0.647656 0.659375 0.048438 0.053125
0 0.728906 0.647656 0.060937 0.076563
0 0.429688 0.626563 0.187500 0.181250
0 0.107813 0.542188 0.028125 0.087500
0 0.040625 0.542969 0.081250 0.089063
0 0.228906 0.622656 0.198437 0.260937
2 0.327344 0.753125 0.470313 0.065625
2 0.951562 0.669531 0.059375 0.020313
4 0.903906 0.603125 0.014063 0.081250
4 0.332031 0.408594 0.092188 0.670312
18 0.049219 0.501563 0.064062 0.084375
21 0.108594 0.728906 0.023438 0.060937
21 0.046094 0.761719 0.092188 0.151562
21 0.958594 0.742969 0.082812 0.126562
21 0.487500 0.689844 0.150000 0.057813
21 0.714063 0.710156 0.303125 0.114062
22 0.108594 0.728906 0.023438 0.060937
22 0.046094 0.761719 0.092188 0.151562
22 0.958594 0.742969 0.082812 0.126562
22 0.487500 0.689844 0.150000 0.057813
22 0.714063 0.710156 0.303125 0.114062