0 0.500781 0.518750 0.054688 0.046875
0 0.703906 0.471094 0.039062 0.042188
0 0.800781 0.457813 0.145313 0.140625
3 0.318750 0.557813 0.053125 0.018750
3 0.367969 0.557031 0.042188 0.020313
3 0.455469 0.555469 0.026562 0.026562
3 0.511719 0.557031 0.079687 0.032813
3 0.736719 0.553125 0.367188 0.062500
4 0.180469 0.508594 0.020313 0.098437
4 0.246094 0.477344 0.020313 0.073438
4 0.286719 0.468750 0.020313 0.156250
4 0.415625 0.383594 0.034375 0.254688
6 0.167969 0.558594 0.029687 0.020313
6 0.105469 0.557031 0.048438 0.070312
21 0.069531 0.570312 0.029687 0.031250
21 0.013281 0.569531 0.026562 0.039062
21 0.266406 0.560937 0.054688 0.046875
21 0.417969 0.550000 0.060937 0.081250
21 0.958594 0.588281 0.082812 0.217188
22 0.069531 0.570312 0.029687 0.031250
22 0.013281 0.569531 0.026562 0.039062
22 0.266406 0.560937 0.054688 0.046875
22 0.417969 0.550000 0.060937 0.081250
22 0.958594 0.588281 0.082812 0.217188