0 0.904687 0.699219 0.031250 0.076563
0 0.858594 0.698438 0.060937 0.078125
0 0.257031 0.663281 0.035937 0.039062
0 0.967969 0.633594 0.064062 0.085938
0 0.837500 0.615625 0.159375 0.065625
0 0.678125 0.432031 0.059375 0.110937
2 0.885938 0.744531 0.053125 0.017188
2 0.086719 0.721875 0.114062 0.012500
21 0.627344 0.700781 0.026562 0.054688
21 0.953125 0.742188 0.093750 0.143750
21 0.200000 0.710156 0.115625 0.082812
21 0.014844 0.723437 0.029687 0.128125
21 0.400000 0.757812 0.240625 0.250000
21 0.750781 0.748437 0.242188 0.284375
22 0.627344 0.700781 0.026562 0.054688
22 0.953125 0.742188 0.093750 0.143750
22 0.200000 0.710156 0.115625 0.082812
22 0.014844 0.723437 0.029687 0.128125
22 0.400000 0.757812 0.240625 0.250000
22 0.750781 0.748437 0.242188 0.284375