0 0.896875 0.475781 0.018750 0.029687
0 0.428906 0.456250 0.026562 0.046875
0 0.496094 0.411719 0.092188 0.185938
0 0.677344 0.199219 0.032813 0.076563
0 0.613281 0.296094 0.092188 0.385937
0 0.715625 0.184375 0.109375 0.221875
0 0.842969 0.150000 0.126562 0.193750
0 0.218750 0.255469 0.437500 0.501563
0 0.992188 0.314844 0.015625 0.629687
0 0.958594 0.311719 0.060937 0.623437
2 0.048438 0.600000 0.096875 0.046875
2 0.789844 0.786719 0.420312 0.426563
3 0.605469 0.507031 0.017188 0.035937
3 0.556250 0.507031 0.056250 0.035937
3 0.228906 0.501563 0.029687 0.068750
3 0.302344 0.503906 0.120313 0.076563
3 0.159375 0.494531 0.103125 0.104688
4 0.005469 0.407813 0.010937 0.084375
4 0.147656 0.407031 0.010937 0.104688
4 0.364844 0.407031 0.076563 0.132812
4 0.646094 0.428906 0.042188 0.289062
4 0.779687 0.373437 0.012500 0.181250
4 0.067187 0.238281 0.121875 0.157812
4 0.657813 0.089844 0.006250 0.095312
4 0.006250 0.101562 0.012500 0.137500
4 0.771875 0.075781 0.015625 0.151562
7 0.884375 0.503906 0.018750 0.051562
12 0.430469 0.637500 0.107813 0.015625
12 0.542188 0.622656 0.078125 0.051562
12 0.178125 0.622656 0.346875 0.054688
15 0.590625 0.510156 0.025000 0.073438
21 0.692969 0.521094 0.020313 0.045312
21 0.720313 0.524219 0.018750 0.054688
21 0.432812 0.533594 0.178125 0.251563
22 0.692969 0.521094 0.020313 0.045312
22 0.720313 0.524219 0.018750 0.054688
22 0.432812 0.533594 0.178125 0.251563