0 0.689063 0.359375 0.059375 0.056250
0 0.863281 0.328125 0.054688 0.043750
0 0.469531 0.336719 0.045312 0.070312
0 0.957031 0.306250 0.070312 0.068750
0 0.588281 0.245312 0.185938 0.278125
0 0.208594 0.235156 0.417187 0.470313
1 0.189844 0.159375 0.029687 0.031250
2 0.022656 0.475781 0.045312 0.023438
2 0.184375 0.454688 0.243750 0.065625
3 0.730469 0.567969 0.539062 0.367188
3 0.953125 0.344531 0.065625 0.023438
4 0.553125 0.305469 0.009375 0.157812
18 0.050000 0.331250 0.021875 0.037500
21 0.375000 0.388281 0.093750 0.110937
22 0.375000 0.388281 0.093750 0.110937