0 0.070312 0.484375 0.056250 0.046875
0 0.810937 0.487500 0.031250 0.065625
3 0.140625 0.528906 0.053125 0.017188
6 0.671875 0.525000 0.256250 0.418750
10 0.023438 0.685156 0.046875 0.148438
10 0.068750 0.662500 0.040625 0.162500
10 0.264062 0.622656 0.025000 0.089063
10 0.218750 0.635938 0.075000 0.137500
10 0.326562 0.569531 0.031250 0.060937
10 0.071094 0.542969 0.039062 0.039062
10 0.510938 0.528906 0.031250 0.064062
14 0.528906 0.514062 0.029687 0.075000
14 0.323437 0.526563 0.043750 0.106250
14 0.236719 0.571094 0.089063 0.251563
14 0.049219 0.606250 0.098437 0.334375
21 0.417187 0.514844 0.028125 0.026562
21 0.194531 0.520312 0.042188 0.071875
21 0.319531 0.521094 0.164062 0.110937
22 0.417187 0.514844 0.028125 0.026562
22 0.194531 0.520312 0.042188 0.071875
22 0.319531 0.521094 0.164062 0.110937