0 0.175781 0.498437 0.020313 0.062500
0 0.601562 0.328906 0.796875 0.657813
2 0.864844 0.655469 0.270313 0.048438
2 0.444531 0.625000 0.323437 0.118750
2 0.279687 0.566406 0.040625 0.023438
2 0.076563 0.557031 0.034375 0.051562
9 0.690625 0.667969 0.096875 0.145313
9 0.385156 0.573438 0.023438 0.053125
9 0.353125 0.566406 0.031250 0.048438
15 0.627344 0.603125 0.076563 0.262500
21 0.204687 0.562500 0.118750 0.081250
21 0.031250 0.602344 0.062500 0.210938
22 0.204687 0.562500 0.118750 0.081250
22 0.031250 0.602344 0.062500 0.210938