0 0.982031 0.516406 0.035937 0.101562
0 0.123438 0.447656 0.068750 0.054688
0 0.052344 0.433594 0.073438 0.045312
2 0.618750 0.553906 0.125000 0.026562
4 0.760938 0.445312 0.009375 0.146875
4 0.757812 0.326562 0.025000 0.084375
21 0.601562 0.540625 0.031250 0.015625
21 0.819531 0.644531 0.360938 0.257812
21 0.078125 0.472656 0.156250 0.070312
21 0.386719 0.592969 0.354687 0.364063
22 0.601562 0.540625 0.031250 0.015625
22 0.819531 0.644531 0.360938 0.257812
22 0.078125 0.472656 0.156250 0.070312
22 0.386719 0.592969 0.354687 0.364063