0 0.932031 0.829688 0.035937 0.028125
0 0.020313 0.809375 0.040625 0.046875
0 0.059375 0.792188 0.040625 0.053125
0 0.375781 0.651563 0.029687 0.053125
0 0.011719 0.539062 0.023438 0.037500
0 0.695312 0.411719 0.609375 0.823438
2 0.975781 0.948438 0.048438 0.037500
2 0.645312 0.921094 0.421875 0.076563
2 0.228125 0.862500 0.115625 0.018750
3 0.109375 0.826562 0.050000 0.012500
12 0.382031 0.966406 0.764062 0.067187
21 0.060156 0.847656 0.073438 0.064062
21 0.360156 0.862500 0.148438 0.103125
22 0.060156 0.847656 0.073438 0.064062
22 0.360156 0.862500 0.148438 0.103125