0 0.600000 0.708594 0.021875 0.054688
0 0.682813 0.714844 0.040625 0.073438
0 0.632031 0.712500 0.042188 0.071875
0 0.449219 0.693750 0.054688 0.050000
0 0.546094 0.660156 0.020313 0.042188
0 0.575000 0.687500 0.028125 0.103125
0 0.559375 0.589063 0.034375 0.040625
0 0.850000 0.375781 0.300000 0.751563
0 0.209375 0.367188 0.418750 0.734375
2 0.864844 0.903125 0.270313 0.143750
2 0.891406 0.795312 0.070312 0.018750
2 0.739062 0.801562 0.206250 0.037500
2 0.725000 0.765625 0.093750 0.021875
2 0.617188 0.758594 0.115625 0.048438
4 0.514062 0.622656 0.037500 0.139063
6 0.509375 0.718750 0.040625 0.062500
16 0.841406 0.823438 0.039062 0.096875
21 0.376563 0.731250 0.031250 0.021875
21 0.449219 0.736719 0.054688 0.035937
21 0.067969 0.769531 0.135937 0.110937
21 0.528125 0.740625 0.065625 0.062500
21 0.253906 0.742188 0.182812 0.071875
21 0.989062 0.726562 0.021875 0.062500
21 0.832812 0.732031 0.187500 0.076563
22 0.376563 0.731250 0.031250 0.021875
22 0.449219 0.736719 0.054688 0.035937
22 0.067969 0.769531 0.135937 0.110937
22 0.528125 0.740625 0.065625 0.062500
22 0.253906 0.742188 0.182812 0.071875
22 0.989062 0.726562 0.021875 0.062500
22 0.832812 0.732031 0.187500 0.076563