0 0.171094 0.596094 0.020313 0.051562
0 0.302344 0.548438 0.023438 0.056250
0 0.714844 0.452344 0.035937 0.042188
0 0.657813 0.433594 0.053125 0.132812
0 0.371875 0.420312 0.118750 0.184375
0 0.511719 0.358594 0.057813 0.185938
0 0.720313 0.303125 0.384375 0.481250
3 0.092188 0.692969 0.184375 0.064062
3 0.357812 0.607812 0.028125 0.031250
3 0.600781 0.592187 0.035937 0.031250
3 0.432812 0.605469 0.109375 0.067187
8 0.725781 0.528125 0.201563 0.150000
8 0.862500 0.508594 0.081250 0.142187
21 0.071094 0.718750 0.142187 0.043750
21 0.165625 0.689844 0.043750 0.045312
21 0.092188 0.668750 0.184375 0.056250
21 0.290625 0.659375 0.171875 0.121875
22 0.071094 0.718750 0.142187 0.043750
22 0.165625 0.689844 0.043750 0.045312
22 0.092188 0.668750 0.184375 0.056250
22 0.290625 0.659375 0.171875 0.121875