0 0.460938 0.594531 0.050000 0.073438
0 0.392969 0.571875 0.085938 0.093750
0 0.978906 0.514844 0.042188 0.051562
0 0.910156 0.557813 0.085938 0.140625
0 0.164062 0.479687 0.328125 0.156250
3 0.418750 0.617188 0.015625 0.031250
5 0.311719 0.627344 0.057813 0.035937
5 0.380469 0.607031 0.064062 0.064062
5 0.140625 0.578125 0.281250 0.178125
12 0.624219 0.744531 0.560937 0.039062
21 0.623437 0.674219 0.225000 0.135937
21 0.795312 0.629687 0.062500 0.065625
21 0.950000 0.690625 0.100000 0.234375
22 0.623437 0.674219 0.225000 0.135937
22 0.795312 0.629687 0.062500 0.065625
22 0.950000 0.690625 0.100000 0.234375