0 0.470313 0.523438 0.056250 0.062500
0 0.008594 0.510156 0.017188 0.039062
0 0.377344 0.439063 0.035937 0.059375
0 0.178125 0.445312 0.356250 0.165625
2 0.789844 0.589844 0.420312 0.064062
3 0.842187 0.517188 0.062500 0.012500
21 0.104688 0.546094 0.050000 0.045312
21 0.660937 0.517188 0.078125 0.015625
21 0.924219 0.515625 0.082812 0.018750
21 0.984375 0.514844 0.031250 0.023438
22 0.104688 0.546094 0.050000 0.045312
22 0.660937 0.517188 0.078125 0.015625
22 0.924219 0.515625 0.082812 0.018750
22 0.984375 0.514844 0.031250 0.023438