0 0.553906 0.563281 0.123438 0.064062
3 0.450781 0.630469 0.032813 0.017188
3 0.628906 0.603906 0.070312 0.029687
4 0.491406 0.541406 0.017188 0.207813
4 0.867969 0.528906 0.032813 0.207813
4 0.700000 0.500000 0.053125 0.353125
4 0.140625 0.435156 0.043750 0.354687
5 0.957031 0.630469 0.085938 0.054688
5 0.532031 0.595313 0.085938 0.056250
6 0.578125 0.579688 0.028125 0.025000
13 0.286719 0.564844 0.120313 0.076563
18 0.948438 0.622656 0.043750 0.039062
21 0.596875 0.655469 0.053125 0.035937
21 0.739062 0.673438 0.112500 0.075000
21 0.528125 0.642969 0.068750 0.054688
21 0.905469 0.625000 0.020313 0.028125
21 0.261719 0.623437 0.048438 0.025000
21 0.549219 0.571875 0.039062 0.028125
22 0.596875 0.655469 0.053125 0.035937
22 0.739062 0.673438 0.112500 0.075000
22 0.528125 0.642969 0.068750 0.054688
22 0.905469 0.625000 0.020313 0.028125
22 0.261719 0.623437 0.048438 0.025000
22 0.549219 0.571875 0.039062 0.028125