0 0.483594 0.405469 0.026562 0.048438
0 0.906250 0.357812 0.187500 0.403125
0 0.371094 0.322656 0.742188 0.645312
1 0.050781 0.271094 0.023438 0.029687
1 0.242969 0.268750 0.023438 0.031250
2 0.340625 0.667188 0.025000 0.050000
2 0.228125 0.657031 0.181250 0.067187
2 0.445312 0.642188 0.171875 0.100000
2 0.907813 0.561719 0.059375 0.020313
2 0.602344 0.597656 0.120313 0.114062
7 0.479687 0.577344 0.018750 0.070312
18 0.144531 0.536719 0.029687 0.017188
18 0.259375 0.504687 0.100000 0.125000
21 0.084375 0.609375 0.168750 0.190625
21 0.968750 0.555469 0.062500 0.101562
21 0.738281 0.528906 0.151562 0.151562
22 0.084375 0.609375 0.168750 0.190625
22 0.968750 0.555469 0.062500 0.101562
22 0.738281 0.528906 0.151562 0.151562