0 0.583594 0.719531 0.014063 0.070312
0 0.739844 0.694531 0.023438 0.064062
0 0.654687 0.705469 0.012500 0.089063
0 0.696094 0.675781 0.045312 0.076563
0 0.768750 0.669531 0.025000 0.076563
0 0.820312 0.653125 0.050000 0.059375
0 0.878125 0.608594 0.053125 0.135937
0 0.021094 0.542969 0.042188 0.042188
0 0.968750 0.645312 0.062500 0.293750
2 0.950781 0.806250 0.098437 0.046875
11 0.514062 0.713281 0.040625 0.089063
11 0.397656 0.685156 0.170313 0.045312
11 0.572656 0.690625 0.067187 0.084375
21 0.369531 0.764062 0.042188 0.031250
21 0.449219 0.774219 0.085938 0.110937
21 0.753906 0.754687 0.345313 0.162500
22 0.369531 0.764062 0.042188 0.031250
22 0.449219 0.774219 0.085938 0.110937
22 0.753906 0.754687 0.345313 0.162500