0 0.178125 0.503906 0.037500 0.035937
0 0.957812 0.489844 0.012500 0.042188
0 0.015625 0.464844 0.031250 0.107813
0 0.421875 0.454688 0.028125 0.093750
0 0.366406 0.452344 0.020313 0.092188
0 0.391406 0.451562 0.023438 0.096875
0 0.318750 0.434375 0.065625 0.128125
0 0.173437 0.389062 0.034375 0.093750
0 0.098437 0.423438 0.103125 0.193750
0 0.525000 0.371875 0.156250 0.250000
0 0.103125 0.132031 0.056250 0.042188
0 0.761719 0.266406 0.476562 0.532813
0 0.260156 0.179688 0.520312 0.359375
1 0.090625 0.107031 0.025000 0.023438
2 0.500000 0.792969 1.000000 0.414062
2 0.254688 0.600781 0.159375 0.032813
2 0.282813 0.539844 0.137500 0.029687
2 0.579688 0.542188 0.121875 0.037500
2 0.155469 0.535937 0.107813 0.034375
2 0.502344 0.539062 0.014063 0.043750
2 0.040625 0.534375 0.081250 0.034375
2 0.419531 0.536719 0.126562 0.048438
12 0.528906 0.578906 0.317188 0.032813
12 0.911719 0.564063 0.176563 0.018750
12 0.774219 0.560156 0.045312 0.014063
12 0.684375 0.557813 0.112500 0.015625
17 0.817187 0.570312 0.021875 0.065625
17 0.799219 0.530469 0.017188 0.060937
20 0.545312 0.485938 0.037500 0.034375
21 0.560156 0.511719 0.076563 0.042188
21 0.668750 0.510156 0.125000 0.042188
21 0.828906 0.514844 0.154688 0.067187
22 0.560156 0.511719 0.076563 0.042188
22 0.668750 0.510156 0.125000 0.042188
22 0.828906 0.514844 0.154688 0.067187