0 0.490625 0.483594 0.034375 0.023438
0 0.634375 0.478125 0.025000 0.059375
0 0.551562 0.473438 0.053125 0.053125
0 0.517188 0.470313 0.009375 0.050000
0 0.679688 0.447656 0.065625 0.126562
0 0.854688 0.372656 0.040625 0.082812
0 0.966406 0.339844 0.014063 0.070312
0 0.921094 0.351562 0.076563 0.106250
0 0.987500 0.296875 0.025000 0.125000
0 0.400000 0.246875 0.028125 0.065625
0 0.523438 0.258594 0.096875 0.160938
0 0.175781 0.236719 0.351562 0.195312
2 0.141406 0.714844 0.282813 0.226562
2 0.931250 0.546094 0.084375 0.014063
2 0.617969 0.542188 0.045312 0.021875
3 0.925781 0.510156 0.042188 0.042188
3 0.582812 0.510156 0.075000 0.045312
3 0.968750 0.503906 0.021875 0.048438
3 0.470313 0.475000 0.056250 0.084375
3 0.217969 0.496094 0.435937 0.326562
5 0.603125 0.524219 0.034375 0.032813
5 0.631250 0.511719 0.018750 0.045312
21 0.675781 0.519531 0.073438 0.054688
21 0.833594 0.518750 0.076563 0.056250
21 0.437500 0.614844 0.321875 0.254688
22 0.675781 0.519531 0.073438 0.054688
22 0.833594 0.518750 0.076563 0.056250
22 0.437500 0.614844 0.321875 0.254688