0 0.618750 0.652344 0.031250 0.045312
0 0.195312 0.577344 0.125000 0.067187
0 0.651563 0.603906 0.081250 0.160938
0 0.382031 0.589844 0.242188 0.160938
0 0.750781 0.564063 0.117188 0.234375
0 0.902344 0.548438 0.195312 0.253125
0 0.149219 0.373437 0.295312 0.156250
0 0.956250 0.078125 0.087500 0.156250
3 0.438281 0.673438 0.045312 0.034375
3 0.392969 0.667188 0.042188 0.046875
3 0.185156 0.617969 0.370312 0.151562
11 0.575000 0.657813 0.028125 0.034375
11 0.500000 0.353125 1.000000 0.434375
21 0.587500 0.679688 0.053125 0.018750
21 0.498437 0.695312 0.118750 0.090625
22 0.587500 0.679688 0.053125 0.018750
22 0.498437 0.695312 0.118750 0.090625