0 0.818750 0.590625 0.050000 0.043750
0 0.759375 0.609375 0.053125 0.081250
0 0.692969 0.607812 0.060937 0.078125
0 0.639062 0.625000 0.037500 0.112500
0 0.588281 0.636719 0.060937 0.135937
0 0.385156 0.597656 0.023438 0.095312
0 0.389844 0.475000 0.026562 0.087500
0 0.946094 0.546875 0.107813 0.259375
0 0.273438 0.358594 0.281250 0.717187
0 0.080469 0.317969 0.160938 0.635938
2 0.133594 0.846875 0.267188 0.184375
3 0.692969 0.719531 0.070312 0.035937
3 0.883594 0.726562 0.067187 0.078125
3 0.603906 0.694531 0.029687 0.026562
3 0.342187 0.739062 0.153125 0.131250
3 0.234375 0.683594 0.234375 0.095312
3 0.047656 0.682031 0.095312 0.095312
4 0.650781 0.621094 0.029687 0.160938
4 0.427344 0.550781 0.048438 0.198437
4 0.396875 0.534375 0.068750 0.362500
4 0.776563 0.451562 0.065625 0.340625
4 0.164844 0.396875 0.170313 0.793750
5 0.042969 0.760938 0.085938 0.062500
5 0.232031 0.747656 0.239063 0.079687
21 0.537500 0.701562 0.046875 0.025000
21 0.485938 0.703906 0.037500 0.048438
21 0.711719 0.691406 0.029687 0.045312
21 0.926562 0.752344 0.146875 0.495312
22 0.537500 0.701562 0.046875 0.025000
22 0.485938 0.703906 0.037500 0.048438
22 0.711719 0.691406 0.029687 0.045312
22 0.926562 0.752344 0.146875 0.495312