0 0.107031 0.575000 0.060937 0.043750
0 0.205469 0.571875 0.132812 0.043750
0 0.301563 0.558594 0.040625 0.064062
0 0.776563 0.549219 0.093750 0.073438
0 0.986719 0.554688 0.026562 0.087500
0 0.898438 0.549219 0.143750 0.098437
6 0.306250 0.569531 0.034375 0.048438
6 0.596094 0.509375 0.154688 0.253125
20 0.346094 0.560156 0.051562 0.067187
21 0.389062 0.574219 0.031250 0.023438
21 0.799219 0.589844 0.085938 0.064062
21 0.462500 0.579688 0.040625 0.043750
21 0.699219 0.567187 0.032813 0.034375
22 0.389062 0.574219 0.031250 0.023438
22 0.799219 0.589844 0.085938 0.064062
22 0.462500 0.579688 0.040625 0.043750
22 0.699219 0.567187 0.032813 0.034375