0 0.520312 0.567187 0.012500 0.050000
0 0.539844 0.562500 0.017188 0.068750
0 0.480469 0.546094 0.045312 0.089063
0 0.447656 0.548438 0.017188 0.100000
0 0.602344 0.529687 0.089063 0.190625
0 0.825000 0.510938 0.021875 0.287500
0 0.734375 0.495312 0.156250 0.321875
0 0.400000 0.450000 0.075000 0.340625
0 0.918750 0.472656 0.162500 0.389062
0 0.181250 0.397656 0.362500 0.632812
2 0.746875 0.653906 0.168750 0.045312
4 0.357031 0.562500 0.020313 0.171875
4 0.553125 0.476562 0.025000 0.262500
4 0.364844 0.340625 0.017188 0.184375
4 0.625781 0.332031 0.085938 0.626563
6 0.485156 0.569531 0.032813 0.020313
21 0.946094 0.640625 0.107813 0.096875
21 0.689063 0.610156 0.062500 0.067187
21 0.482031 0.604688 0.057813 0.062500
22 0.946094 0.640625 0.107813 0.096875
22 0.689063 0.610156 0.062500 0.067187
22 0.482031 0.604688 0.057813 0.062500