0 0.600000 0.427344 0.025000 0.067187
0 0.750781 0.500000 0.498437 1.000000
0 0.207813 0.245312 0.415625 0.490625
1 0.744531 0.246875 0.089063 0.043750
1 0.842187 0.116406 0.115625 0.092188
2 0.526563 0.955469 0.065625 0.089063
2 0.537500 0.834375 0.037500 0.084375
2 0.782031 0.830469 0.304688 0.339062
2 0.203125 0.819531 0.406250 0.360938
2 0.527344 0.677344 0.020313 0.117188
6 0.510938 0.483594 0.021875 0.029687
10 0.358594 0.594531 0.045312 0.107813
21 0.200781 0.533594 0.401562 0.232813
22 0.200781 0.533594 0.401562 0.232813