0 0.235937 0.546094 0.031250 0.032813
0 0.430469 0.549219 0.035937 0.042188
0 0.339844 0.513281 0.048438 0.032813
1 0.788281 0.458594 0.023438 0.026562
1 0.817187 0.456250 0.021875 0.025000
1 0.014063 0.407031 0.028125 0.051562
2 0.151562 0.722656 0.303125 0.142187
3 0.117188 0.669531 0.081250 0.026562
5 0.205469 0.607812 0.020313 0.059375
5 0.437500 0.601562 0.028125 0.065625
5 0.235937 0.600000 0.040625 0.075000
5 0.162500 0.597656 0.025000 0.079687
5 0.134375 0.589844 0.034375 0.073438
7 0.804688 0.731250 0.390625 0.478125
8 0.326562 0.600000 0.209375 0.081250
18 0.182812 0.446094 0.012500 0.051562
21 0.367188 0.635156 0.093750 0.126562
21 0.553906 0.618750 0.223438 0.178125
22 0.367188 0.635156 0.093750 0.126562
22 0.553906 0.618750 0.223438 0.178125