0 0.416406 0.501563 0.048438 0.056250
0 0.178125 0.347656 0.075000 0.395313
0 0.782813 0.260937 0.434375 0.521875
0 0.360938 0.267188 0.271875 0.534375
0 0.062500 0.270313 0.125000 0.540625
2 0.204687 0.761719 0.409375 0.357812
2 0.971094 0.581250 0.057813 0.031250
2 0.921094 0.572656 0.057813 0.014063
2 0.063281 0.557031 0.126562 0.014063
2 0.978125 0.528125 0.043750 0.012500
2 0.882031 0.526563 0.135937 0.018750
3 0.064844 0.649219 0.129688 0.185938
3 0.191406 0.603906 0.079687 0.117188
3 0.272656 0.579688 0.035937 0.081250
3 0.189062 0.521094 0.025000 0.032813
3 0.162500 0.522656 0.025000 0.035937
3 0.349219 0.517188 0.020313 0.031250
3 0.313281 0.512500 0.023438 0.021875
3 0.457813 0.515625 0.037500 0.043750
4 0.521875 0.371094 0.059375 0.226562
4 0.219531 0.259375 0.032813 0.518750
4 0.134375 0.342969 0.043750 0.685937
8 0.732812 0.473438 0.100000 0.025000
9 0.480469 0.459375 0.032813 0.056250
12 0.978125 0.553125 0.043750 0.021875
21 0.355469 0.552344 0.023438 0.042188
21 0.308594 0.551562 0.045312 0.059375
21 0.110156 0.525000 0.032813 0.037500
21 0.503906 0.541406 0.095312 0.123438
21 0.685937 0.546875 0.253125 0.168750
22 0.355469 0.552344 0.023438 0.042188
22 0.308594 0.551562 0.045312 0.059375
22 0.110156 0.525000 0.032813 0.037500
22 0.503906 0.541406 0.095312 0.123438
22 0.685937 0.546875 0.253125 0.168750