0 0.875000 0.644531 0.053125 0.020313
0 0.935156 0.636719 0.029687 0.029687
0 0.598437 0.623437 0.056250 0.031250
0 0.707031 0.625000 0.045312 0.043750
0 0.360938 0.642188 0.034375 0.081250
0 0.541406 0.610938 0.020313 0.081250
0 0.522656 0.609375 0.020313 0.100000
0 0.256250 0.437500 0.512500 0.875000
2 0.249219 0.846094 0.498437 0.307812
2 0.831250 0.717969 0.337500 0.107813
2 0.517188 0.662500 0.084375 0.050000
5 0.355469 0.708594 0.198437 0.092188
13 0.718750 0.494531 0.562500 0.317188
21 0.644531 0.655469 0.039062 0.057813
22 0.644531 0.655469 0.039062 0.057813