0 0.514062 0.663281 0.031250 0.020313
0 0.515625 0.632812 0.028125 0.037500
0 0.889062 0.191406 0.221875 0.382812
3 0.356250 0.628906 0.015625 0.048438
3 0.278906 0.624219 0.020313 0.057813
3 0.567969 0.650000 0.039062 0.118750
3 0.297656 0.620313 0.010937 0.065625
3 0.097656 0.639062 0.020313 0.118750
3 0.196875 0.614844 0.100000 0.076563
3 0.042969 0.679688 0.085938 0.271875
3 0.798438 0.679688 0.403125 0.296875
5 0.798438 0.856250 0.403125 0.287500
5 0.098437 0.735156 0.025000 0.076563
5 0.067187 0.742969 0.031250 0.092188
5 0.560156 0.677344 0.054688 0.229687