0 0.017188 0.798438 0.034375 0.303125
0 0.007031 0.316406 0.014063 0.179688
0 0.625781 0.243750 0.748437 0.487500
0 0.124219 0.272656 0.248438 0.545312
1 0.019531 0.137500 0.039062 0.181250
2 0.659375 0.944531 0.043750 0.110937
2 0.848437 0.875781 0.303125 0.248438
2 0.449219 0.805469 0.285938 0.389062
2 0.365625 0.572656 0.053125 0.039062
2 0.140625 0.746875 0.281250 0.506250
9 0.092188 0.537500 0.021875 0.100000
15 0.107031 0.500000 0.060937 0.162500
17 0.393750 0.612500 0.031250 0.065625
21 0.239063 0.470313 0.021875 0.043750
21 0.213281 0.457813 0.020313 0.071875
21 0.755469 0.508594 0.489063 0.504687
22 0.239063 0.470313 0.021875 0.043750
22 0.213281 0.457813 0.020313 0.071875
22 0.755469 0.508594 0.489063 0.504687