0 0.254688 0.650000 0.071875 0.143750
0 0.013281 0.601562 0.023438 0.090625
0 0.072656 0.560937 0.023438 0.053125
0 0.436719 0.581250 0.035937 0.118750
0 0.472656 0.578125 0.029687 0.115625
0 0.514844 0.567187 0.051562 0.140625
0 0.583594 0.584375 0.082812 0.225000
2 0.710938 0.859375 0.578125 0.281250
3 0.037500 0.663281 0.028125 0.048438
3 0.010937 0.660156 0.021875 0.045312
5 0.035156 0.695312 0.023438 0.025000
5 0.010156 0.692969 0.020313 0.029687
21 0.195312 0.705469 0.034375 0.039062
21 0.271875 0.699219 0.053125 0.073438
21 0.360156 0.698438 0.060937 0.075000
22 0.195312 0.705469 0.034375 0.039062
22 0.271875 0.699219 0.053125 0.073438
22 0.360156 0.698438 0.060937 0.075000