0 0.500000 0.337500 1.000000 0.675000
3 0.719531 0.670312 0.123438 0.031250
10 0.989844 0.725781 0.020313 0.054688
10 0.938281 0.717187 0.029687 0.053125
14 0.979688 0.714844 0.031250 0.070312
21 0.773438 0.698438 0.081250 0.062500
21 0.982812 0.666406 0.034375 0.042188
21 0.617969 0.664844 0.089063 0.045312
21 0.417187 0.640625 0.056250 0.034375
21 0.286719 0.650000 0.104688 0.078125
21 0.264062 0.613281 0.028125 0.023438
22 0.773438 0.698438 0.081250 0.062500
22 0.982812 0.666406 0.034375 0.042188
22 0.617969 0.664844 0.089063 0.045312
22 0.417187 0.640625 0.056250 0.034375
22 0.286719 0.650000 0.104688 0.078125
22 0.264062 0.613281 0.028125 0.023438