0 0.307812 0.635156 0.053125 0.026562
0 0.208594 0.632812 0.026562 0.025000
0 0.036719 0.642969 0.073438 0.048438
0 0.173437 0.640625 0.028125 0.053125
0 0.971875 0.608594 0.056250 0.039062
2 0.050781 0.711719 0.101562 0.020313
2 0.890625 0.730469 0.218750 0.070312
2 0.721094 0.692969 0.089063 0.035937
3 0.130469 0.660156 0.026562 0.023438
3 0.819531 0.630469 0.067187 0.017188
3 0.872656 0.627344 0.035937 0.017188
3 0.965625 0.622656 0.043750 0.017188
5 0.089063 0.675781 0.031250 0.029687
5 0.307031 0.654687 0.051562 0.015625
21 0.032031 0.662500 0.042188 0.018750
21 0.403125 0.659375 0.025000 0.025000
22 0.032031 0.662500 0.042188 0.018750
22 0.403125 0.659375 0.025000 0.025000