0 0.123438 0.366406 0.059375 0.257812
0 0.581250 0.410938 0.837500 0.821875
1 0.512500 0.571875 0.034375 0.043750
1 0.342969 0.532031 0.020313 0.026562
1 0.509375 0.198437 0.050000 0.028125
2 0.886719 0.818750 0.226562 0.131250
2 0.692187 0.741406 0.140625 0.117188
2 0.578906 0.696875 0.051562 0.065625
2 0.525000 0.676562 0.031250 0.040625
2 0.463281 0.657031 0.076563 0.054688
8 0.101562 0.517969 0.015625 0.167187
18 0.752344 0.615625 0.060937 0.031250
18 0.648438 0.596094 0.021875 0.029687
21 0.391406 0.653125 0.107813 0.125000
21 0.268750 0.606250 0.134375 0.150000
21 0.119531 0.553906 0.035937 0.101562
21 0.198437 0.519531 0.043750 0.057813
22 0.391406 0.653125 0.107813 0.125000
22 0.268750 0.606250 0.134375 0.150000
22 0.119531 0.553906 0.035937 0.101562
22 0.198437 0.519531 0.043750 0.057813