0 0.465625 0.223438 0.365625 0.231250
0 0.825781 0.329688 0.348438 0.659375
0 0.150000 0.282813 0.300000 0.565625
1 0.620313 0.164062 0.028125 0.034375
2 0.800781 0.632812 0.398438 0.321875
2 0.181250 0.729688 0.362500 0.540625
2 0.536719 0.408594 0.157812 0.026562
3 0.225000 0.454688 0.053125 0.078125
3 0.751563 0.427344 0.115625 0.039062
3 0.666406 0.419531 0.026562 0.029687
3 0.629687 0.417187 0.028125 0.031250
3 0.631250 0.355469 0.025000 0.035937
3 0.560156 0.353906 0.114062 0.035937
5 0.751563 0.464062 0.112500 0.056250
5 0.136719 0.650781 0.273438 0.451562
5 0.582031 0.399219 0.051562 0.020313
5 0.757812 0.391406 0.103125 0.026562
5 0.271094 0.394531 0.135937 0.032813
5 0.571094 0.375781 0.107813 0.023438
5 0.496875 0.370312 0.037500 0.018750
5 0.428125 0.364844 0.053125 0.020313
5 0.210938 0.344531 0.043750 0.017188
18 0.816406 0.513281 0.023438 0.026562
21 0.400781 0.485938 0.117188 0.134375
21 0.289844 0.442969 0.098437 0.079687
21 0.747656 0.405469 0.060937 0.014063
21 0.433594 0.398438 0.051562 0.040625
21 0.210938 0.395313 0.040625 0.062500
21 0.235937 0.362500 0.025000 0.025000
22 0.400781 0.485938 0.117188 0.134375
22 0.289844 0.442969 0.098437 0.079687
22 0.747656 0.405469 0.060937 0.014063
22 0.433594 0.398438 0.051562 0.040625
22 0.210938 0.395313 0.040625 0.062500
22 0.235937 0.362500 0.025000 0.025000