0 0.950781 0.654687 0.098437 0.118750
0 0.871875 0.603906 0.059375 0.114062
0 0.118750 0.508594 0.237500 0.342187
0 0.403906 0.414062 0.326562 0.512500
1 0.758594 0.139063 0.023438 0.043750
2 0.021875 0.856250 0.043750 0.059375
2 0.688281 0.847656 0.623437 0.304688
2 0.446094 0.711719 0.026562 0.039062
2 0.417969 0.707031 0.020313 0.029687
2 0.181250 0.682031 0.121875 0.023438
4 0.836719 0.625000 0.023438 0.162500
4 0.219531 0.513281 0.048438 0.342187
4 0.788281 0.310156 0.095312 0.457813
21 0.014063 0.662500 0.028125 0.034375
21 0.082812 0.664062 0.043750 0.040625
21 0.322656 0.666406 0.160938 0.120313
22 0.014063 0.662500 0.028125 0.034375
22 0.082812 0.664062 0.043750 0.040625
22 0.322656 0.666406 0.160938 0.120313