0 0.896094 0.675781 0.017188 0.092188
0 0.963281 0.676562 0.073438 0.115625
0 0.862500 0.651563 0.040625 0.134375
0 0.794531 0.553906 0.092188 0.320312
0 0.715625 0.542188 0.065625 0.300000
0 0.457813 0.468750 0.218750 0.362500
0 0.255469 0.327344 0.189062 0.301563
2 0.964844 0.738281 0.070312 0.020313
2 0.785937 0.711719 0.078125 0.020313
2 0.126562 0.827344 0.253125 0.267188
2 0.666406 0.695312 0.117188 0.028125
2 0.181250 0.630469 0.237500 0.042188
3 0.585938 0.636719 0.009375 0.082812
3 0.656250 0.633594 0.137500 0.123438
3 0.312500 0.604688 0.031250 0.078125
3 0.553125 0.617969 0.012500 0.107813
3 0.343750 0.604688 0.012500 0.081250
3 0.383594 0.595313 0.054688 0.112500
3 0.183594 0.575781 0.239063 0.129688
3 0.032031 0.553906 0.064062 0.110937
4 0.917969 0.540625 0.026562 0.412500
4 0.362500 0.495312 0.040625 0.325000
4 0.341406 0.475000 0.045312 0.384375
4 0.807813 0.427344 0.143750 0.589063
5 0.476562 0.646094 0.143750 0.032813