0 0.353906 0.695312 0.042188 0.065625
0 0.055469 0.642188 0.057813 0.090625
0 0.363281 0.621875 0.029687 0.062500
0 0.939063 0.650000 0.121875 0.131250
0 0.145313 0.629687 0.131250 0.100000
0 0.503906 0.571094 0.020313 0.039062
0 0.811719 0.622656 0.029687 0.154688
0 0.432031 0.633594 0.101562 0.245312
0 0.639844 0.626563 0.304688 0.250000
1 0.968750 0.551562 0.062500 0.018750
1 0.942969 0.474219 0.114062 0.079687
2 0.906250 0.946094 0.187500 0.107813
2 0.675000 0.851562 0.381250 0.062500
2 0.414062 0.760156 0.112500 0.039062
2 0.352344 0.728125 0.039062 0.034375
4 0.746875 0.615625 0.121875 0.418750
12 0.239063 0.828125 0.084375 0.015625
12 0.374219 0.831250 0.154688 0.025000
12 0.090625 0.821875 0.181250 0.021875
12 0.540625 0.807031 0.109375 0.032813
12 0.438281 0.800000 0.060937 0.028125
12 0.135156 0.767188 0.104688 0.009375
21 0.622656 0.767969 0.039062 0.048438
21 0.711719 0.759375 0.082812 0.068750
21 0.919531 0.784375 0.160938 0.184375
21 0.042188 0.751563 0.084375 0.134375
21 0.240625 0.757812 0.121875 0.168750
21 0.114062 0.686719 0.056250 0.026562
21 0.175781 0.709375 0.104688 0.081250
22 0.622656 0.767969 0.039062 0.048438
22 0.711719 0.759375 0.082812 0.068750
22 0.919531 0.784375 0.160938 0.184375
22 0.042188 0.751563 0.084375 0.134375
22 0.240625 0.757812 0.121875 0.168750
22 0.114062 0.686719 0.056250 0.026562
22 0.175781 0.709375 0.104688 0.081250