0 0.550781 0.500781 0.039062 0.045312
0 0.037500 0.520312 0.075000 0.153125
0 0.433594 0.488281 0.117188 0.120313
0 0.692187 0.440625 0.156250 0.193750
0 0.181250 0.464062 0.362500 0.293750
0 0.885938 0.435156 0.228125 0.298438
3 0.639062 0.525000 0.031250 0.031250
4 0.368750 0.520312 0.012500 0.137500
4 0.497656 0.451562 0.039062 0.146875
4 0.691406 0.449219 0.010937 0.185938
4 0.880469 0.404687 0.007812 0.115625
4 0.467187 0.379688 0.046875 0.096875
4 0.766406 0.391406 0.048438 0.292187
4 0.385937 0.204687 0.109375 0.409375
6 0.611719 0.514062 0.029687 0.043750