0 0.563281 0.519531 0.026562 0.029687
0 0.705469 0.509375 0.051562 0.087500
0 0.388281 0.490625 0.048438 0.087500
0 0.356250 0.489063 0.012500 0.084375
0 0.326562 0.488281 0.040625 0.085938
0 0.946094 0.446875 0.107813 0.096875
0 0.821094 0.474219 0.148438 0.182812
0 0.090625 0.408594 0.181250 0.254688
2 0.192969 0.599219 0.073438 0.023438
2 0.877344 0.588281 0.245312 0.045312
2 0.668750 0.557813 0.125000 0.028125
3 0.885938 0.540625 0.228125 0.109375
5 0.669531 0.550000 0.045312 0.018750
21 0.477344 0.529687 0.060937 0.018750
21 0.322656 0.525781 0.035937 0.026562
21 0.086719 0.553906 0.173437 0.207813
22 0.477344 0.529687 0.060937 0.018750
22 0.322656 0.525781 0.035937 0.026562
22 0.086719 0.553906 0.173437 0.207813