0 0.569531 0.474219 0.045312 0.020313
0 0.694531 0.474219 0.035937 0.023438
0 0.297656 0.423438 0.126562 0.081250
3 0.033594 0.574219 0.067187 0.070312
3 0.160156 0.559375 0.023438 0.046875
3 0.360156 0.528125 0.045312 0.028125
3 0.921094 0.517188 0.110937 0.025000
3 0.843750 0.517969 0.031250 0.026562
3 0.400781 0.533594 0.014063 0.060937
4 0.710938 0.428125 0.021875 0.168750
4 0.070312 0.370312 0.018750 0.168750
4 0.855469 0.402344 0.035937 0.267188
4 0.400000 0.386719 0.009375 0.242188
4 0.235156 0.357031 0.032813 0.207813
4 0.435156 0.360938 0.051562 0.287500
4 0.400781 0.119531 0.057813 0.042188
6 0.535156 0.484375 0.032813 0.040625
21 0.937500 0.498437 0.065625 0.018750
22 0.937500 0.498437 0.065625 0.018750