0 0.123438 0.784375 0.043750 0.021875
0 0.043750 0.780469 0.046875 0.023438
0 0.712500 0.756250 0.015625 0.034375
0 0.694531 0.757812 0.020313 0.037500
0 0.592969 0.758594 0.060937 0.095312
0 0.635156 0.750000 0.029687 0.084375
0 0.497656 0.729688 0.085938 0.109375
0 0.744531 0.682813 0.057813 0.178125
0 0.789844 0.684375 0.045312 0.196875
0 0.825000 0.678125 0.046875 0.209375
0 0.928125 0.691406 0.143750 0.239063
0 0.506250 0.587500 0.106250 0.109375
0 0.178125 0.409375 0.356250 0.628125
1 0.956250 0.129688 0.040625 0.037500
2 0.153906 0.817969 0.089063 0.010937
2 0.593750 0.802344 0.059375 0.017188
3 0.405469 0.796094 0.045312 0.032813
3 0.750781 0.778125 0.048438 0.018750
8 0.321875 0.778906 0.015625 0.073438
8 0.360156 0.775781 0.057813 0.070312
9 0.717969 0.806250 0.029687 0.037500
10 0.804688 0.805469 0.018750 0.042188
15 0.731250 0.797656 0.025000 0.054688
21 0.226562 0.802344 0.056250 0.051562
21 0.963281 0.797656 0.073438 0.054688
21 0.490625 0.789844 0.050000 0.042188
22 0.226562 0.802344 0.056250 0.051562
22 0.963281 0.797656 0.073438 0.054688
22 0.490625 0.789844 0.050000 0.042188