0 0.132031 0.627344 0.045312 0.054688
0 0.053125 0.621875 0.106250 0.075000
0 0.655469 0.555469 0.154688 0.104688
0 0.052344 0.477344 0.104688 0.164062
2 0.807031 0.732812 0.385937 0.065625
5 0.602344 0.639062 0.114062 0.021875
5 0.694531 0.632812 0.048438 0.015625
5 0.478906 0.625000 0.035937 0.037500
21 0.138281 0.686719 0.192188 0.082812
21 0.281250 0.639844 0.037500 0.023438
21 0.348438 0.639062 0.021875 0.031250
22 0.138281 0.686719 0.192188 0.082812
22 0.281250 0.639844 0.037500 0.023438
22 0.348438 0.639062 0.021875 0.031250