0 0.064062 0.638281 0.128125 0.076563
0 0.218750 0.621094 0.025000 0.045312
0 0.900781 0.606250 0.054688 0.025000
0 0.587500 0.618750 0.075000 0.053125
0 0.723437 0.600000 0.059375 0.078125
1 0.748437 0.012500 0.075000 0.025000
5 0.025781 0.667188 0.051562 0.018750
5 0.676562 0.643750 0.053125 0.021875
6 0.333594 0.643750 0.026562 0.031250
8 0.912500 0.628125 0.040625 0.021875
8 0.969531 0.631250 0.060937 0.037500
21 0.092969 0.674219 0.085938 0.051562
21 0.300781 0.654687 0.023438 0.021875
21 0.267188 0.656250 0.028125 0.028125
21 0.891406 0.724219 0.217188 0.176563
21 0.467187 0.684375 0.150000 0.125000
22 0.092969 0.674219 0.085938 0.051562
22 0.300781 0.654687 0.023438 0.021875
22 0.267188 0.656250 0.028125 0.028125
22 0.891406 0.724219 0.217188 0.176563
22 0.467187 0.684375 0.150000 0.125000