0 0.449219 0.720313 0.023438 0.050000
0 0.501563 0.714844 0.075000 0.057813
0 0.292969 0.683594 0.085938 0.039062
0 0.584375 0.667969 0.084375 0.129688
0 0.132812 0.501563 0.265625 0.325000
0 0.853906 0.520312 0.292187 0.387500
3 0.778125 0.734375 0.443750 0.106250
3 0.179688 0.669531 0.359375 0.182812
21 0.770312 0.816406 0.065625 0.032813
21 0.715625 0.809375 0.031250 0.028125
21 0.682813 0.804688 0.021875 0.025000
21 0.759375 0.761719 0.162500 0.035937
21 0.521875 0.770312 0.115625 0.084375
21 0.402344 0.760156 0.092188 0.110937
22 0.770312 0.816406 0.065625 0.032813
22 0.715625 0.809375 0.031250 0.028125
22 0.682813 0.804688 0.021875 0.025000
22 0.759375 0.761719 0.162500 0.035937
22 0.521875 0.770312 0.115625 0.084375
22 0.402344 0.760156 0.092188 0.110937