0 0.454688 0.532813 0.021875 0.046875
0 0.767969 0.545312 0.014063 0.096875
0 0.554688 0.507812 0.034375 0.056250
0 0.387500 0.496094 0.109375 0.126562
0 0.742969 0.496875 0.067187 0.131250
0 0.170313 0.456250 0.028125 0.106250
0 0.639062 0.432031 0.050000 0.089063
0 0.857031 0.453906 0.135937 0.295312
0 0.082812 0.349219 0.165625 0.314063
2 0.832812 0.812500 0.334375 0.375000
2 0.585938 0.607812 0.225000 0.071875
2 0.317188 0.575781 0.300000 0.039062
5 0.669531 0.591406 0.189062 0.070312
21 0.481250 0.552344 0.037500 0.023438
21 0.327344 0.546875 0.026562 0.034375
21 0.296094 0.547656 0.032813 0.035937
21 0.085938 0.532813 0.171875 0.293750
22 0.481250 0.552344 0.037500 0.023438
22 0.327344 0.546875 0.026562 0.034375
22 0.296094 0.547656 0.032813 0.035937
22 0.085938 0.532813 0.171875 0.293750