0 0.539062 0.541406 0.190625 0.142187
0 0.288281 0.457813 0.310937 0.262500
0 0.071875 0.395313 0.143750 0.325000
0 0.900781 0.398438 0.198437 0.481250
0 0.940625 0.055469 0.118750 0.110937
2 0.007812 0.691406 0.015625 0.051562
3 0.667969 0.680469 0.114062 0.123438
3 0.886719 0.646875 0.226562 0.081250
5 0.885938 0.770312 0.228125 0.143750
5 0.805469 0.676562 0.064062 0.021875
21 0.860938 0.629687 0.046875 0.018750
21 0.947656 0.620313 0.104688 0.037500
21 0.334375 0.653906 0.646875 0.235937
22 0.860938 0.629687 0.046875 0.018750
22 0.947656 0.620313 0.104688 0.037500
22 0.334375 0.653906 0.646875 0.235937