0 0.344531 0.518750 0.032813 0.025000
0 0.373437 0.517969 0.021875 0.029687
0 0.414844 0.516406 0.029687 0.035937
0 0.541406 0.513281 0.029687 0.045312
0 0.250000 0.501563 0.021875 0.037500
0 0.568750 0.501563 0.021875 0.071875
0 0.600000 0.476562 0.037500 0.125000
0 0.322656 0.416406 0.029687 0.051562
0 0.242969 0.405469 0.104688 0.151562
0 0.721875 0.456250 0.203125 0.275000
0 0.914062 0.416406 0.171875 0.401562
2 0.866406 0.617969 0.267188 0.089063
3 0.419531 0.581250 0.182812 0.106250
3 0.164062 0.664062 0.328125 0.356250
7 0.925000 0.582031 0.018750 0.057813
9 0.778125 0.573438 0.018750 0.040625
21 0.617188 0.564063 0.231250 0.078125
22 0.617188 0.564063 0.231250 0.078125