0 0.305469 0.468750 0.042188 0.053125
0 0.335938 0.394531 0.084375 0.117188
0 0.189062 0.412500 0.153125 0.193750
0 0.040625 0.333594 0.081250 0.117188
2 0.103906 0.557031 0.207813 0.017188
2 0.548438 0.540625 0.128125 0.015625
2 0.213281 0.532813 0.154688 0.009375
3 0.453906 0.457031 0.017188 0.070312
3 0.399219 0.447656 0.076563 0.051562
3 0.687500 0.289844 0.187500 0.085938
4 0.231250 0.271094 0.156250 0.517188
5 0.689844 0.378906 0.185938 0.101562
11 0.975781 0.069531 0.048438 0.139063
11 0.832812 0.195312 0.184375 0.390625
12 0.221875 0.593750 0.443750 0.081250
21 0.396875 0.514062 0.215625 0.100000
21 0.171094 0.488281 0.032813 0.048438
21 0.121875 0.493750 0.062500 0.059375
21 0.805469 0.504687 0.389062 0.265625
22 0.396875 0.514062 0.215625 0.100000
22 0.171094 0.488281 0.032813 0.048438
22 0.121875 0.493750 0.062500 0.059375
22 0.805469 0.504687 0.389062 0.265625