0 0.928906 0.670312 0.054688 0.031250
0 0.301563 0.649219 0.028125 0.029687
0 0.349219 0.648438 0.054688 0.046875
0 0.881250 0.649219 0.034375 0.060937
0 0.961719 0.653125 0.026562 0.081250
0 0.987500 0.636719 0.025000 0.064062
0 0.513281 0.602344 0.270313 0.142187
0 0.748437 0.609375 0.196875 0.187500
2 0.814844 0.750781 0.032813 0.020313
2 0.934375 0.742969 0.131250 0.020313
2 0.360938 0.717187 0.203125 0.009375
2 0.912500 0.707812 0.090625 0.009375
5 0.981250 0.719531 0.037500 0.020313
21 0.728906 0.700000 0.079687 0.040625
21 0.568750 0.692969 0.228125 0.067187
22 0.728906 0.700000 0.079687 0.040625
22 0.568750 0.692969 0.228125 0.067187