0 0.983594 0.610156 0.032813 0.089063
0 0.809375 0.587500 0.084375 0.081250
0 0.982812 0.547656 0.034375 0.026562
0 0.907813 0.571094 0.106250 0.082812
0 0.749219 0.594531 0.045312 0.129688
0 0.652344 0.589844 0.139063 0.120313
0 0.066406 0.561719 0.023438 0.132812
0 0.250000 0.555469 0.068750 0.148438
0 0.177344 0.557813 0.070312 0.153125
0 0.015625 0.557813 0.031250 0.162500
0 0.103906 0.552344 0.042188 0.154688
2 0.905469 0.678906 0.107813 0.020313
5 0.019531 0.655469 0.017188 0.035937
5 0.693750 0.642188 0.059375 0.025000
5 0.176563 0.649219 0.068750 0.039062
5 0.111719 0.650781 0.020313 0.042188
5 0.063281 0.650781 0.020313 0.045312
5 0.559375 0.629687 0.031250 0.025000
5 0.616406 0.631250 0.076563 0.031250
5 0.874219 0.643750 0.173437 0.062500
21 0.960938 0.728125 0.078125 0.168750
21 0.246875 0.657813 0.078125 0.043750
21 0.432031 0.757031 0.242188 0.273438
22 0.960938 0.728125 0.078125 0.168750
22 0.246875 0.657813 0.078125 0.043750
22 0.432031 0.757031 0.242188 0.273438