0 0.258594 0.329688 0.045312 0.018750
0 0.242969 0.161719 0.135937 0.301563
0 0.655469 0.235156 0.689063 0.470313
0 0.050000 0.168750 0.100000 0.337500
3 0.252344 0.315625 0.079687 0.012500
10 0.043750 0.356250 0.087500 0.093750
21 0.579688 0.335938 0.115625 0.050000
21 0.708594 0.335156 0.035937 0.051562
21 0.386719 0.335156 0.073438 0.054688
21 0.058594 0.325000 0.057813 0.037500
22 0.579688 0.335938 0.115625 0.050000
22 0.708594 0.335156 0.035937 0.051562
22 0.386719 0.335156 0.073438 0.054688
22 0.058594 0.325000 0.057813 0.037500