0 0.450781 0.589844 0.035937 0.060937
0 0.367188 0.589063 0.018750 0.078125
0 0.313281 0.589844 0.070312 0.082812
0 0.406250 0.578906 0.050000 0.095312
0 0.476562 0.536719 0.043750 0.154688
0 0.016406 0.486719 0.032813 0.067187
0 0.135937 0.371094 0.271875 0.639062
2 0.527344 0.635156 0.160938 0.067187
3 0.046094 0.680469 0.092188 0.054688
3 0.450781 0.640625 0.139063 0.068750
5 0.868750 0.610156 0.262500 0.101562
11 0.698438 0.536719 0.159375 0.073438
21 0.328906 0.654687 0.098437 0.100000
21 0.200000 0.662500 0.146875 0.118750
21 0.672656 0.603125 0.132812 0.075000
22 0.328906 0.654687 0.098437 0.100000
22 0.200000 0.662500 0.146875 0.118750
22 0.672656 0.603125 0.132812 0.075000