0 0.178906 0.615625 0.032813 0.025000
0 0.349219 0.612500 0.017188 0.043750
0 0.049219 0.590625 0.054688 0.031250
0 0.082812 0.454688 0.031250 0.053125
0 0.550000 0.583594 0.600000 0.339062
0 0.170313 0.414062 0.103125 0.253125
0 0.031250 0.376563 0.062500 0.200000
0 0.882812 0.505469 0.234375 0.567187
2 0.050781 0.640625 0.101562 0.050000
4 0.536719 0.597656 0.020313 0.182812
11 0.390625 0.593750 0.062500 0.112500
11 0.224219 0.589063 0.270313 0.103125
21 0.235937 0.646094 0.115625 0.089063
22 0.235937 0.646094 0.115625 0.089063