0 0.498437 0.641406 0.025000 0.048438
0 0.628125 0.633594 0.018750 0.064062
0 0.653125 0.634375 0.012500 0.075000
0 0.392188 0.635156 0.081250 0.079687
0 0.446875 0.630469 0.021875 0.089063
0 0.471094 0.626563 0.020313 0.100000
0 0.556250 0.624219 0.081250 0.098437
0 0.855469 0.560937 0.289062 0.234375
0 0.161719 0.532813 0.323437 0.253125
2 0.909375 0.786719 0.181250 0.082812
2 0.164844 0.768750 0.329688 0.162500
2 0.615625 0.707031 0.150000 0.045312
3 0.281250 0.675000 0.040625 0.031250
3 0.129688 0.675781 0.259375 0.057813
4 0.343750 0.610156 0.015625 0.126562
4 0.428906 0.535937 0.020313 0.081250
4 0.473438 0.570312 0.025000 0.218750
4 0.586719 0.467969 0.067187 0.442188
5 0.665625 0.703125 0.062500 0.025000
5 0.600000 0.689844 0.059375 0.026562
17 0.868750 0.717969 0.028125 0.048438
18 0.682813 0.648438 0.050000 0.106250
18 0.500781 0.586719 0.029687 0.157812
21 0.925781 0.665625 0.148438 0.068750
22 0.925781 0.665625 0.148438 0.068750