0 0.337500 0.562500 0.015625 0.040625
0 0.366406 0.553906 0.035937 0.054688
0 0.305469 0.532813 0.020313 0.031250
0 0.497656 0.551562 0.014063 0.075000
0 0.242969 0.525781 0.045312 0.032813
0 0.280469 0.522656 0.023438 0.045312
0 0.513281 0.539844 0.014063 0.101562
0 0.529687 0.514062 0.025000 0.053125
0 0.564844 0.484375 0.017188 0.043750
0 0.035156 0.442969 0.070312 0.104688
0 0.392969 0.481250 0.192188 0.184375
0 0.801562 0.380469 0.396875 0.467187
0 0.161719 0.315625 0.323437 0.434375
1 0.542969 0.342969 0.029687 0.060937
2 0.603125 0.651563 0.250000 0.137500
3 0.279687 0.562500 0.021875 0.040625
3 0.242969 0.559375 0.045312 0.046875
3 0.210156 0.558594 0.010937 0.048438
3 0.530469 0.559375 0.026562 0.071875
3 0.560156 0.553125 0.014063 0.096875
3 0.086719 0.539844 0.020313 0.085938
3 0.579688 0.550781 0.009375 0.114062
3 0.152344 0.535156 0.098437 0.098437
3 0.038281 0.528906 0.076563 0.107813
3 0.682031 0.517188 0.157812 0.281250
4 0.307812 0.470313 0.034375 0.165625
4 0.109375 0.396875 0.028125 0.406250
4 0.581250 0.402344 0.031250 0.445312
5 0.032813 0.571094 0.065625 0.026562
21 0.305469 0.575000 0.042188 0.043750
21 0.432031 0.578906 0.098437 0.067187
21 0.967187 0.528906 0.065625 0.110937
22 0.305469 0.575000 0.042188 0.043750
22 0.432031 0.578906 0.098437 0.067187
22 0.967187 0.528906 0.065625 0.110937