0 0.825000 0.760938 0.056250 0.050000
0 0.891406 0.752344 0.042188 0.060937
0 0.574219 0.737500 0.039062 0.037500
2 0.085938 0.967969 0.171875 0.064062
3 0.445312 0.767188 0.025000 0.046875
4 0.644531 0.655469 0.035937 0.229687
4 0.722656 0.656250 0.007812 0.234375
5 0.765625 0.796875 0.034375 0.025000
5 0.884375 0.793750 0.025000 0.021875
5 0.821094 0.794531 0.057813 0.026562
7 0.925781 0.832812 0.082812 0.087500
7 0.278906 0.846094 0.095312 0.154688
21 0.707031 0.811719 0.082812 0.092188
21 0.520312 0.781250 0.031250 0.034375
21 0.466406 0.767969 0.026562 0.039062
21 0.552344 0.760156 0.026562 0.029687
22 0.707031 0.811719 0.082812 0.092188
22 0.520312 0.781250 0.031250 0.034375
22 0.466406 0.767969 0.026562 0.039062
22 0.552344 0.760156 0.026562 0.029687