0 0.437500 0.471875 0.131250 0.128125
0 0.160156 0.422656 0.014063 0.045312
0 0.596094 0.478906 0.176563 0.182812
0 0.224219 0.385937 0.164062 0.262500
0 0.843750 0.380469 0.312500 0.364063
0 0.068750 0.309375 0.137500 0.253125
2 0.178125 0.753125 0.356250 0.278125
2 0.785937 0.622656 0.318750 0.079687
3 0.897656 0.595313 0.160938 0.081250
3 0.185938 0.694531 0.371875 0.285938
3 0.584375 0.545312 0.100000 0.040625
3 0.519531 0.540625 0.026562 0.034375
3 0.908594 0.523438 0.182812 0.028125
3 0.144531 0.493750 0.289062 0.181250
4 0.505469 0.465625 0.007812 0.196875
4 0.627344 0.425781 0.039062 0.201563
4 0.681250 0.401562 0.031250 0.315625
4 0.389062 0.360938 0.075000 0.396875
4 0.139844 0.251563 0.010937 0.371875
5 0.146094 0.607812 0.292187 0.093750
5 0.903906 0.566406 0.192188 0.079687
6 0.462500 0.553906 0.068750 0.129688
21 0.382031 0.535937 0.020313 0.028125
22 0.382031 0.535937 0.020313 0.028125