0 0.992188 0.553906 0.015625 0.079687
0 0.236719 0.516406 0.048438 0.042188
0 0.272656 0.515625 0.023438 0.062500
0 0.377344 0.510156 0.173437 0.151562
0 0.514844 0.520312 0.110937 0.187500
0 0.098437 0.432031 0.018750 0.045312
2 0.401562 0.871875 0.803125 0.256250
5 0.681250 0.594531 0.053125 0.020313
5 0.011719 0.471875 0.020313 0.043750
7 0.007031 0.432031 0.014063 0.110937
12 0.684375 0.721875 0.146875 0.040625
12 0.128906 0.656250 0.257812 0.200000
21 0.726562 0.664844 0.184375 0.142187
21 0.425781 0.574219 0.060937 0.048438
21 0.317188 0.558594 0.037500 0.029687
21 0.239844 0.545312 0.032813 0.028125
21 0.182812 0.539062 0.034375 0.040625
21 0.112500 0.521094 0.059375 0.076563
22 0.726562 0.664844 0.184375 0.142187
22 0.425781 0.574219 0.060937 0.048438
22 0.317188 0.558594 0.037500 0.029687
22 0.239844 0.545312 0.032813 0.028125
22 0.182812 0.539062 0.034375 0.040625
22 0.112500 0.521094 0.059375 0.076563