0 0.532813 0.616406 0.075000 0.051562
0 0.605469 0.611719 0.029687 0.051562
0 0.579688 0.611719 0.012500 0.054688
2 0.133594 0.782031 0.267188 0.045312
2 0.688281 0.660937 0.076563 0.025000
2 0.865625 0.645312 0.268750 0.040625
8 0.737500 0.610156 0.018750 0.026562
8 0.709375 0.610156 0.031250 0.026562
11 0.114844 0.600000 0.032813 0.043750
11 0.152344 0.596094 0.035937 0.045312
11 0.185156 0.622656 0.023438 0.101562
11 0.227344 0.589063 0.029687 0.040625
11 0.422656 0.581250 0.104688 0.034375
11 0.308594 0.583594 0.120313 0.048438
11 0.532813 0.567187 0.071875 0.040625
11 0.578906 0.565625 0.014063 0.040625
11 0.614062 0.562500 0.046875 0.043750
11 0.735156 0.553906 0.020313 0.039062
11 0.692969 0.556250 0.060937 0.043750
21 0.028125 0.685156 0.056250 0.042188
21 0.124219 0.673438 0.039062 0.034375
21 0.447656 0.648438 0.026562 0.028125
21 0.406250 0.644531 0.040625 0.020313
21 0.513281 0.664844 0.082812 0.089063
21 0.687500 0.610156 0.056250 0.045312
22 0.028125 0.685156 0.056250 0.042188
22 0.124219 0.673438 0.039062 0.034375
22 0.447656 0.648438 0.026562 0.028125
22 0.406250 0.644531 0.040625 0.020313
22 0.513281 0.664844 0.082812 0.089063
22 0.687500 0.610156 0.056250 0.045312