0 0.328125 0.827344 0.025000 0.032813
0 0.412500 0.817969 0.034375 0.064062
0 0.358594 0.815625 0.032813 0.065625
0 0.302344 0.814844 0.079687 0.064062
0 0.232813 0.811719 0.046875 0.070312
0 0.147656 0.804688 0.107813 0.100000
0 0.039062 0.796094 0.078125 0.085938
1 0.518750 0.297656 0.034375 0.045312
6 0.707031 0.819531 0.029687 0.035937
6 0.757031 0.814063 0.020313 0.040625
6 0.880469 0.791406 0.101562 0.070312
6 0.966406 0.771875 0.067187 0.093750
12 0.250781 0.897656 0.167187 0.014063
21 0.257031 0.860938 0.064062 0.037500
22 0.257031 0.860938 0.064062 0.037500