0 0.406250 0.612500 0.015625 0.037500
0 0.011719 0.582812 0.023438 0.106250
0 0.828125 0.573438 0.056250 0.103125
0 0.235156 0.543750 0.054688 0.171875
0 0.296094 0.509375 0.017188 0.118750
0 0.267969 0.478125 0.026562 0.059375
0 0.354687 0.503125 0.096875 0.115625
0 0.800781 0.387500 0.095312 0.034375
0 0.677344 0.451562 0.079687 0.190625
0 0.578906 0.442188 0.101562 0.190625
0 0.653125 0.328125 0.031250 0.046875
0 0.600781 0.311719 0.057813 0.060937
0 0.196875 0.316406 0.393750 0.632812
1 0.134375 0.439844 0.021875 0.032813
2 0.848437 0.703125 0.084375 0.025000
2 0.710938 0.711719 0.162500 0.054688
2 0.010156 0.670312 0.020313 0.068750
3 0.045312 0.658594 0.028125 0.051562
3 0.100000 0.654687 0.046875 0.046875
3 0.162500 0.650000 0.084375 0.043750
3 0.285938 0.637500 0.037500 0.025000
8 0.425781 0.613281 0.026562 0.032813
9 0.066406 0.652344 0.039062 0.057813
9 0.234375 0.632812 0.031250 0.034375
9 0.114062 0.643750 0.031250 0.059375
11 0.539844 0.592969 0.017188 0.042188
11 0.669531 0.564844 0.048438 0.032813
11 0.590625 0.579688 0.078125 0.071875
11 0.535937 0.563281 0.025000 0.042188
11 0.456250 0.570312 0.131250 0.059375
11 0.499219 0.528125 0.114062 0.018750
21 0.838281 0.618750 0.051562 0.012500
21 0.746875 0.634375 0.043750 0.043750
21 0.686719 0.611719 0.029687 0.020313
21 0.478906 0.642188 0.089063 0.087500
22 0.838281 0.618750 0.051562 0.012500
22 0.746875 0.634375 0.043750 0.043750
22 0.686719 0.611719 0.029687 0.020313
22 0.478906 0.642188 0.089063 0.087500