0 0.877344 0.766406 0.060937 0.067187
0 0.772656 0.755469 0.042188 0.060937
0 0.713281 0.748437 0.029687 0.050000
0 0.956250 0.769531 0.059375 0.098437
0 0.984375 0.742188 0.031250 0.053125
0 0.671875 0.714844 0.028125 0.039062
0 0.606250 0.700781 0.056250 0.079687
0 0.123438 0.650000 0.037500 0.034375
0 0.386719 0.637500 0.035937 0.093750
0 0.311719 0.634375 0.120313 0.146875
2 0.896094 0.830469 0.201563 0.073438
2 0.738281 0.783594 0.079687 0.035937
2 0.253125 0.754687 0.056250 0.034375
3 0.282031 0.715625 0.070312 0.050000
3 0.207031 0.714063 0.067187 0.062500
3 0.062500 0.684375 0.125000 0.043750
4 0.422656 0.630469 0.029687 0.082812
4 0.091406 0.600000 0.032813 0.143750
4 0.381250 0.582812 0.043750 0.187500
4 0.278906 0.521094 0.092188 0.467187
7 0.673438 0.769531 0.040625 0.057813
21 0.646875 0.749219 0.103125 0.070312
21 0.432812 0.723437 0.046875 0.021875
21 0.532813 0.725000 0.062500 0.034375
21 0.307031 0.735156 0.060937 0.057813
21 0.113281 0.753906 0.226562 0.142187
22 0.646875 0.749219 0.103125 0.070312
22 0.432812 0.723437 0.046875 0.021875
22 0.532813 0.725000 0.062500 0.034375
22 0.307031 0.735156 0.060937 0.057813
22 0.113281 0.753906 0.226562 0.142187