0 0.292969 0.768750 0.070312 0.062500
0 0.246875 0.767969 0.015625 0.060937
0 0.209375 0.767969 0.059375 0.104688
0 0.704688 0.733594 0.112500 0.054688
2 0.212500 0.850781 0.171875 0.017188
3 0.405469 0.814844 0.042188 0.026562
3 0.321094 0.817187 0.123438 0.034375
3 0.217969 0.813281 0.029687 0.042188
5 0.034375 0.853906 0.068750 0.023438
11 0.612500 0.797656 0.031250 0.023438
11 0.542188 0.808594 0.059375 0.045312
11 0.486719 0.807813 0.045312 0.046875
18 0.275000 0.776563 0.025000 0.059375
21 0.541406 0.827344 0.023438 0.026562
21 0.350000 0.832031 0.062500 0.054688
21 0.071094 0.811719 0.032813 0.023438
22 0.541406 0.827344 0.023438 0.026562
22 0.350000 0.832031 0.062500 0.054688
22 0.071094 0.811719 0.032813 0.023438