0 0.269531 0.698438 0.079687 0.040625
0 0.418750 0.679688 0.037500 0.037500
0 0.089063 0.684375 0.178125 0.062500
0 0.456250 0.674219 0.053125 0.048438
0 0.594531 0.653125 0.070312 0.040625
0 0.774219 0.635938 0.164062 0.068750
0 0.944531 0.603906 0.110937 0.017188
2 0.121094 0.852344 0.239063 0.114062
3 0.210938 0.772656 0.421875 0.123438
4 0.407031 0.656250 0.073438 0.225000
5 0.649219 0.722656 0.042188 0.023438
5 0.833594 0.655469 0.054688 0.079687
5 0.877344 0.621875 0.035937 0.025000
5 0.931250 0.650781 0.137500 0.098437
21 0.538281 0.755469 0.032813 0.026562
21 0.489844 0.767188 0.042188 0.056250
21 0.601562 0.757031 0.090625 0.045312
21 0.720313 0.744531 0.065625 0.051562
21 0.988281 0.739062 0.023438 0.143750
22 0.538281 0.755469 0.032813 0.026562
22 0.489844 0.767188 0.042188 0.056250
22 0.601562 0.757031 0.090625 0.045312
22 0.720313 0.744531 0.065625 0.051562
22 0.988281 0.739062 0.023438 0.143750