0 0.985938 0.851562 0.028125 0.034375
0 0.660937 0.750000 0.031250 0.106250
0 0.375781 0.755469 0.123438 0.157812
0 0.328125 0.657813 0.015625 0.050000
0 0.917969 0.410938 0.164062 0.821875
2 0.981250 0.884375 0.037500 0.040625
6 0.890625 0.817969 0.050000 0.020313
6 0.929688 0.815625 0.025000 0.025000
6 0.761719 0.768750 0.414062 0.175000
8 0.169531 0.619531 0.339062 0.760938
21 0.401562 0.817187 0.059375 0.034375
21 0.521875 0.890625 0.200000 0.218750
22 0.401562 0.817187 0.059375 0.034375
22 0.521875 0.890625 0.200000 0.218750