0 0.182031 0.660156 0.020313 0.051562
0 0.648438 0.657813 0.025000 0.053125
0 0.786719 0.661719 0.023438 0.073438
0 0.756250 0.667969 0.025000 0.098437
0 0.578906 0.656250 0.104688 0.100000
0 0.708594 0.652344 0.060937 0.126562
0 0.864844 0.650000 0.067187 0.153125
0 0.953125 0.632031 0.093750 0.210938
0 0.294531 0.534375 0.179688 0.340625
0 0.648438 0.363281 0.062500 0.039062
0 0.100781 0.483594 0.201563 0.414062
2 0.711719 0.756250 0.295312 0.065625
2 0.923438 0.757812 0.153125 0.071875
2 0.793750 0.742188 0.093750 0.050000
2 0.706250 0.730469 0.068750 0.029687
2 0.093750 0.723437 0.187500 0.034375
9 0.991406 0.780469 0.017188 0.064062
9 0.065625 0.687500 0.050000 0.037500
21 0.709375 0.706250 0.056250 0.053125
21 0.629687 0.703125 0.065625 0.050000
21 0.025000 0.695312 0.050000 0.050000
21 0.141406 0.692969 0.092188 0.048438
21 0.403125 0.766406 0.356250 0.351562
22 0.709375 0.706250 0.056250 0.053125
22 0.629687 0.703125 0.065625 0.050000
22 0.025000 0.695312 0.050000 0.050000
22 0.141406 0.692969 0.092188 0.048438
22 0.403125 0.766406 0.356250 0.351562