0 0.179688 0.557813 0.071875 0.021875
0 0.250781 0.566406 0.020313 0.051562
0 0.611719 0.539844 0.045312 0.026562
0 0.585938 0.282031 0.115625 0.164062
0 0.234375 0.294531 0.468750 0.589063
1 0.378125 0.178125 0.034375 0.050000
2 0.120313 0.660937 0.240625 0.078125
2 0.769531 0.662500 0.460938 0.096875
3 0.967187 0.641406 0.065625 0.023438
3 0.799219 0.635938 0.154688 0.021875
3 0.066406 0.631250 0.117188 0.034375
3 0.670312 0.627344 0.059375 0.029687
3 0.157812 0.618750 0.034375 0.018750
3 0.610156 0.617969 0.051562 0.023438
3 0.491406 0.577344 0.026562 0.017188
3 0.178125 0.583594 0.071875 0.035937
3 0.027344 0.579688 0.054688 0.040625
3 0.547656 0.575000 0.045312 0.040625
3 0.656250 0.571094 0.031250 0.035937
3 0.609375 0.575781 0.053125 0.045312
3 0.747656 0.575000 0.101562 0.046875
3 0.872656 0.571875 0.098437 0.056250
3 0.942969 0.570312 0.026562 0.056250
3 0.984375 0.571875 0.031250 0.065625
4 0.508594 0.425000 0.007812 0.178125
4 0.803906 0.313281 0.039062 0.570312
5 0.968750 0.659375 0.062500 0.018750
5 0.061719 0.639844 0.123438 0.067187
5 0.759375 0.633594 0.237500 0.060937
5 0.175781 0.618750 0.070312 0.046875
5 0.604688 0.618750 0.062500 0.050000
5 0.551562 0.606250 0.040625 0.025000
5 0.240625 0.578906 0.018750 0.054688
7 0.919531 0.646094 0.026562 0.048438
7 0.889062 0.642969 0.025000 0.045312
21 0.900000 0.593750 0.046875 0.015625
21 0.279687 0.620313 0.081250 0.078125
21 0.432031 0.610938 0.214062 0.078125
22 0.900000 0.593750 0.046875 0.015625
22 0.279687 0.620313 0.081250 0.078125
22 0.432031 0.610938 0.214062 0.078125