0 0.426563 0.414844 0.037500 0.032813
0 0.343750 0.414844 0.121875 0.051562
0 0.254688 0.339844 0.053125 0.198437
0 0.188281 0.332813 0.085938 0.187500
0 0.463281 0.145313 0.139063 0.059375
1 0.220312 0.105469 0.034375 0.017188
2 0.540625 0.579688 0.081250 0.046875
2 0.442188 0.583594 0.106250 0.064062
2 0.029687 0.609375 0.059375 0.231250
2 0.689063 0.500781 0.103125 0.035937
2 0.590625 0.487500 0.084375 0.040625
2 0.115625 0.426563 0.056250 0.025000
3 0.564844 0.483594 0.082812 0.039062
3 0.922656 0.445312 0.051562 0.034375
3 0.764062 0.442188 0.253125 0.040625
3 0.550000 0.432031 0.109375 0.029687
5 0.909375 0.478906 0.025000 0.032813
5 0.703125 0.475000 0.131250 0.050000
5 0.585938 0.456250 0.068750 0.025000
5 0.319531 0.450000 0.070312 0.021875
5 0.523438 0.450000 0.034375 0.025000
5 0.392188 0.450781 0.025000 0.039062
5 0.449219 0.450781 0.082812 0.045312
12 0.800000 0.627344 0.181250 0.067187
12 0.234375 0.650781 0.353125 0.132812
15 0.075781 0.503906 0.020313 0.057813
21 0.970313 0.602344 0.059375 0.104688
21 0.917188 0.574219 0.040625 0.148438
21 0.812500 0.545312 0.156250 0.175000
21 0.522656 0.487500 0.051562 0.071875
21 0.467969 0.483594 0.048438 0.064062
21 0.347656 0.485938 0.117188 0.068750
21 0.256250 0.464062 0.037500 0.053125
21 0.182812 0.463281 0.103125 0.057813
22 0.970313 0.602344 0.059375 0.104688
22 0.917188 0.574219 0.040625 0.148438
22 0.812500 0.545312 0.156250 0.175000
22 0.522656 0.487500 0.051562 0.071875
22 0.467969 0.483594 0.048438 0.064062
22 0.347656 0.485938 0.117188 0.068750
22 0.256250 0.464062 0.037500 0.053125
22 0.182812 0.463281 0.103125 0.057813