8 0.523438 0.696094 0.068750 0.076563
21 0.025000 0.899219 0.050000 0.201563
21 0.419531 0.746094 0.073438 0.060937
21 0.537500 0.762500 0.159375 0.106250
21 0.101562 0.712500 0.062500 0.018750
21 0.710938 0.764844 0.131250 0.126562
21 0.178906 0.705469 0.045312 0.032813
22 0.025000 0.899219 0.050000 0.201563
22 0.419531 0.746094 0.073438 0.060937
22 0.537500 0.762500 0.159375 0.106250
22 0.101562 0.712500 0.062500 0.018750
22 0.710938 0.764844 0.131250 0.126562
22 0.178906 0.705469 0.045312 0.032813