0 0.408594 0.655469 0.085938 0.054688
0 0.459375 0.646875 0.021875 0.046875
0 0.192188 0.629687 0.018750 0.103125
0 0.283594 0.395313 0.151562 0.596875
0 0.732812 0.355469 0.534375 0.710938
0 0.182031 0.377344 0.364063 0.754687
1 0.931250 0.215625 0.034375 0.059375
1 0.346094 0.142187 0.035937 0.065625
6 0.536719 0.639062 0.148438 0.212500
11 0.426563 0.692969 0.046875 0.026562
21 0.964063 0.689063 0.071875 0.059375
21 0.342969 0.712500 0.148438 0.150000
22 0.964063 0.689063 0.071875 0.059375
22 0.342969 0.712500 0.148438 0.150000