0 0.950000 0.132812 0.087500 0.081250
0 0.106250 0.107813 0.087500 0.100000
0 0.633594 0.136719 0.076563 0.179688
2 0.727344 0.714844 0.545312 0.570312
2 0.215625 0.709375 0.431250 0.581250
2 0.112500 0.347656 0.090625 0.020313
2 0.764844 0.283594 0.045312 0.014063
2 0.926562 0.281250 0.146875 0.018750
3 0.040625 0.325000 0.021875 0.046875
3 0.103906 0.324219 0.082812 0.051562
3 0.025000 0.239063 0.050000 0.112500
3 0.371094 0.216406 0.070312 0.132812
3 0.280469 0.153906 0.023438 0.023438
3 0.104688 0.218750 0.100000 0.153125
5 0.125000 0.323437 0.043750 0.034375
5 0.103125 0.316406 0.084375 0.051562
5 0.370312 0.305469 0.018750 0.048438
5 0.621875 0.244531 0.096875 0.060937
5 0.676562 0.243750 0.009375 0.062500
5 0.781250 0.228125 0.081250 0.103125
5 0.995313 0.221875 0.009375 0.100000
5 0.917969 0.226562 0.142187 0.109375
7 0.057813 0.421875 0.050000 0.165625
21 0.511719 0.265625 0.023438 0.050000
21 0.557813 0.266406 0.046875 0.057813
21 0.618750 0.262500 0.050000 0.062500
22 0.511719 0.265625 0.023438 0.050000
22 0.557813 0.266406 0.046875 0.057813
22 0.618750 0.262500 0.050000 0.062500