2 0.036719 0.605469 0.073438 0.029687
2 0.832031 0.686719 0.335938 0.239063
3 0.422656 0.509375 0.067187 0.059375
3 0.193750 0.496094 0.031250 0.032813
3 0.123438 0.518750 0.162500 0.078125
3 0.692969 0.503906 0.073438 0.139063
3 0.787500 0.491406 0.078125 0.201563
3 0.921094 0.483594 0.157812 0.270313
4 0.535937 0.367188 0.087500 0.168750
4 0.104688 0.313281 0.018750 0.332813
5 0.923438 0.628125 0.153125 0.065625
5 0.655469 0.486719 0.026562 0.067187
5 0.744531 0.511719 0.164062 0.204687
7 0.346875 0.521094 0.134375 0.060937
9 0.237500 0.623437 0.093750 0.209375
15 0.254688 0.583594 0.050000 0.114062
15 0.240625 0.464844 0.087500 0.135937
21 0.583594 0.563281 0.173437 0.189062
22 0.583594 0.563281 0.173437 0.189062