0 0.504687 0.464844 0.025000 0.023438
0 0.595313 0.457031 0.037500 0.039062
0 0.834375 0.454688 0.031250 0.043750
0 0.785156 0.447656 0.039062 0.029687
0 0.478906 0.453125 0.023438 0.046875
0 0.729688 0.453125 0.056250 0.050000
0 0.878125 0.450000 0.050000 0.053125
0 0.960938 0.445312 0.078125 0.059375
0 0.328906 0.445312 0.195312 0.240625
0 0.036719 0.368750 0.045312 0.121875
0 0.185938 0.367188 0.081250 0.153125
2 0.893750 0.611719 0.212500 0.089063
2 0.689063 0.533594 0.087500 0.020313
2 0.248438 0.742969 0.496875 0.514062
3 0.177344 0.547656 0.195312 0.057813
3 0.028906 0.546875 0.057813 0.056250
3 0.964063 0.546875 0.071875 0.093750
3 0.658594 0.489063 0.182812 0.046875
4 0.852344 0.388281 0.007812 0.167187
4 0.762500 0.354687 0.009375 0.246875
4 0.141406 0.237500 0.042188 0.125000
4 0.426563 0.286719 0.059375 0.429688
4 0.107813 0.350781 0.103125 0.701562
5 0.173437 0.620313 0.187500 0.090625
5 0.028125 0.619531 0.056250 0.092188
5 0.414062 0.517188 0.112500 0.056250
5 0.728906 0.510156 0.073438 0.064062
5 0.660937 0.497656 0.053125 0.039062
5 0.908594 0.503906 0.182812 0.057813
7 0.820312 0.527344 0.018750 0.035937
20 0.871094 0.463281 0.026562 0.026562
21 0.895312 0.510938 0.087500 0.065625
22 0.895312 0.510938 0.087500 0.065625