0 0.629687 0.584375 0.031250 0.031250
0 0.875781 0.567187 0.029687 0.096875
0 0.006250 0.533594 0.012500 0.070312
0 0.949219 0.502344 0.101562 0.207813
0 0.642188 0.485938 0.328125 0.296875
0 0.245312 0.484375 0.462500 0.296875
2 0.557813 0.643750 0.100000 0.018750
2 0.725781 0.638281 0.048438 0.023438
2 0.273438 0.636719 0.346875 0.023438
4 0.855469 0.517969 0.020313 0.117188
4 0.156250 0.442188 0.006250 0.106250
4 0.915625 0.483594 0.053125 0.264062
4 0.478125 0.389844 0.009375 0.176563
5 0.151562 0.614844 0.034375 0.020313
5 0.875000 0.609375 0.028125 0.050000
10 0.694531 0.632031 0.035937 0.051562
10 0.489844 0.633594 0.051562 0.057813
10 0.796094 0.669531 0.120313 0.148438
10 0.643750 0.625781 0.059375 0.064062
10 0.456250 0.619531 0.025000 0.067187
14 0.659375 0.607812 0.053125 0.100000
14 0.482031 0.603906 0.054688 0.101562
14 0.801562 0.614844 0.125000 0.176563
21 0.921094 0.607812 0.032813 0.034375
21 0.985156 0.609375 0.029687 0.040625
21 0.053906 0.603125 0.107813 0.068750
22 0.921094 0.607812 0.032813 0.034375
22 0.985156 0.609375 0.029687 0.040625
22 0.053906 0.603125 0.107813 0.068750