0 0.092188 0.676562 0.015625 0.056250
0 0.225000 0.675781 0.012500 0.060937
0 0.134375 0.675000 0.059375 0.071875
0 0.824219 0.654687 0.029687 0.040625
0 0.050781 0.670312 0.039062 0.081250
0 0.183594 0.664844 0.014063 0.079687
0 0.014063 0.664062 0.028125 0.106250
0 0.802344 0.625000 0.060937 0.125000
0 0.421875 0.585938 0.290625 0.190625
0 0.897656 0.579688 0.107813 0.181250
0 0.950781 0.535156 0.098437 0.285938
1 0.210938 0.475000 0.028125 0.046875
6 0.656250 0.631250 0.243750 0.337500
8 0.939844 0.679688 0.023438 0.043750
8 0.887500 0.681250 0.084375 0.053125
21 0.981250 0.855469 0.037500 0.179688
21 0.419531 0.798438 0.326562 0.337500
22 0.981250 0.855469 0.037500 0.179688
22 0.419531 0.798438 0.326562 0.337500