0 0.552344 0.506250 0.017188 0.050000
0 0.407031 0.398438 0.042188 0.062500
0 0.906250 0.439063 0.187500 0.181250
0 0.192188 0.382031 0.384375 0.201563
2 0.496094 0.636719 0.076563 0.014063
3 0.450781 0.592969 0.164062 0.092188
3 0.298438 0.552344 0.103125 0.048438
3 0.230469 0.541406 0.035937 0.039062
3 0.126562 0.526563 0.071875 0.043750
3 0.077344 0.517188 0.026562 0.034375
3 0.030469 0.525781 0.060937 0.095312
5 0.893750 0.668750 0.037500 0.050000
5 0.753125 0.657031 0.034375 0.051562
5 0.799219 0.658594 0.057813 0.057813
5 0.557031 0.616406 0.039062 0.029687
5 0.493750 0.614062 0.071875 0.040625
5 0.313281 0.588281 0.067187 0.042188
5 0.232031 0.578125 0.026562 0.040625
5 0.121094 0.556250 0.070312 0.040625
5 0.073438 0.551562 0.025000 0.040625
7 0.176563 0.604688 0.065625 0.021875
7 0.266406 0.581250 0.026562 0.053125
7 0.187500 0.537500 0.065625 0.068750
21 0.949219 0.721094 0.101562 0.245312
21 0.676562 0.646094 0.128125 0.142187
21 0.021094 0.572656 0.042188 0.176563
22 0.949219 0.721094 0.101562 0.245312
22 0.676562 0.646094 0.128125 0.142187
22 0.021094 0.572656 0.042188 0.176563