0 0.306250 0.579688 0.056250 0.040625
0 0.154688 0.376563 0.071875 0.046875
0 0.689063 0.326562 0.621875 0.653125
0 0.016406 0.107031 0.032813 0.214062
1 0.500781 0.106250 0.035937 0.025000
2 0.896875 0.718750 0.206250 0.040625
2 0.628906 0.662500 0.276562 0.018750
3 0.916406 0.704688 0.167187 0.053125
3 0.980469 0.657813 0.039062 0.040625
3 0.946875 0.657031 0.025000 0.039062
3 0.223438 0.637500 0.056250 0.031250
11 0.146875 0.412500 0.293750 0.418750
21 0.340625 0.664844 0.209375 0.157812
21 0.095312 0.704688 0.190625 0.350000
22 0.340625 0.664844 0.209375 0.157812
22 0.095312 0.704688 0.190625 0.350000