0 0.012500 0.678906 0.025000 0.042188
0 0.475781 0.620313 0.039062 0.025000
0 0.307031 0.620313 0.051562 0.084375
0 0.228125 0.594531 0.100000 0.076563
0 0.060156 0.574219 0.120313 0.123438
0 0.847656 0.536719 0.304688 0.239063
2 0.035937 0.763281 0.037500 0.051562
2 0.860938 0.828906 0.278125 0.235937
2 0.269531 0.694531 0.098437 0.048438
2 0.604688 0.676562 0.071875 0.046875
4 0.546875 0.421875 0.056250 0.187500
7 0.026562 0.744531 0.015625 0.064062
7 0.667969 0.742969 0.129688 0.120313
7 0.560937 0.678906 0.025000 0.048438
21 0.012500 0.746875 0.025000 0.096875
21 0.135156 0.710938 0.179688 0.150000
21 0.361719 0.660937 0.089063 0.056250
21 0.503125 0.647656 0.053125 0.045312
21 0.916406 0.639062 0.135937 0.059375
22 0.012500 0.746875 0.025000 0.096875
22 0.135156 0.710938 0.179688 0.150000
22 0.361719 0.660937 0.089063 0.056250
22 0.503125 0.647656 0.053125 0.045312
22 0.916406 0.639062 0.135937 0.059375