0 0.229687 0.621094 0.065625 0.032813
0 0.369531 0.608594 0.042188 0.042188
0 0.332813 0.600781 0.025000 0.057813
0 0.653906 0.581250 0.198437 0.175000
0 0.872656 0.496875 0.254688 0.318750
2 0.602344 0.763281 0.239063 0.067187
2 0.447656 0.689063 0.114062 0.062500
2 0.360938 0.651563 0.043750 0.028125
3 0.570312 0.695312 0.034375 0.050000
4 0.153906 0.542188 0.042188 0.156250
21 0.973437 0.695312 0.053125 0.103125
21 0.239844 0.639062 0.057813 0.037500
21 0.105469 0.667969 0.210938 0.101562
22 0.973437 0.695312 0.053125 0.103125
22 0.239844 0.639062 0.057813 0.037500
22 0.105469 0.667969 0.210938 0.101562