0 0.102344 0.360156 0.014063 0.051562
0 0.148438 0.354687 0.015625 0.046875
0 0.183594 0.328125 0.020313 0.087500
0 0.378125 0.321094 0.009375 0.082812
0 0.310937 0.324219 0.012500 0.101562
0 0.394531 0.315625 0.014063 0.090625
0 0.044531 0.319531 0.089063 0.154688
0 0.007031 0.192188 0.014063 0.059375
0 0.065625 0.113281 0.050000 0.051562
0 0.702344 0.203906 0.595313 0.407813
1 0.712500 0.251563 0.034375 0.028125
2 0.267969 0.806250 0.535937 0.387500
2 0.707812 0.435937 0.137500 0.068750
3 0.740625 0.390625 0.053125 0.031250
5 0.741406 0.411719 0.051562 0.023438
10 0.413281 0.433594 0.042188 0.048438
10 0.628906 0.436719 0.051562 0.070312
10 0.375000 0.428906 0.018750 0.057813
14 0.624219 0.404687 0.035937 0.081250
18 0.325781 0.311719 0.023438 0.020313
21 0.867969 0.494531 0.264062 0.242188
21 0.574219 0.400000 0.067187 0.071875
21 0.450781 0.394531 0.120313 0.101562
22 0.867969 0.494531 0.264062 0.242188
22 0.574219 0.400000 0.067187 0.071875
22 0.450781 0.394531 0.120313 0.101562