0 0.552344 0.494531 0.035937 0.020313
0 0.620313 0.456250 0.087500 0.059375
0 0.344531 0.443750 0.026562 0.053125
0 0.389062 0.451562 0.056250 0.075000
0 0.717969 0.417969 0.023438 0.054688
0 0.458594 0.439063 0.042188 0.103125
0 0.834375 0.189844 0.331250 0.373437
0 0.143750 0.267188 0.287500 0.534375
2 0.571094 0.513281 0.082812 0.032813
2 0.105469 0.541406 0.210938 0.092188
21 0.440625 0.479687 0.040625 0.031250
21 0.806250 0.505469 0.387500 0.764062
22 0.440625 0.479687 0.040625 0.031250
22 0.806250 0.505469 0.387500 0.764062