0 0.301563 0.690625 0.031250 0.050000
0 0.450000 0.669531 0.009375 0.054688
0 0.056250 0.668750 0.040625 0.087500
0 0.785156 0.640625 0.057813 0.037500
0 0.086719 0.671094 0.017188 0.098437
0 0.711719 0.642188 0.060937 0.059375
0 0.629687 0.644531 0.043750 0.064062
0 0.666406 0.639062 0.023438 0.071875
0 0.300781 0.632812 0.026562 0.062500
0 0.271094 0.631250 0.023438 0.146875
0 0.433594 0.607031 0.135937 0.195312
0 0.600781 0.505469 0.082812 0.085938
0 0.729688 0.507031 0.162500 0.214062
0 0.906250 0.497656 0.187500 0.273438
0 0.131250 0.408594 0.262500 0.632812
1 0.213281 0.353125 0.023438 0.037500
2 0.870313 0.771875 0.259375 0.037500
2 0.664062 0.760156 0.096875 0.026562
3 0.600781 0.692187 0.104688 0.034375
3 0.685156 0.708594 0.054688 0.076563
3 0.767188 0.704688 0.106250 0.081250
3 0.915625 0.706250 0.168750 0.100000
12 0.085156 0.779687 0.170313 0.021875
12 0.460938 0.766406 0.278125 0.014063
21 0.121094 0.728906 0.217188 0.067187
21 0.388281 0.724219 0.064062 0.064062
21 0.468750 0.718750 0.078125 0.068750
22 0.121094 0.728906 0.217188 0.067187
22 0.388281 0.724219 0.064062 0.064062
22 0.468750 0.718750 0.078125 0.068750