0 0.516406 0.625781 0.020313 0.051562
0 0.071875 0.617969 0.053125 0.104688
0 0.560156 0.600781 0.051562 0.089063
0 0.500000 0.403125 1.000000 0.806250
2 0.982812 0.818750 0.034375 0.025000
5 0.193750 0.692969 0.015625 0.029687
5 0.321875 0.687500 0.071875 0.034375
21 0.135937 0.690625 0.078125 0.046875
21 0.069531 0.691406 0.054688 0.057813
21 0.020313 0.691406 0.040625 0.057813
21 0.675781 0.694531 0.635938 0.329688
22 0.135937 0.690625 0.078125 0.046875
22 0.069531 0.691406 0.054688 0.057813
22 0.020313 0.691406 0.040625 0.057813
22 0.675781 0.694531 0.635938 0.329688