0 0.032813 0.476562 0.065625 0.040625
0 0.464844 0.262500 0.401562 0.471875
0 0.842187 0.248438 0.315625 0.496875
2 0.747656 0.823438 0.504687 0.353125
3 0.743750 0.514844 0.112500 0.035937
3 0.028906 0.503125 0.051562 0.018750
3 0.597656 0.509375 0.135937 0.034375
3 0.970313 0.533594 0.059375 0.179688
8 0.275781 0.486719 0.157812 0.185938
8 0.374219 0.482031 0.029687 0.179688
8 0.461719 0.485156 0.135937 0.192188
8 0.890625 0.482812 0.075000 0.203125
8 0.967187 0.433594 0.065625 0.110937
15 0.758594 0.518750 0.029687 0.034375
17 0.374219 0.557031 0.029687 0.054688
20 0.820312 0.500781 0.059375 0.132812
21 0.039062 0.548438 0.025000 0.087500
21 0.738281 0.536719 0.101562 0.067187
21 0.596094 0.538281 0.139063 0.076563
22 0.039062 0.548438 0.025000 0.087500
22 0.738281 0.536719 0.101562 0.067187
22 0.596094 0.538281 0.139063 0.076563