0 0.180469 0.590625 0.120313 0.043750
0 0.092969 0.591406 0.048438 0.045312
0 0.030469 0.590625 0.060937 0.050000
0 0.395313 0.577344 0.084375 0.060937
0 0.768750 0.485938 0.106250 0.209375
0 0.911719 0.482031 0.176563 0.204687
4 0.117969 0.560937 0.020313 0.103125
4 0.143750 0.532031 0.015625 0.089063
4 0.486719 0.536719 0.014063 0.107813
5 0.532031 0.603906 0.042188 0.017188
5 0.580469 0.604688 0.051562 0.021875
5 0.625781 0.604688 0.029687 0.025000
5 0.697656 0.605469 0.110937 0.032813
5 0.456250 0.596094 0.037500 0.026562
5 0.950000 0.605469 0.100000 0.048438
5 0.278125 0.581250 0.093750 0.056250
6 0.848437 0.594531 0.190625 0.067187
21 0.873437 0.621094 0.081250 0.014063
21 0.301563 0.610156 0.040625 0.045312
22 0.873437 0.621094 0.081250 0.014063
22 0.301563 0.610156 0.040625 0.045312