0 0.721094 0.499219 0.035937 0.042188
0 0.246094 0.492969 0.039062 0.079687
0 0.213281 0.491406 0.017188 0.082812
0 0.289062 0.489063 0.046875 0.081250
0 0.365625 0.478906 0.100000 0.073438
0 0.838281 0.475000 0.026562 0.075000
0 0.100781 0.482031 0.201563 0.110937
0 0.916406 0.461719 0.107813 0.092188
2 0.128906 0.615625 0.257812 0.078125
3 0.078125 0.539062 0.150000 0.025000
4 0.198437 0.469531 0.031250 0.179688
4 0.989062 0.379688 0.021875 0.068750
4 0.215625 0.400000 0.053125 0.278125
4 0.731250 0.354687 0.062500 0.393750
4 0.665625 0.279687 0.018750 0.546875
21 0.089844 0.557031 0.073438 0.029687
21 0.153125 0.549219 0.043750 0.035937
21 0.776563 0.528906 0.021875 0.039062
21 0.897656 0.510156 0.142187 0.048438
21 0.489063 0.625781 0.340625 0.354687
22 0.089844 0.557031 0.073438 0.029687
22 0.153125 0.549219 0.043750 0.035937
22 0.776563 0.528906 0.021875 0.039062
22 0.897656 0.510156 0.142187 0.048438
22 0.489063 0.625781 0.340625 0.354687