0 0.007812 0.761719 0.015625 0.073438
0 0.272656 0.654687 0.032813 0.043750
0 0.470313 0.605469 0.256250 0.242188
0 0.104688 0.621875 0.209375 0.393750
0 0.750000 0.493750 0.300000 0.406250
0 0.907031 0.447656 0.070312 0.342187
0 0.960156 0.413281 0.079687 0.304688
0 0.985938 0.210156 0.028125 0.120313
1 0.350000 0.312500 0.018750 0.043750
2 0.022656 0.989062 0.045312 0.021875
2 0.710938 0.970313 0.153125 0.059375
2 0.543750 0.966406 0.159375 0.067187
3 0.583594 0.710156 0.026562 0.032813
3 0.650781 0.700781 0.032813 0.035937
3 0.693750 0.690625 0.021875 0.031250
3 0.764844 0.682813 0.026562 0.025000
3 0.826562 0.675000 0.028125 0.031250
3 0.877344 0.664844 0.026562 0.032813
7 0.110937 0.810937 0.018750 0.078125
21 0.036719 0.828125 0.045312 0.050000
21 0.499219 0.718750 0.054688 0.031250
21 0.546875 0.703125 0.015625 0.043750
21 0.256250 0.831250 0.431250 0.337500
21 0.933594 0.661719 0.132812 0.214062
22 0.036719 0.828125 0.045312 0.050000
22 0.499219 0.718750 0.054688 0.031250
22 0.546875 0.703125 0.015625 0.043750
22 0.256250 0.831250 0.431250 0.337500
22 0.933594 0.661719 0.132812 0.214062