0 0.092969 0.523438 0.020313 0.068750
0 0.189062 0.517188 0.037500 0.068750
0 0.300781 0.464844 0.023438 0.107813
0 0.913281 0.416406 0.073438 0.032813
0 0.976562 0.431250 0.046875 0.068750
0 0.542969 0.408594 0.026562 0.076563
0 0.579688 0.430469 0.043750 0.176563
0 0.017969 0.392188 0.035937 0.150000
0 0.216406 0.415625 0.117188 0.206250
0 0.100781 0.433594 0.110937 0.251563
0 0.749219 0.349219 0.010937 0.095312
0 0.671094 0.379688 0.142187 0.228125
0 0.789844 0.339844 0.092188 0.214062
0 0.912500 0.151562 0.175000 0.303125
2 0.142969 0.693750 0.285938 0.296875
2 0.703125 0.530469 0.106250 0.020313
5 0.021875 0.583594 0.043750 0.117188
5 0.078125 0.571875 0.043750 0.096875
5 0.450781 0.507812 0.035937 0.025000
5 0.329688 0.516406 0.028125 0.045312
7 0.708594 0.497656 0.067187 0.042188
12 0.442188 0.553125 0.215625 0.018750
21 0.242188 0.532031 0.062500 0.035937
21 0.193750 0.533594 0.031250 0.039062
21 0.382812 0.508594 0.050000 0.035937
21 0.533594 0.492969 0.092188 0.098437
21 0.877344 0.506250 0.245312 0.165625
22 0.242188 0.532031 0.062500 0.035937
22 0.193750 0.533594 0.031250 0.039062
22 0.382812 0.508594 0.050000 0.035937
22 0.533594 0.492969 0.092188 0.098437
22 0.877344 0.506250 0.245312 0.165625