0 0.745313 0.347656 0.031250 0.035937
0 0.253125 0.294531 0.034375 0.129688
0 0.413281 0.213281 0.276562 0.326562
0 0.181250 0.198437 0.090625 0.387500
0 0.776563 0.206250 0.446875 0.412500
0 0.072656 0.153125 0.145313 0.306250
2 0.971094 0.421875 0.057813 0.021875
2 0.337500 0.703906 0.675000 0.592187
2 0.839844 0.414062 0.048438 0.015625
3 0.079687 0.399219 0.159375 0.354687
3 0.162500 0.270313 0.021875 0.115625
8 0.293750 0.338281 0.031250 0.042188
12 0.508594 0.447656 0.342187 0.023438
21 0.368750 0.367188 0.021875 0.031250
21 0.317969 0.373437 0.076563 0.065625
21 0.499219 0.378906 0.185938 0.117188
22 0.368750 0.367188 0.021875 0.031250
22 0.317969 0.373437 0.076563 0.065625
22 0.499219 0.378906 0.185938 0.117188