0 0.229687 0.583594 0.031250 0.064062
0 0.621875 0.557813 0.031250 0.034375
0 0.369531 0.550000 0.045312 0.071875
0 0.981250 0.542969 0.037500 0.067187
0 0.054688 0.577344 0.109375 0.154688
0 0.830469 0.541406 0.064062 0.085938
2 0.971094 0.807031 0.057813 0.020313
2 0.979688 0.725781 0.040625 0.026562
2 0.171094 0.678906 0.342187 0.079687
2 0.780469 0.678906 0.323437 0.085938
4 0.208594 0.534375 0.035937 0.259375
5 0.735156 0.618750 0.048438 0.028125
5 0.810937 0.590625 0.059375 0.009375
21 0.172656 0.642969 0.035937 0.032813
21 0.036719 0.657031 0.073438 0.064062
21 0.520312 0.629687 0.031250 0.043750
21 0.617969 0.614062 0.039062 0.025000
21 0.921875 0.591406 0.031250 0.020313
21 0.975781 0.587500 0.045312 0.034375
22 0.172656 0.642969 0.035937 0.032813
22 0.036719 0.657031 0.073438 0.064062
22 0.520312 0.629687 0.031250 0.043750
22 0.617969 0.614062 0.039062 0.025000
22 0.921875 0.591406 0.031250 0.020313
22 0.975781 0.587500 0.045312 0.034375