2 0.948438 0.814844 0.103125 0.248438
2 0.465625 0.621875 0.265625 0.056250
5 0.682031 0.617188 0.110937 0.059375
5 0.450000 0.586719 0.315625 0.114062
5 0.076563 0.535156 0.087500 0.042188
5 0.016406 0.528125 0.032813 0.040625
7 0.183594 0.551562 0.110937 0.071875
10 0.621875 0.621094 0.046875 0.085938
21 0.791406 0.706250 0.226562 0.203125
21 0.307031 0.588281 0.054688 0.089063
21 0.220312 0.578125 0.112500 0.078125
21 0.116406 0.538281 0.048438 0.045312
22 0.791406 0.706250 0.226562 0.203125
22 0.307031 0.588281 0.054688 0.089063
22 0.220312 0.578125 0.112500 0.078125
22 0.116406 0.538281 0.048438 0.045312