0 0.423438 0.625781 0.043750 0.054688
0 0.575000 0.614844 0.015625 0.051562
0 0.801562 0.603125 0.056250 0.096875
0 0.254688 0.615625 0.031250 0.143750
0 0.350000 0.603906 0.096875 0.148438
0 0.938281 0.567969 0.123438 0.179688
0 0.696875 0.548438 0.146875 0.187500
0 0.086719 0.498437 0.173437 0.465625
2 0.717969 0.767969 0.117188 0.054688
2 0.942969 0.774219 0.114062 0.079687
2 0.831250 0.741406 0.040625 0.042188
2 0.163281 0.813281 0.326562 0.204687
2 0.732031 0.703906 0.085938 0.051562
2 0.374219 0.681250 0.139063 0.056250
4 0.307812 0.468750 0.059375 0.546875
7 0.796094 0.728906 0.035937 0.095312
12 0.486719 0.769531 0.445312 0.060937
21 0.610156 0.682031 0.060937 0.079687
22 0.610156 0.682031 0.060937 0.079687