0 0.532031 0.660156 0.045312 0.045312
0 0.941406 0.645312 0.117188 0.106250
0 0.017188 0.520312 0.031250 0.050000
2 0.750781 0.838281 0.498437 0.154688
4 0.804688 0.669531 0.018750 0.070312
4 0.339844 0.594531 0.035937 0.157812
4 0.492969 0.594531 0.029687 0.232813
4 0.317188 0.572656 0.034375 0.292187
4 0.165625 0.614062 0.028125 0.387500
4 0.789844 0.444531 0.029687 0.282813
4 0.670312 0.410156 0.075000 0.617188
4 0.165625 0.403906 0.071875 0.807813
4 0.031250 0.033594 0.062500 0.067187
5 0.265625 0.757031 0.037500 0.035937
5 0.813281 0.778125 0.070312 0.134375
5 0.923438 0.785156 0.153125 0.154688
5 0.639062 0.755469 0.278125 0.142187
21 0.390625 0.793750 0.234375 0.281250
22 0.390625 0.793750 0.234375 0.281250