0 0.317969 0.476562 0.020313 0.115625
0 0.370312 0.389062 0.131250 0.284375
0 0.891406 0.200000 0.217188 0.400000
0 0.157812 0.500000 0.315625 1.000000
2 0.152344 0.792969 0.301563 0.414062
2 0.375781 0.518750 0.085938 0.040625
6 0.521875 0.469531 0.028125 0.045312
6 0.798438 0.578906 0.403125 0.420312
12 0.490625 0.567969 0.153125 0.020313
12 0.360938 0.547656 0.062500 0.026562
21 0.216406 0.767188 0.398438 0.465625
21 0.228906 0.578125 0.039062 0.093750
21 0.594531 0.557813 0.060937 0.065625
21 0.488281 0.493750 0.023438 0.025000
21 0.543750 0.496094 0.040625 0.035937
21 0.449219 0.492188 0.064062 0.062500
22 0.216406 0.767188 0.398438 0.465625
22 0.228906 0.578125 0.039062 0.093750
22 0.594531 0.557813 0.060937 0.065625
22 0.488281 0.493750 0.023438 0.025000
22 0.543750 0.496094 0.040625 0.035937
22 0.449219 0.492188 0.064062 0.062500