0 0.166406 0.626563 0.139063 0.056250
0 0.057031 0.617188 0.076563 0.040625
0 0.789844 0.492969 0.217188 0.379688
0 0.413281 0.412500 0.317188 0.481250
0 0.949219 0.414844 0.101562 0.567187
0 0.135156 0.307031 0.270313 0.614062
2 0.948438 0.842187 0.103125 0.215625
2 0.937500 0.735156 0.021875 0.079687
2 0.875000 0.730469 0.043750 0.117188
2 0.117188 0.708594 0.234375 0.089063
2 0.839063 0.658594 0.034375 0.023438
2 0.782031 0.680469 0.032813 0.067187
2 0.423438 0.647656 0.103125 0.035937
2 0.728125 0.635156 0.059375 0.054688
4 0.898438 0.276562 0.025000 0.150000
4 0.877344 0.156250 0.020313 0.096875
4 0.271094 0.355469 0.076563 0.648438
10 0.278906 0.792969 0.195312 0.239063
10 0.334375 0.643750 0.043750 0.040625
10 0.793750 0.683594 0.184375 0.264062
10 0.340625 0.574219 0.040625 0.051562
14 0.303906 0.617969 0.120313 0.367188
21 0.672656 0.603125 0.054688 0.071875
21 0.609375 0.590625 0.043750 0.046875
21 0.528125 0.616406 0.106250 0.135937
22 0.672656 0.603125 0.054688 0.071875
22 0.609375 0.590625 0.043750 0.046875
22 0.528125 0.616406 0.106250 0.135937