0 0.532031 0.610938 0.051562 0.043750
0 0.381250 0.610156 0.018750 0.042188
0 0.757812 0.606250 0.050000 0.071875
0 0.844531 0.614062 0.089063 0.096875
0 0.955469 0.617188 0.089063 0.106250
0 0.328125 0.593750 0.034375 0.071875
0 0.680469 0.590625 0.057813 0.100000
0 0.969531 0.518750 0.060937 0.040625
0 0.824219 0.521094 0.085938 0.051562
0 0.146094 0.444531 0.048438 0.060937
0 0.189062 0.397656 0.018750 0.042188
0 0.730469 0.204687 0.539062 0.409375
2 0.989062 0.696094 0.021875 0.026562
2 0.758594 0.657031 0.051562 0.032813
2 0.654687 0.649219 0.040625 0.023438
2 0.601562 0.650000 0.059375 0.031250
2 0.534375 0.648438 0.056250 0.031250
3 0.604688 0.605469 0.053125 0.064062
3 0.642188 0.599219 0.018750 0.079687
9 0.896875 0.853906 0.206250 0.292187
9 0.092969 0.785937 0.032813 0.175000
9 0.234375 0.770312 0.031250 0.159375
9 0.470313 0.703125 0.021875 0.075000
9 0.049219 0.676562 0.010937 0.059375
15 0.848437 0.757812 0.018750 0.050000
15 0.357031 0.646094 0.020313 0.067187
15 0.308594 0.643750 0.026562 0.087500
15 0.020313 0.639062 0.025000 0.078125
15 0.239063 0.696094 0.100000 0.204687
15 0.458594 0.656250 0.045312 0.140625
15 0.888281 0.732031 0.201563 0.317188
15 0.236719 0.581250 0.026562 0.025000
15 0.092969 0.700781 0.114062 0.264062
21 0.526563 0.622656 0.043750 0.039062
22 0.526563 0.622656 0.043750 0.039062