0 0.811719 0.690625 0.026562 0.037500
0 0.257812 0.682813 0.021875 0.043750
0 0.478125 0.663281 0.078125 0.023438
0 0.195312 0.660156 0.043750 0.020313
0 0.137500 0.657031 0.025000 0.026562
0 0.100000 0.654687 0.043750 0.031250
0 0.044531 0.647656 0.067187 0.045312
0 0.910156 0.626563 0.054688 0.062500
0 0.655469 0.572656 0.098437 0.098437
0 0.800000 0.285938 0.400000 0.571875
2 0.842969 0.757031 0.314063 0.045312
2 0.120313 0.735938 0.240625 0.025000
5 0.897656 0.746094 0.192188 0.042188
5 0.735156 0.732812 0.045312 0.021875
11 0.534375 0.686719 0.028125 0.023438
11 0.502344 0.695312 0.032813 0.043750
11 0.457813 0.682031 0.053125 0.017188
11 0.208594 0.682031 0.073438 0.023438
11 0.098437 0.681250 0.043750 0.021875
11 0.041406 0.678906 0.064062 0.020313
11 0.386719 0.677344 0.054688 0.042188
11 0.339062 0.681250 0.037500 0.068750
11 0.144531 0.665625 0.042188 0.053125
11 0.260156 0.667188 0.023438 0.075000
11 0.211719 0.644531 0.073438 0.029687
11 0.007812 0.575000 0.015625 0.096875
12 0.287500 0.750781 0.325000 0.017188
13 0.542969 0.657813 0.048438 0.034375
13 0.442188 0.650781 0.150000 0.045312
21 0.606250 0.722656 0.084375 0.035937
21 0.403125 0.718750 0.065625 0.075000
22 0.606250 0.722656 0.084375 0.035937
22 0.403125 0.718750 0.065625 0.075000