0 0.211719 0.750781 0.042188 0.029687
0 0.785156 0.681250 0.023438 0.043750
0 0.614844 0.598437 0.023438 0.103125
0 0.717187 0.602344 0.171875 0.114062
0 0.710156 0.464062 0.185938 0.112500
0 0.158594 0.564844 0.317188 0.435937
0 0.486719 0.402344 0.248438 0.345313
2 0.224219 0.923438 0.448437 0.153125
2 0.835156 0.867969 0.329688 0.167187
2 0.403125 0.771094 0.056250 0.026562
2 0.695312 0.682031 0.190625 0.139063
2 0.486719 0.683594 0.104688 0.179688
3 0.102344 0.896875 0.204687 0.150000
3 0.333594 0.827344 0.064062 0.089063
3 0.774219 0.714844 0.035937 0.023438
4 0.628906 0.578125 0.032813 0.115625
4 0.595313 0.575781 0.021875 0.120313
5 0.352344 0.747656 0.032813 0.064062
5 0.455469 0.733594 0.042188 0.045312
5 0.403125 0.739062 0.056250 0.059375
21 0.053125 0.799219 0.106250 0.048438
21 0.254688 0.828125 0.140625 0.131250
21 0.530469 0.801562 0.076563 0.100000
22 0.053125 0.799219 0.106250 0.048438
22 0.254688 0.828125 0.140625 0.131250
22 0.530469 0.801562 0.076563 0.100000