2 0.782813 0.757812 0.434375 0.159375
2 0.197656 0.777344 0.395313 0.217188
3 0.128906 0.703906 0.257812 0.123438
5 0.970313 0.720313 0.059375 0.075000
5 0.867969 0.707812 0.089063 0.062500
5 0.772656 0.693750 0.020313 0.034375
5 0.728906 0.686719 0.039062 0.035937
11 0.578125 0.644531 0.031250 0.064062
11 0.457031 0.625000 0.167187 0.090625
13 0.342187 0.653125 0.068750 0.046875
21 0.534375 0.667969 0.031250 0.023438
21 0.465625 0.664844 0.021875 0.029687
21 0.423438 0.671094 0.053125 0.045312
22 0.534375 0.667969 0.031250 0.023438
22 0.465625 0.664844 0.021875 0.029687
22 0.423438 0.671094 0.053125 0.045312