0 0.689063 0.705469 0.018750 0.042188
0 0.298438 0.679688 0.018750 0.059375
0 0.490625 0.672656 0.021875 0.070312
0 0.514062 0.675781 0.018750 0.079687
0 0.450000 0.651563 0.018750 0.040625
0 0.469531 0.649219 0.017188 0.048438
0 0.268750 0.638281 0.031250 0.126562
0 0.244531 0.639844 0.014063 0.135937
0 0.214844 0.612500 0.014063 0.100000
0 0.141406 0.617188 0.129688 0.131250
0 0.762500 0.533594 0.121875 0.401562
0 0.911719 0.494531 0.176563 0.435937
3 0.185938 0.670312 0.062500 0.034375
4 0.228906 0.648438 0.029687 0.171875
4 0.292187 0.622656 0.018750 0.167187
4 0.550781 0.607031 0.032813 0.223438
4 0.625781 0.570312 0.032813 0.309375
4 0.325000 0.568750 0.043750 0.321875
4 0.818750 0.475000 0.068750 0.521875
4 0.252344 0.359375 0.054688 0.718750
5 0.920312 0.736719 0.159375 0.057813
5 0.595313 0.713281 0.065625 0.026562
5 0.146094 0.703125 0.139063 0.046875
5 0.032031 0.665625 0.064062 0.128125
6 0.381250 0.672656 0.081250 0.157812
21 0.272656 0.707812 0.039062 0.025000
21 0.442188 0.732812 0.121875 0.121875
22 0.272656 0.707812 0.039062 0.025000
22 0.442188 0.732812 0.121875 0.121875