3 0.556250 0.670312 0.053125 0.028125
3 0.793750 0.630469 0.412500 0.160938
3 0.237500 0.616406 0.384375 0.170313
3 0.026562 0.604688 0.053125 0.196875
4 0.897656 0.447656 0.142187 0.242188
21 0.946875 0.741406 0.106250 0.073438
21 0.623437 0.698438 0.034375 0.025000
21 0.706250 0.704688 0.059375 0.046875
21 0.500000 0.708594 0.165625 0.073438
22 0.946875 0.741406 0.106250 0.073438
22 0.623437 0.698438 0.034375 0.025000
22 0.706250 0.704688 0.059375 0.046875
22 0.500000 0.708594 0.165625 0.073438