0 0.346094 0.755469 0.035937 0.089063
0 0.242969 0.710156 0.051562 0.045312
0 0.128906 0.684375 0.148438 0.056250
0 0.023438 0.695312 0.046875 0.103125
0 0.807813 0.740625 0.384375 0.218750
0 0.297656 0.703906 0.064062 0.176563
0 0.532031 0.708594 0.095312 0.204687
0 0.407031 0.700781 0.139063 0.198437
2 0.351562 0.895312 0.062500 0.031250
2 0.245312 0.911719 0.128125 0.073438
2 0.088281 0.937500 0.176563 0.125000
3 0.103125 0.793750 0.040625 0.059375
4 0.095312 0.336719 0.190625 0.514062
5 0.378906 0.826562 0.035937 0.018750
5 0.342187 0.819531 0.031250 0.023438
5 0.457813 0.807031 0.084375 0.023438
12 0.713281 0.916406 0.573438 0.039062
12 0.250781 0.864844 0.120313 0.020313
21 0.253125 0.807813 0.118750 0.096875
21 0.156250 0.804688 0.071875 0.100000
22 0.253125 0.807813 0.118750 0.096875
22 0.156250 0.804688 0.071875 0.100000