0 0.415625 0.659375 0.053125 0.056250
0 0.482031 0.642188 0.064062 0.096875
0 0.185938 0.528125 0.371875 0.325000
0 0.724219 0.368750 0.551562 0.737500
1 0.735156 0.446875 0.029687 0.046875
2 0.830469 0.724219 0.339062 0.073438
2 0.604688 0.698438 0.084375 0.031250
3 0.038281 0.685156 0.045312 0.020313
6 0.296875 0.675781 0.034375 0.039062
21 0.200000 0.689063 0.071875 0.028125
21 0.360156 0.680469 0.070312 0.076563
21 0.532031 0.671094 0.054688 0.064062
21 0.445312 0.674219 0.087500 0.073438
22 0.200000 0.689063 0.071875 0.028125
22 0.360156 0.680469 0.070312 0.076563
22 0.532031 0.671094 0.054688 0.064062
22 0.445312 0.674219 0.087500 0.073438