0 0.159375 0.673438 0.037500 0.028125
0 0.389844 0.658594 0.048438 0.029687
0 0.204687 0.664844 0.053125 0.045312
0 0.084375 0.667969 0.031250 0.051562
0 0.297656 0.658594 0.120313 0.048438
0 0.120313 0.658594 0.034375 0.060937
0 0.025781 0.664062 0.032813 0.071875
0 0.506250 0.641406 0.012500 0.048438
0 0.464844 0.642188 0.039062 0.053125
0 0.546875 0.630469 0.046875 0.067187
0 0.708594 0.581250 0.176563 0.218750
0 0.838281 0.566406 0.045312 0.220312
0 0.902344 0.485938 0.195312 0.575000
2 0.862500 0.783594 0.275000 0.139063
2 0.541406 0.693750 0.114062 0.021875
2 0.700000 0.691406 0.196875 0.020313
2 0.843750 0.678906 0.037500 0.020313
4 0.811719 0.646875 0.039062 0.250000
4 0.867969 0.574219 0.035937 0.295312
4 0.558594 0.536719 0.042188 0.298438
4 0.480469 0.511719 0.092188 0.376563
4 0.846875 0.189062 0.028125 0.287500
4 0.752344 0.204687 0.154688 0.409375