0 0.269531 0.525781 0.042188 0.039062
0 0.073438 0.497656 0.146875 0.107813
0 0.252344 0.492969 0.201563 0.107813
0 0.560937 0.385937 0.031250 0.043750
0 0.685937 0.377344 0.025000 0.064062
0 0.747656 0.362500 0.076563 0.040625
3 0.686719 0.504687 0.029687 0.128125
3 0.782031 0.482812 0.135937 0.193750
3 0.917188 0.449219 0.165625 0.295312
4 0.171094 0.506250 0.048438 0.093750
5 0.928125 0.643750 0.143750 0.125000
5 0.073438 0.552344 0.146875 0.010937
21 0.306250 0.564063 0.050000 0.043750
21 0.368750 0.556250 0.031250 0.031250
22 0.306250 0.564063 0.050000 0.043750
22 0.368750 0.556250 0.031250 0.031250