0 0.852344 0.467187 0.070312 0.084375
0 0.396094 0.391406 0.014063 0.054688
0 0.606250 0.405469 0.043750 0.089063
0 0.940625 0.360938 0.040625 0.075000
0 0.353906 0.350781 0.020313 0.098437
0 0.765625 0.305469 0.103125 0.154688
0 0.643750 0.291406 0.118750 0.176563
0 0.871094 0.199219 0.257812 0.398438
0 0.201563 0.275000 0.403125 0.550000
2 0.392969 0.717969 0.567187 0.564063
3 0.867188 0.431250 0.078125 0.078125
3 0.314844 0.399219 0.139063 0.126562
4 0.560156 0.356250 0.026562 0.131250
4 0.630469 0.353906 0.010937 0.192188
4 0.857031 0.332031 0.020313 0.157812
4 0.313281 0.310156 0.007812 0.145313
4 0.714844 0.230469 0.014063 0.267188
4 0.868750 0.103906 0.037500 0.117188
5 0.939063 0.436719 0.121875 0.082812
21 0.753906 0.596875 0.492188 0.381250
22 0.753906 0.596875 0.492188 0.381250