0 0.982031 0.764062 0.035937 0.071875
0 0.551562 0.753906 0.021875 0.064062
0 0.604688 0.751563 0.071875 0.090625
0 0.807031 0.626563 0.304688 0.353125
2 0.828125 0.810156 0.343750 0.029687
4 0.940625 0.554688 0.059375 0.503125
21 0.148438 0.804688 0.025000 0.031250
21 0.083594 0.811719 0.082812 0.045312
21 0.375781 0.783594 0.045312 0.017188
21 0.445312 0.785937 0.090625 0.046875
22 0.148438 0.804688 0.025000 0.031250
22 0.083594 0.811719 0.082812 0.045312
22 0.375781 0.783594 0.045312 0.017188
22 0.445312 0.785937 0.090625 0.046875