0 0.732031 0.667969 0.051562 0.067187
0 0.803125 0.629687 0.021875 0.068750
0 0.960938 0.639062 0.078125 0.146875
0 0.866406 0.612500 0.089063 0.112500
0 0.671094 0.635156 0.054688 0.167187
0 0.038281 0.596094 0.045312 0.101562
0 0.166406 0.584375 0.020313 0.106250
0 0.221875 0.502344 0.084375 0.257812
0 0.123438 0.519531 0.134375 0.310937
0 0.701562 0.357812 0.596875 0.715625
2 0.804688 0.889844 0.390625 0.220312
7 0.610938 0.693750 0.018750 0.056250
9 0.545312 0.700781 0.093750 0.082812
10 0.072656 0.721875 0.120313 0.193750
15 0.538281 0.667188 0.042188 0.093750
21 0.038281 0.810156 0.076563 0.276562
21 0.778906 0.719531 0.076563 0.120313
21 0.910937 0.726562 0.178125 0.153125
21 0.158594 0.663281 0.014063 0.051562
21 0.345313 0.670312 0.346875 0.106250
22 0.038281 0.810156 0.076563 0.276562
22 0.778906 0.719531 0.076563 0.120313
22 0.910937 0.726562 0.178125 0.153125
22 0.158594 0.663281 0.014063 0.051562
22 0.345313 0.670312 0.346875 0.106250