0 0.173437 0.578906 0.015625 0.067187
0 0.973437 0.450781 0.053125 0.117188
0 0.469531 0.329688 0.939063 0.659375
1 0.305469 0.171094 0.020313 0.029687
2 0.902344 0.830469 0.195312 0.339062
2 0.405469 0.640625 0.332813 0.087500
21 0.123438 0.722656 0.246875 0.226562
21 0.704688 0.565625 0.103125 0.078125
21 0.885938 0.523438 0.050000 0.037500
21 0.811719 0.526563 0.070312 0.081250
22 0.123438 0.722656 0.246875 0.226562
22 0.704688 0.565625 0.103125 0.078125
22 0.885938 0.523438 0.050000 0.037500
22 0.811719 0.526563 0.070312 0.081250