0 0.129688 0.616406 0.046875 0.045312
0 0.453125 0.609375 0.018750 0.043750
0 0.643750 0.604688 0.015625 0.046875
0 0.600000 0.603125 0.071875 0.050000
0 0.713281 0.601562 0.029687 0.059375
0 0.474219 0.594531 0.020313 0.073438
0 0.531250 0.546094 0.056250 0.045312
0 0.353906 0.560937 0.067187 0.143750
0 0.179688 0.457813 0.359375 0.387500
0 0.879687 0.327344 0.240625 0.654687
2 0.271875 0.836719 0.543750 0.326562
2 0.241406 0.712500 0.482812 0.109375
2 0.278906 0.754687 0.557813 0.218750
3 0.276562 0.689063 0.553125 0.115625
21 0.128906 0.642969 0.051562 0.014063
21 0.926562 0.776563 0.146875 0.290625
21 0.028906 0.642969 0.057813 0.023438
21 0.594531 0.698438 0.514062 0.165625
22 0.128906 0.642969 0.051562 0.014063
22 0.926562 0.776563 0.146875 0.290625
22 0.028906 0.642969 0.057813 0.023438
22 0.594531 0.698438 0.514062 0.165625