0 0.985156 0.577344 0.017188 0.085938
0 0.944531 0.570312 0.048438 0.109375
0 0.282031 0.553125 0.060937 0.093750
0 0.735156 0.515625 0.357812 0.250000
2 0.903125 0.748437 0.193750 0.090625
2 0.045312 0.659375 0.090625 0.021875
2 0.109375 0.661719 0.112500 0.029687
2 0.792188 0.662500 0.137500 0.043750
2 0.575781 0.651563 0.082812 0.025000
2 0.659375 0.647656 0.062500 0.020313
9 0.157031 0.633594 0.029687 0.029687
9 0.679688 0.621094 0.021875 0.039062
9 0.749219 0.619531 0.026562 0.057813
21 0.425000 0.635156 0.050000 0.020313
21 0.485156 0.634375 0.067187 0.025000
21 0.380469 0.632031 0.035937 0.020313
22 0.425000 0.635156 0.050000 0.020313
22 0.485156 0.634375 0.067187 0.025000
22 0.380469 0.632031 0.035937 0.020313