0 0.571875 0.471875 0.043750 0.065625
0 0.614844 0.451562 0.035937 0.068750
0 0.614062 0.353906 0.040625 0.057813
0 0.473438 0.369531 0.221875 0.314063
0 0.269531 0.355469 0.176563 0.317188
0 0.878906 0.255469 0.242188 0.510938
0 0.083594 0.292187 0.167187 0.584375
1 0.373437 0.126562 0.037500 0.018750
2 0.722656 0.650781 0.092188 0.164062
2 0.355469 0.617188 0.107813 0.109375
2 0.482031 0.522656 0.214062 0.045312
2 0.745313 0.504687 0.031250 0.025000
9 0.334375 0.590625 0.071875 0.112500
9 0.539062 0.500000 0.015625 0.040625
10 0.325781 0.553125 0.064062 0.078125
21 0.625000 0.492188 0.075000 0.043750
21 0.167969 0.671875 0.335938 0.418750
21 0.746094 0.481250 0.035937 0.040625
21 0.854688 0.708594 0.290625 0.582812
22 0.625000 0.492188 0.075000 0.043750
22 0.167969 0.671875 0.335938 0.418750
22 0.746094 0.481250 0.035937 0.040625
22 0.854688 0.708594 0.290625 0.582812