0 0.657031 0.646094 0.026562 0.032813
0 0.560156 0.613281 0.045312 0.017188
0 0.513281 0.591406 0.042188 0.060937
0 0.358594 0.552344 0.126562 0.110937
0 0.258594 0.543750 0.073438 0.115625
0 0.057813 0.498437 0.115625 0.206250
0 0.839063 0.399219 0.321875 0.698438
2 0.842969 0.733594 0.314063 0.098437
2 0.412500 0.634375 0.168750 0.009375
3 0.344531 0.600781 0.045312 0.017188
3 0.252344 0.594531 0.035937 0.017188
3 0.017969 0.597656 0.035937 0.032813
5 0.017969 0.622656 0.035937 0.020313
5 0.216406 0.605469 0.032813 0.026562
5 0.344531 0.608594 0.067187 0.039062
15 0.575781 0.678906 0.032813 0.098437
21 0.553906 0.628125 0.114062 0.021875
21 0.654687 0.627344 0.031250 0.026562
21 0.153125 0.603125 0.050000 0.040625
21 0.077344 0.600000 0.039062 0.046875
22 0.553906 0.628125 0.114062 0.021875
22 0.654687 0.627344 0.031250 0.026562
22 0.153125 0.603125 0.050000 0.040625
22 0.077344 0.600000 0.039062 0.046875