0 0.989844 0.526563 0.020313 0.040625
0 0.522656 0.496875 0.064062 0.106250
0 0.989062 0.444531 0.021875 0.029687
0 0.668750 0.469531 0.040625 0.123438
0 0.409375 0.479687 0.075000 0.143750
0 0.171094 0.444531 0.048438 0.085938
0 0.277344 0.443750 0.129688 0.143750
0 0.507031 0.397656 0.032813 0.092188
0 0.990625 0.363281 0.018750 0.070312
0 0.432812 0.334375 0.103125 0.128125
0 0.452344 0.240625 0.029687 0.046875
0 0.071094 0.209375 0.142187 0.243750
0 0.921875 0.173437 0.156250 0.346875
0 0.031250 0.038281 0.062500 0.076563
2 0.433594 0.570312 0.076563 0.043750
3 0.242969 0.503125 0.064062 0.025000
3 0.167969 0.497656 0.048438 0.032813
3 0.060156 0.484375 0.120313 0.053125
4 0.918750 0.175000 0.046875 0.115625
6 0.510156 0.529687 0.026562 0.050000
11 0.830469 0.584375 0.129688 0.062500
11 0.678125 0.575781 0.043750 0.057813
11 0.735938 0.283594 0.456250 0.567187
21 0.257031 0.503125 0.082812 0.025000
21 0.057031 0.457813 0.114062 0.034375
22 0.257031 0.503125 0.082812 0.025000
22 0.057031 0.457813 0.114062 0.034375