0 0.564844 0.519531 0.026562 0.073438
0 0.453906 0.532813 0.026562 0.109375
0 0.606250 0.509375 0.050000 0.068750
0 0.338281 0.366406 0.198437 0.498437
0 0.144531 0.321094 0.289062 0.642188
2 0.850000 0.618750 0.300000 0.043750
2 0.240625 0.673438 0.481250 0.190625
3 0.767188 0.566406 0.118750 0.073438
3 0.882812 0.558594 0.109375 0.098437
3 0.979688 0.555469 0.040625 0.104688
4 0.235937 0.560937 0.015625 0.140625
4 0.446875 0.475000 0.021875 0.150000
4 0.681250 0.470313 0.056250 0.271875
4 0.782031 0.276562 0.032813 0.184375
4 0.890625 0.328906 0.084375 0.367188
4 0.835938 0.092188 0.031250 0.068750
4 0.950781 0.180469 0.098437 0.326562
4 0.795312 0.020313 0.056250 0.040625
4 0.312500 0.217969 0.140625 0.435937
5 0.411719 0.568750 0.060937 0.040625
13 0.510156 0.536719 0.039062 0.035937
21 0.549219 0.571094 0.026562 0.035937
21 0.505469 0.575000 0.048438 0.056250
21 0.633594 0.578906 0.139063 0.092188
22 0.549219 0.571094 0.026562 0.035937
22 0.505469 0.575000 0.048438 0.056250
22 0.633594 0.578906 0.139063 0.092188