0 0.028906 0.792188 0.020313 0.109375
0 0.008594 0.798438 0.017188 0.121875
0 0.057031 0.782813 0.026562 0.112500
0 0.372656 0.763281 0.020313 0.085938
0 0.089063 0.766406 0.009375 0.092188
0 0.685937 0.650781 0.040625 0.032813
0 0.238281 0.683594 0.048438 0.098437
0 0.313281 0.721094 0.092188 0.198437
0 0.607031 0.592187 0.020313 0.065625
0 0.957812 0.550781 0.084375 0.267188
0 0.711719 0.546875 0.248438 0.343750
0 0.360938 0.429688 0.078125 0.212500
0 0.238281 0.144531 0.064062 0.017188
2 0.361719 0.813281 0.142187 0.039062
2 0.610156 0.785156 0.070312 0.032813
4 0.710938 0.700000 0.015625 0.131250
4 0.700781 0.549219 0.014063 0.114062
8 0.558594 0.758594 0.026562 0.039062
11 0.500000 0.342187 1.000000 0.684375
21 0.522656 0.778906 0.051562 0.048438
21 0.150781 0.813281 0.214062 0.170313
21 0.853125 0.840625 0.293750 0.318750
22 0.522656 0.778906 0.051562 0.048438
22 0.150781 0.813281 0.214062 0.170313
22 0.853125 0.840625 0.293750 0.318750