0 0.596094 0.660156 0.020313 0.051562
0 0.297656 0.639844 0.020313 0.039062
0 0.550781 0.654687 0.014063 0.071875
0 0.567187 0.657813 0.018750 0.081250
0 0.696875 0.649219 0.084375 0.082812
0 0.317969 0.624219 0.017188 0.045312
0 0.177344 0.634375 0.051562 0.093750
0 0.366406 0.612500 0.054688 0.075000
0 0.492188 0.577344 0.096875 0.067187
0 0.252344 0.596875 0.067187 0.118750
0 0.966406 0.532031 0.067187 0.314063
0 0.617188 0.433594 0.075000 0.120313
0 0.752344 0.521875 0.282813 0.328125
0 0.581250 0.337500 0.031250 0.025000
0 0.980469 0.326562 0.039062 0.093750
0 0.107813 0.366406 0.215625 0.732812
2 0.800000 0.885938 0.400000 0.228125
2 0.132031 0.721875 0.264062 0.065625
2 0.589063 0.708594 0.093750 0.067187
7 0.657031 0.685156 0.017188 0.032813
7 0.726562 0.695312 0.031250 0.071875
21 0.689063 0.711719 0.109375 0.092188
21 0.764844 0.707812 0.042188 0.090625
21 0.844531 0.706250 0.114062 0.096875
21 0.238281 0.660156 0.042188 0.023438
21 0.403125 0.728906 0.287500 0.248438
22 0.689063 0.711719 0.109375 0.092188
22 0.764844 0.707812 0.042188 0.090625
22 0.844531 0.706250 0.114062 0.096875
22 0.238281 0.660156 0.042188 0.023438
22 0.403125 0.728906 0.287500 0.248438