0 0.899219 0.458594 0.148438 0.029687
0 0.016406 0.401562 0.032813 0.081250
2 0.112500 0.607031 0.225000 0.123438
2 0.276562 0.537500 0.100000 0.065625
2 0.367188 0.498437 0.059375 0.043750
3 0.137500 0.520312 0.028125 0.081250
5 0.918750 0.514844 0.162500 0.092188
5 0.589844 0.465625 0.057813 0.015625
5 0.349219 0.471875 0.045312 0.043750
5 0.282031 0.485938 0.079687 0.075000
5 0.182031 0.498437 0.085938 0.109375
5 0.089844 0.511719 0.101562 0.139063
5 0.015625 0.519531 0.031250 0.154688
6 0.432031 0.482812 0.073438 0.100000
6 0.542188 0.456250 0.037500 0.050000
6 0.740625 0.526563 0.234375 0.228125
10 0.929688 0.613281 0.046875 0.073438
10 0.977344 0.614844 0.045312 0.082812
10 0.894531 0.601562 0.017188 0.056250
10 0.864844 0.589063 0.020313 0.084375
10 0.331250 0.573438 0.028125 0.059375
14 0.946875 0.586719 0.106250 0.123438
14 0.333594 0.539062 0.039062 0.090625
20 0.982812 0.545312 0.034375 0.043750
21 0.882031 0.562500 0.060937 0.084375
21 0.517969 0.576562 0.226562 0.253125
22 0.882031 0.562500 0.060937 0.084375
22 0.517969 0.576562 0.226562 0.253125