0 0.246094 0.696094 0.017188 0.129688
0 0.630469 0.694531 0.067187 0.176563
0 0.564063 0.614062 0.050000 0.193750
0 0.296094 0.596875 0.067187 0.318750
0 0.793750 0.507812 0.412500 0.565625
0 0.128906 0.414062 0.257812 0.765625
2 0.936719 0.825781 0.126562 0.017188
2 0.812500 0.822656 0.062500 0.017188
2 0.713281 0.822656 0.123438 0.023438
2 0.191406 0.809375 0.382812 0.106250
2 0.632812 0.773438 0.062500 0.037500
4 0.257812 0.723437 0.012500 0.153125
4 0.260937 0.500781 0.012500 0.045312
4 0.566406 0.542188 0.073438 0.403125
4 0.268750 0.342187 0.021875 0.250000
7 0.019531 0.819531 0.039062 0.070312
7 0.857812 0.810937 0.034375 0.071875
7 0.919531 0.735938 0.029687 0.050000
9 0.962500 0.739844 0.062500 0.042188
21 0.455469 0.739062 0.048438 0.028125
21 0.543750 0.758594 0.125000 0.110937
22 0.455469 0.739062 0.048438 0.028125
22 0.543750 0.758594 0.125000 0.110937