0 0.221875 0.733594 0.040625 0.023438
0 0.772656 0.729688 0.120313 0.046875
0 0.492188 0.714844 0.037500 0.060937
0 0.671094 0.703125 0.026562 0.053125
0 0.582031 0.708594 0.101562 0.085938
0 0.775781 0.671875 0.139063 0.053125
0 0.608594 0.651563 0.089063 0.031250
0 0.684375 0.692187 0.056250 0.121875
0 0.044531 0.516406 0.054688 0.017188
0 0.084375 0.625000 0.168750 0.262500
0 0.380469 0.614062 0.026562 0.262500
0 0.339062 0.584375 0.034375 0.203125
0 0.244531 0.578906 0.079687 0.201563
0 0.434375 0.614062 0.059375 0.306250
0 0.032031 0.303125 0.048438 0.015625
0 0.088281 0.385156 0.176563 0.242188
0 0.263281 0.368750 0.098437 0.215625
1 0.166406 0.147656 0.023438 0.039062
1 0.554688 0.128906 0.034375 0.042188
3 0.221094 0.771094 0.039062 0.026562
3 0.269531 0.769531 0.048438 0.026562
3 0.053125 0.768750 0.106250 0.040625
21 0.073438 0.785156 0.146875 0.054688
21 0.336719 0.764844 0.032813 0.045312
21 0.378125 0.761719 0.021875 0.042188
21 0.764844 0.748437 0.064062 0.040625
21 0.515625 0.765625 0.078125 0.090625
21 0.649219 0.754687 0.101562 0.106250
21 0.889844 0.757812 0.220312 0.484375
22 0.073438 0.785156 0.146875 0.054688
22 0.336719 0.764844 0.032813 0.045312
22 0.378125 0.761719 0.021875 0.042188
22 0.764844 0.748437 0.064062 0.040625
22 0.515625 0.765625 0.078125 0.090625
22 0.649219 0.754687 0.101562 0.106250
22 0.889844 0.757812 0.220312 0.484375