0 0.750781 0.629687 0.017188 0.059375
0 0.804688 0.625781 0.012500 0.054688
0 0.078125 0.563281 0.025000 0.035937
0 0.372656 0.527344 0.076563 0.198437
0 0.806250 0.448437 0.021875 0.153125
0 0.537500 0.492188 0.106250 0.281250
0 0.755469 0.457813 0.107813 0.256250
0 0.499219 0.474219 0.104688 0.298438
0 0.456250 0.337500 0.068750 0.484375
0 0.943750 0.310937 0.112500 0.621875
0 0.348438 0.310937 0.159375 0.621875
0 0.160156 0.308594 0.320312 0.617188
2 0.318750 0.625781 0.106250 0.014063
2 0.203125 0.616406 0.103125 0.014063
4 0.414062 0.603906 0.028125 0.085938
4 0.843750 0.502344 0.015625 0.270313
4 0.795312 0.515625 0.040625 0.303125
4 0.432812 0.252344 0.050000 0.504687
4 0.288281 0.315625 0.070312 0.631250
6 0.895312 0.628906 0.050000 0.070312
8 0.637500 0.600781 0.131250 0.279687
9 0.219531 0.595313 0.039062 0.043750
10 0.730469 0.671094 0.014063 0.045312
13 0.868750 0.500000 0.046875 0.043750
13 0.693750 0.472656 0.115625 0.126562
13 0.828125 0.454688 0.028125 0.131250
13 0.882031 0.432812 0.070312 0.093750
14 0.731250 0.645312 0.021875 0.068750
20 0.846094 0.703125 0.045312 0.084375
21 0.925000 0.755469 0.150000 0.298438
21 0.712500 0.637500 0.018750 0.071875
21 0.440625 0.609375 0.031250 0.062500
22 0.925000 0.755469 0.150000 0.298438
22 0.712500 0.637500 0.018750 0.071875
22 0.440625 0.609375 0.031250 0.062500