0 0.486719 0.711719 0.042188 0.023438
0 0.455469 0.674219 0.026562 0.039062
0 0.507031 0.667969 0.076563 0.114062
0 0.296094 0.625781 0.051562 0.042188
0 0.634375 0.652344 0.087500 0.167187
0 0.557031 0.628906 0.070312 0.198437
0 0.912500 0.625781 0.175000 0.332813
0 0.749219 0.585938 0.132812 0.265625
0 0.130469 0.415625 0.198437 0.412500
2 0.096094 0.832812 0.192188 0.100000
2 0.693750 0.767969 0.246875 0.048438
2 0.207813 0.740625 0.240625 0.053125
3 0.793750 0.750781 0.187500 0.067187
3 0.641406 0.725781 0.054688 0.023438
4 0.522656 0.650781 0.060937 0.179688
4 0.683594 0.634375 0.023438 0.256250
4 0.362500 0.534375 0.071875 0.396875
4 0.820312 0.517969 0.015625 0.401562
5 0.312500 0.698438 0.034375 0.025000
5 0.135156 0.659375 0.270313 0.212500
21 0.414844 0.728906 0.107813 0.126562
22 0.414844 0.728906 0.107813 0.126562