0 0.517188 0.566406 0.025000 0.048438
0 0.240625 0.565625 0.062500 0.075000
0 0.388281 0.532031 0.226562 0.120313
0 0.107031 0.495312 0.207813 0.231250
0 0.784375 0.378125 0.431250 0.756250
2 0.088281 0.673438 0.176563 0.046875
2 0.767969 0.782813 0.464062 0.315625
3 0.568750 0.616406 0.015625 0.048438
4 0.558594 0.512500 0.026562 0.162500
11 0.103906 0.614844 0.201563 0.017188
11 0.394531 0.612500 0.154688 0.046875
20 0.446094 0.582031 0.051562 0.014063
21 0.024219 0.607812 0.042188 0.018750
21 0.411719 0.630469 0.089063 0.079687
21 0.264844 0.655469 0.179688 0.148438
21 0.504687 0.614062 0.075000 0.068750
22 0.024219 0.607812 0.042188 0.018750
22 0.411719 0.630469 0.089063 0.079687
22 0.264844 0.655469 0.179688 0.148438
22 0.504687 0.614062 0.075000 0.068750