0 0.491406 0.503906 0.060937 0.020313
0 0.582812 0.278125 0.034375 0.037500
0 0.938281 0.328125 0.123438 0.471875
0 0.659375 0.318750 0.406250 0.475000
0 0.217188 0.403906 0.434375 0.807813
1 0.570312 0.292969 0.037500 0.067187
1 0.923438 0.031250 0.078125 0.062500
1 0.806250 0.048438 0.084375 0.096875
2 0.957031 0.697656 0.085938 0.114062
4 0.510156 0.431250 0.032813 0.168750
4 0.868750 0.385156 0.015625 0.151562
4 0.587500 0.405469 0.059375 0.304688
4 0.857812 0.153125 0.087500 0.306250
4 0.443750 0.319531 0.043750 0.639062
17 0.978906 0.640625 0.042188 0.106250