0 0.248438 0.617969 0.012500 0.039062
0 0.209375 0.611719 0.028125 0.026562
0 0.553125 0.589844 0.018750 0.067187
0 0.583594 0.582031 0.035937 0.092188
0 0.375000 0.547656 0.043750 0.054688
0 0.622656 0.574219 0.035937 0.117188
0 0.685937 0.539062 0.087500 0.084375
0 0.510938 0.380469 0.025000 0.039062
0 0.150781 0.375000 0.301563 0.571875
0 0.907031 0.335156 0.185938 0.670312
0 0.663281 0.278125 0.298438 0.556250
2 0.945312 0.711719 0.109375 0.110937
2 0.126562 0.660156 0.059375 0.023438
2 0.573438 0.650781 0.168750 0.067187
7 0.784375 0.653906 0.290625 0.242188
21 0.049219 0.662500 0.098437 0.075000
21 0.191406 0.654687 0.085938 0.062500
21 0.283594 0.637500 0.064062 0.040625
21 0.350781 0.625000 0.029687 0.031250
21 0.429688 0.634375 0.112500 0.068750
22 0.049219 0.662500 0.098437 0.075000
22 0.191406 0.654687 0.085938 0.062500
22 0.283594 0.637500 0.064062 0.040625
22 0.350781 0.625000 0.029687 0.031250
22 0.429688 0.634375 0.112500 0.068750