0 0.781250 0.628125 0.065625 0.028125
0 0.653906 0.629687 0.076563 0.043750
0 0.198437 0.642188 0.021875 0.068750
0 0.546875 0.635938 0.034375 0.090625
0 0.012500 0.610938 0.025000 0.040625
0 0.098437 0.617969 0.050000 0.114062
0 0.154688 0.616406 0.053125 0.117188
0 0.245312 0.600781 0.050000 0.092188
0 0.270313 0.433594 0.040625 0.060937
0 0.571875 0.296094 0.090625 0.235937
0 0.582812 0.128906 0.025000 0.070312
0 0.970313 0.103125 0.059375 0.206250
2 0.771094 0.850781 0.457813 0.298438
2 0.098437 0.731250 0.196875 0.078125
3 0.013281 0.695312 0.026562 0.028125
3 0.797656 0.775000 0.404687 0.290625
6 0.492969 0.656250 0.082812 0.109375
20 0.862500 0.629687 0.050000 0.018750
21 0.080469 0.672656 0.045312 0.032813
21 0.252344 0.693750 0.110937 0.100000
21 0.464062 0.693750 0.103125 0.106250
21 0.015625 0.641406 0.031250 0.026562
22 0.080469 0.672656 0.045312 0.032813
22 0.252344 0.693750 0.110937 0.100000
22 0.464062 0.693750 0.103125 0.106250
22 0.015625 0.641406 0.031250 0.026562