0 0.416406 0.632031 0.026562 0.026562
0 0.566406 0.610156 0.020313 0.035937
0 0.297656 0.581250 0.010937 0.068750
0 0.314063 0.581250 0.015625 0.071875
0 0.622656 0.620313 0.060937 0.153125
0 0.165625 0.567187 0.106250 0.100000
0 0.229687 0.557813 0.031250 0.115625
0 0.267969 0.553906 0.051562 0.120313
0 0.711719 0.598437 0.120313 0.243750
0 0.881250 0.534375 0.237500 0.271875
2 0.797656 0.726562 0.404687 0.093750
3 0.812500 0.700781 0.056250 0.060937
3 0.748437 0.700000 0.053125 0.059375
3 0.922656 0.696875 0.154688 0.068750
3 0.282031 0.646094 0.026562 0.067187
3 0.231250 0.632812 0.018750 0.040625
3 0.254688 0.641406 0.025000 0.064062
3 0.112500 0.664844 0.225000 0.139063
4 0.766406 0.555469 0.045312 0.398438
4 0.622656 0.530469 0.092188 0.385937
5 0.014844 0.751563 0.029687 0.040625
5 0.324219 0.675781 0.020313 0.029687
8 0.466406 0.646875 0.032813 0.046875
10 0.008594 0.787500 0.017188 0.106250
21 0.170313 0.800000 0.328125 0.296875
21 0.429688 0.668750 0.059375 0.056250
22 0.170313 0.800000 0.328125 0.296875
22 0.429688 0.668750 0.059375 0.056250