0 0.060937 0.514062 0.121875 0.087500
0 0.840625 0.414844 0.071875 0.217188
0 0.782031 0.322656 0.026562 0.057813
0 0.828125 0.309375 0.050000 0.037500
0 0.782031 0.092188 0.167187 0.068750
2 0.685156 0.696094 0.110937 0.026562
2 0.865625 0.692969 0.268750 0.026562
4 0.825781 0.328125 0.067187 0.434375
8 0.323437 0.529687 0.406250 0.509375
21 0.589063 0.575000 0.028125 0.034375
21 0.545312 0.599219 0.062500 0.110937
21 0.060937 0.610938 0.121875 0.146875
21 0.995313 0.563281 0.009375 0.076563
21 0.828906 0.554688 0.095312 0.065625
22 0.589063 0.575000 0.028125 0.034375
22 0.545312 0.599219 0.062500 0.110937
22 0.060937 0.610938 0.121875 0.146875
22 0.995313 0.563281 0.009375 0.076563
22 0.828906 0.554688 0.095312 0.065625