0 0.474219 0.584375 0.101562 0.065625
0 0.281250 0.549219 0.234375 0.051562
0 0.553125 0.575000 0.056250 0.128125
0 0.675000 0.550000 0.012500 0.190625
0 0.389844 0.454688 0.029687 0.025000
0 0.613281 0.543750 0.064062 0.206250
0 0.517188 0.464062 0.025000 0.053125
0 0.467187 0.459375 0.075000 0.053125
0 0.219531 0.431250 0.064062 0.018750
0 0.789844 0.496875 0.189062 0.353125
0 0.944531 0.448437 0.110937 0.412500
0 0.062500 0.247656 0.125000 0.495312
3 0.335938 0.578125 0.359375 0.096875
3 0.148438 0.571094 0.018750 0.095312
3 0.064844 0.544531 0.129688 0.160938
11 0.660937 0.546875 0.040625 0.203125
11 0.372656 0.502344 0.417187 0.179688
11 0.156250 0.467187 0.018750 0.112500
11 0.942969 0.203125 0.114062 0.221875
11 0.942187 0.053906 0.115625 0.107813
11 0.485938 0.256250 0.790625 0.512500
21 0.520312 0.639844 0.040625 0.045312
21 0.305469 0.640625 0.064062 0.056250
21 0.897656 0.723437 0.204687 0.281250
22 0.520312 0.639844 0.040625 0.045312
22 0.305469 0.640625 0.064062 0.056250
22 0.897656 0.723437 0.204687 0.281250