0 0.385937 0.507812 0.037500 0.021875
0 0.460156 0.486719 0.042188 0.067187
0 0.339062 0.427344 0.034375 0.110937
0 0.651563 0.435937 0.143750 0.184375
0 0.157031 0.318750 0.314063 0.587500
0 0.867188 0.264844 0.265625 0.529687
2 0.025781 0.807813 0.051562 0.053125
2 0.264062 0.612500 0.131250 0.056250
2 0.921094 0.635156 0.157812 0.117188
2 0.757031 0.578125 0.101562 0.062500
2 0.608594 0.539062 0.035937 0.031250
4 0.435156 0.425781 0.026562 0.167187
4 0.323437 0.335156 0.056250 0.570312
7 0.290625 0.578125 0.050000 0.093750
7 0.981250 0.546094 0.037500 0.095312
7 0.782813 0.525781 0.015625 0.054688
9 0.758594 0.532031 0.039062 0.042188
21 0.972656 0.741406 0.054688 0.220312
21 0.099219 0.615625 0.198437 0.187500
21 0.400781 0.565625 0.154688 0.121875
21 0.562500 0.521875 0.081250 0.050000
21 0.671094 0.542188 0.104688 0.125000
21 0.885938 0.545312 0.162500 0.143750
22 0.972656 0.741406 0.054688 0.220312
22 0.099219 0.615625 0.198437 0.187500
22 0.400781 0.565625 0.154688 0.121875
22 0.562500 0.521875 0.081250 0.050000
22 0.671094 0.542188 0.104688 0.125000
22 0.885938 0.545312 0.162500 0.143750