0 0.317969 0.600781 0.017188 0.032813
0 0.280469 0.593750 0.042188 0.053125
0 0.507031 0.570312 0.051562 0.028125
0 0.214844 0.523438 0.429688 0.200000
0 0.549219 0.467969 0.139063 0.095312
3 0.867969 0.700781 0.014063 0.042188
3 0.796094 0.697656 0.104688 0.045312
3 0.687500 0.687500 0.059375 0.031250
3 0.578906 0.675000 0.101562 0.028125
3 0.508594 0.664062 0.032813 0.015625
5 0.014844 0.727344 0.029687 0.048438
5 0.267188 0.690625 0.203125 0.046875
5 0.539844 0.642969 0.023438 0.042188
5 0.502344 0.642188 0.045312 0.043750
5 0.417187 0.633594 0.065625 0.029687
5 0.356250 0.632812 0.053125 0.034375
5 0.644531 0.631250 0.010937 0.081250
5 0.686719 0.631250 0.060937 0.087500
5 0.435156 0.597656 0.048438 0.026562
5 0.503906 0.595313 0.045312 0.025000
5 0.815625 0.628906 0.156250 0.101562
5 0.592187 0.623437 0.078125 0.093750
8 0.932813 0.671094 0.134375 0.251563
11 0.494531 0.721875 0.035937 0.025000
11 0.263281 0.658594 0.229687 0.057813
11 0.137500 0.646094 0.021875 0.039062
11 0.047656 0.643750 0.095312 0.053125
11 0.600781 0.576562 0.060937 0.031250
11 0.678906 0.560937 0.045312 0.059375
11 0.888281 0.519531 0.223438 0.129688
21 0.303125 0.704688 0.031250 0.025000
21 0.417187 0.728125 0.125000 0.168750
22 0.303125 0.704688 0.031250 0.025000
22 0.417187 0.728125 0.125000 0.168750