0 0.088281 0.593750 0.026562 0.034375
0 0.914062 0.585938 0.046875 0.040625
0 0.960156 0.576562 0.035937 0.037500
0 0.986719 0.571875 0.026562 0.037500
0 0.621875 0.571875 0.018750 0.056250
0 0.651563 0.571094 0.025000 0.057813
0 0.114844 0.574219 0.014063 0.070312
0 0.432031 0.564844 0.023438 0.060937
0 0.371094 0.562500 0.092188 0.059375
0 0.031250 0.562500 0.062500 0.087500
0 0.952344 0.533594 0.023438 0.035937
0 0.653125 0.540625 0.031250 0.059375
0 0.979688 0.528906 0.040625 0.042188
0 0.715625 0.547656 0.084375 0.092188
0 0.847656 0.545312 0.170313 0.112500
0 0.072656 0.494531 0.064062 0.026562
3 0.873437 0.610156 0.128125 0.032813
4 0.959375 0.526563 0.056250 0.143750
4 0.670312 0.532813 0.021875 0.181250
4 0.446094 0.501563 0.026562 0.190625
4 0.757031 0.478906 0.035937 0.267188
4 0.275000 0.394531 0.243750 0.464062
21 0.383594 0.633594 0.151562 0.114062
21 0.510156 0.625000 0.092188 0.100000
22 0.383594 0.633594 0.151562 0.114062
22 0.510156 0.625000 0.092188 0.100000