0 0.139063 0.760938 0.037500 0.050000
0 0.387500 0.707031 0.018750 0.042188
0 0.442969 0.717969 0.082812 0.085938
0 0.556250 0.697656 0.037500 0.076563
0 0.600000 0.687500 0.040625 0.062500
0 0.067187 0.717969 0.134375 0.135937
0 0.836719 0.633594 0.135937 0.101562
0 0.950781 0.596875 0.064062 0.043750
2 0.892969 0.974219 0.214062 0.051562
2 0.464844 0.940625 0.592187 0.118750
2 0.956250 0.835938 0.087500 0.056250
2 0.852344 0.825000 0.145313 0.062500
2 0.655469 0.803125 0.201563 0.081250
3 0.058594 0.816406 0.117188 0.067187
4 0.540625 0.570312 0.103125 0.400000
5 0.703125 0.721875 0.028125 0.056250
5 0.845313 0.708594 0.137500 0.070312
5 0.964063 0.689063 0.071875 0.053125
6 0.607031 0.718750 0.029687 0.040625
12 0.096094 0.974219 0.192188 0.051562
21 0.357031 0.785156 0.039062 0.098437
21 0.199219 0.817969 0.226562 0.164062
21 0.426563 0.761719 0.015625 0.057813
21 0.523438 0.753125 0.081250 0.075000
22 0.357031 0.785156 0.039062 0.098437
22 0.199219 0.817969 0.226562 0.164062
22 0.426563 0.761719 0.015625 0.057813
22 0.523438 0.753125 0.081250 0.075000