0 0.893750 0.591406 0.037500 0.032813
0 0.035937 0.583594 0.050000 0.045312
0 0.449219 0.564063 0.035937 0.084375
0 0.748437 0.236719 0.471875 0.473438
2 0.039844 0.674219 0.079687 0.017188
2 0.873437 0.639844 0.043750 0.017188
16 0.791406 0.647656 0.017188 0.076563
21 0.310937 0.624219 0.018750 0.029687
21 0.485938 0.615625 0.053125 0.028125
21 0.721875 0.607812 0.018750 0.043750
21 0.700781 0.607031 0.020313 0.042188
21 0.971094 0.588281 0.026562 0.032813
22 0.310937 0.624219 0.018750 0.029687
22 0.485938 0.615625 0.053125 0.028125
22 0.721875 0.607812 0.018750 0.043750
22 0.700781 0.607031 0.020313 0.042188
22 0.971094 0.588281 0.026562 0.032813