0 0.989844 0.775000 0.020313 0.046875
0 0.954688 0.771094 0.034375 0.048438
0 0.989844 0.726562 0.020313 0.034375
0 0.760156 0.717969 0.039062 0.067187
0 0.511719 0.653125 0.032813 0.034375
0 0.950781 0.682813 0.042188 0.118750
0 0.470313 0.629687 0.034375 0.028125
0 0.859375 0.697656 0.146875 0.182812
0 0.589844 0.662500 0.064062 0.112500
0 0.792188 0.587500 0.353125 0.303125
0 0.968750 0.557031 0.062500 0.289062
0 0.809375 0.235937 0.381250 0.428125
0 0.219531 0.500000 0.439063 1.000000
1 0.655469 0.125781 0.042188 0.026562
2 0.353906 0.884375 0.701562 0.231250
2 0.883594 0.785937 0.232813 0.043750
2 0.492188 0.744531 0.046875 0.035937
2 0.353906 0.723437 0.145313 0.068750
11 0.521875 0.673438 0.059375 0.043750
16 0.350781 0.759375 0.020313 0.040625
21 0.601562 0.723437 0.103125 0.062500
22 0.601562 0.723437 0.103125 0.062500