0 0.079687 0.549219 0.025000 0.023438
0 0.844531 0.554688 0.039062 0.043750
0 0.936719 0.546875 0.126562 0.146875
0 0.582031 0.460156 0.248438 0.332813
0 0.876563 0.142969 0.015625 0.051562
0 0.861719 0.260156 0.276562 0.520312
1 0.842969 0.151562 0.032813 0.040625
1 0.873437 0.082812 0.065625 0.084375
2 0.951562 0.735156 0.096875 0.095312
2 0.681250 0.669531 0.212500 0.101562
3 0.845313 0.664062 0.118750 0.121875
3 0.724219 0.632812 0.020313 0.075000
3 0.663281 0.620313 0.014063 0.056250
5 0.951562 0.692187 0.096875 0.050000
5 0.762500 0.646875 0.046875 0.021875
21 0.014063 0.846875 0.028125 0.203125
21 0.303125 0.622656 0.106250 0.114062
21 0.471094 0.630469 0.217188 0.145313
21 0.126562 0.604688 0.253125 0.103125
22 0.014063 0.846875 0.028125 0.203125
22 0.303125 0.622656 0.106250 0.114062
22 0.471094 0.630469 0.217188 0.145313
22 0.126562 0.604688 0.253125 0.103125