0 0.039844 0.410938 0.079687 0.090625
0 0.853906 0.440625 0.292187 0.240625
2 0.625781 0.586719 0.076563 0.017188
2 0.884375 0.552344 0.231250 0.070312
2 0.725000 0.519531 0.046875 0.017188
2 0.069531 0.469531 0.139063 0.070312
4 0.604688 0.510156 0.025000 0.107813
4 0.702344 0.485156 0.014063 0.067187
4 0.553906 0.424219 0.020313 0.120313
4 0.748437 0.281250 0.296875 0.275000
21 0.309375 0.498437 0.071875 0.071875
21 0.572656 0.480469 0.032813 0.042188
21 0.432812 0.455469 0.028125 0.026562
21 0.190625 0.436719 0.025000 0.026562
22 0.309375 0.498437 0.071875 0.071875
22 0.572656 0.480469 0.032813 0.042188
22 0.432812 0.455469 0.028125 0.026562
22 0.190625 0.436719 0.025000 0.026562