0 0.496094 0.702344 0.107813 0.092188
0 0.589063 0.692969 0.075000 0.123438
0 0.350781 0.671094 0.139063 0.167187
0 0.142969 0.643750 0.285938 0.125000
0 0.893750 0.605469 0.212500 0.254688
0 0.706250 0.592969 0.156250 0.264062
2 0.954688 0.831250 0.090625 0.040625
2 0.842969 0.803906 0.060937 0.023438
2 0.086719 0.827344 0.173437 0.092188
2 0.223438 0.789844 0.096875 0.057813
2 0.294531 0.773438 0.035937 0.028125
3 0.684375 0.740625 0.109375 0.034375
3 0.303906 0.728906 0.048438 0.045312
3 0.243750 0.727344 0.065625 0.042188
3 0.199219 0.725000 0.026562 0.040625
3 0.127344 0.721875 0.089063 0.046875
3 0.041406 0.721094 0.082812 0.045312
5 0.045312 0.716406 0.087500 0.051562
6 0.171094 0.692969 0.076563 0.026562
13 0.469531 0.697656 0.064062 0.020313
17 0.984375 0.926562 0.031250 0.125000
17 0.936719 0.913281 0.039062 0.173437
17 0.725000 0.860938 0.056250 0.159375
17 0.776563 0.832812 0.043750 0.121875
17 0.877344 0.804688 0.026562 0.068750
17 0.647656 0.812500 0.039062 0.112500
17 0.591406 0.791406 0.057813 0.092188
21 0.833594 0.759375 0.045312 0.046875
21 0.758594 0.770312 0.107813 0.081250
21 0.953906 0.769531 0.092188 0.085938
21 0.877344 0.753906 0.048438 0.057813
21 0.346094 0.747656 0.070312 0.076563
21 0.452344 0.757031 0.104688 0.098437
22 0.833594 0.759375 0.045312 0.046875
22 0.758594 0.770312 0.107813 0.081250
22 0.953906 0.769531 0.092188 0.085938
22 0.877344 0.753906 0.048438 0.057813
22 0.346094 0.747656 0.070312 0.076563
22 0.452344 0.757031 0.104688 0.098437