0 0.318750 0.721094 0.037500 0.042188
0 0.262500 0.717969 0.021875 0.042188
0 0.289844 0.718750 0.020313 0.046875
0 0.890625 0.707812 0.031250 0.034375
0 0.600000 0.652344 0.168750 0.145313
0 0.596875 0.541406 0.056250 0.076563
0 0.162500 0.582031 0.325000 0.326562
0 0.158594 0.326562 0.176563 0.165625
0 0.813281 0.370312 0.373437 0.740625
1 0.156250 0.161719 0.056250 0.020313
2 0.117969 0.792188 0.104688 0.034375
21 0.902344 0.833594 0.195312 0.254688
21 0.037500 0.769531 0.075000 0.139063
21 0.523438 0.821875 0.359375 0.356250
22 0.902344 0.833594 0.195312 0.254688
22 0.037500 0.769531 0.075000 0.139063
22 0.523438 0.821875 0.359375 0.356250