0 0.473438 0.473438 0.034375 0.053125
0 0.626563 0.408594 0.015625 0.051562
0 0.132812 0.360938 0.015625 0.159375
0 0.610156 0.326562 0.045312 0.109375
0 0.716406 0.294531 0.026562 0.073438
0 0.830469 0.221094 0.073438 0.157812
0 0.290625 0.353125 0.503125 0.703125
0 0.900000 0.145313 0.200000 0.290625
0 0.670312 0.203125 0.246875 0.406250
2 0.102344 0.796875 0.204687 0.406250
2 0.425781 0.729688 0.348438 0.540625
4 0.553906 0.402344 0.020313 0.189062
4 0.698438 0.259375 0.012500 0.153125
4 0.564063 0.146094 0.059375 0.292187
5 0.578906 0.457031 0.039062 0.026562
7 0.247656 0.446094 0.023438 0.048438
21 0.392188 0.498437 0.159375 0.162500
21 0.603906 0.421094 0.026562 0.042188
21 0.804688 0.582031 0.390625 0.598437
22 0.392188 0.498437 0.159375 0.162500
22 0.603906 0.421094 0.026562 0.042188
22 0.804688 0.582031 0.390625 0.598437