0 0.320312 0.475000 0.025000 0.028125
0 0.285938 0.482031 0.031250 0.051562
0 0.553125 0.495312 0.021875 0.081250
0 0.414062 0.407813 0.034375 0.118750
0 0.770312 0.334375 0.459375 0.668750
0 0.192969 0.269531 0.385937 0.539062
2 0.171875 0.540625 0.137500 0.031250
2 0.624219 0.650000 0.751563 0.312500
7 0.365625 0.578125 0.037500 0.096875
21 0.051562 0.538281 0.103125 0.098437
21 0.434375 0.516406 0.075000 0.104688
21 0.331250 0.532813 0.112500 0.137500
22 0.051562 0.538281 0.103125 0.098437
22 0.434375 0.516406 0.075000 0.104688
22 0.331250 0.532813 0.112500 0.137500