0 0.795312 0.441406 0.065625 0.048438
0 0.596875 0.429688 0.025000 0.043750
0 0.643750 0.423438 0.037500 0.059375
0 0.672656 0.426563 0.017188 0.071875
0 0.730469 0.424219 0.060937 0.095312
0 0.278125 0.375781 0.018750 0.045312
0 0.432812 0.358594 0.028125 0.157812
0 0.353125 0.350781 0.053125 0.142187
0 0.650000 0.292969 0.034375 0.039062
0 0.396875 0.350781 0.034375 0.160938
0 0.141406 0.337500 0.092188 0.143750
0 0.038281 0.276562 0.076563 0.134375
0 0.778125 0.185156 0.153125 0.339062
0 0.933594 0.241406 0.132812 0.482812
1 0.539062 0.266406 0.037500 0.039062
2 0.691406 0.750000 0.617188 0.500000
3 0.653125 0.492188 0.212500 0.018750
3 0.236719 0.455469 0.029687 0.095312
3 0.075000 0.475000 0.065625 0.228125
4 0.289844 0.392969 0.007812 0.098437
4 0.501563 0.379688 0.009375 0.137500
4 0.417187 0.285938 0.015625 0.415625
5 0.937500 0.638281 0.125000 0.107813
5 0.738281 0.632812 0.239063 0.112500
5 0.503906 0.528125 0.048438 0.015625
5 0.915625 0.528906 0.084375 0.029687
5 0.830469 0.525000 0.054688 0.031250
5 0.641406 0.521094 0.214062 0.042188
7 0.757812 0.514844 0.018750 0.048438
7 0.782813 0.487500 0.015625 0.031250
9 0.022656 0.868750 0.045312 0.262500
9 0.035937 0.664844 0.050000 0.135937
15 0.024219 0.570312 0.048438 0.409375
21 0.976562 0.486719 0.037500 0.035937
21 0.685937 0.469531 0.121875 0.035937
21 0.595313 0.463281 0.050000 0.032813
21 0.794531 0.471094 0.067187 0.057813
21 0.847656 0.470313 0.017188 0.065625
21 0.908594 0.468750 0.070312 0.065625
21 0.468750 0.454688 0.100000 0.068750
21 0.343750 0.453125 0.134375 0.075000
21 0.259375 0.421875 0.056250 0.037500
21 0.142187 0.457031 0.090625 0.117188
21 0.038281 0.441406 0.035937 0.101562
22 0.976562 0.486719 0.037500 0.035937
22 0.685937 0.469531 0.121875 0.035937
22 0.595313 0.463281 0.050000 0.032813
22 0.794531 0.471094 0.067187 0.057813
22 0.847656 0.470313 0.017188 0.065625
22 0.908594 0.468750 0.070312 0.065625
22 0.468750 0.454688 0.100000 0.068750
22 0.343750 0.453125 0.134375 0.075000
22 0.259375 0.421875 0.056250 0.037500
22 0.142187 0.457031 0.090625 0.117188
22 0.038281 0.441406 0.035937 0.101562