0 0.521875 0.589063 0.034375 0.040625
0 0.694531 0.585156 0.026562 0.060937
0 0.446875 0.576562 0.028125 0.056250
0 0.211719 0.535156 0.023438 0.042188
0 0.437500 0.540625 0.043750 0.090625
0 0.813281 0.575781 0.064062 0.170313
0 0.732812 0.553125 0.046875 0.150000
0 0.224219 0.367969 0.017188 0.039062
0 0.326562 0.460156 0.203125 0.329688
2 0.907813 0.679688 0.184375 0.034375
3 0.908594 0.659375 0.029687 0.028125
5 0.039844 0.597656 0.079687 0.054688
10 0.340625 0.646094 0.034375 0.051562
14 0.346875 0.620313 0.031250 0.071875
18 0.690625 0.538281 0.056250 0.032813
21 0.796094 0.641406 0.029687 0.032813
21 0.688281 0.632031 0.035937 0.039062
21 0.656250 0.630469 0.025000 0.039062
21 0.571094 0.630469 0.042188 0.051562
21 0.453906 0.636719 0.189062 0.104688
21 0.157812 0.645312 0.315625 0.218750
22 0.796094 0.641406 0.029687 0.032813
22 0.688281 0.632031 0.035937 0.039062
22 0.656250 0.630469 0.025000 0.039062
22 0.571094 0.630469 0.042188 0.051562
22 0.453906 0.636719 0.189062 0.104688
22 0.157812 0.645312 0.315625 0.218750