0 0.974219 0.267188 0.051562 0.240625
1 0.396875 0.430469 0.018750 0.039062
1 0.472656 0.425781 0.023438 0.054688
1 0.853125 0.192969 0.040625 0.017188
1 0.687500 0.015625 0.040625 0.021875
2 0.403906 0.773438 0.807813 0.453125
3 0.303125 0.774219 0.431250 0.182812
3 0.022656 0.633594 0.045312 0.039062
3 0.104688 0.622656 0.071875 0.029687
3 0.657031 0.612500 0.020313 0.050000
3 0.262500 0.605469 0.237500 0.123438
3 0.505469 0.573438 0.126562 0.062500
4 0.574219 0.645312 0.010937 0.118750
4 0.792188 0.416406 0.084375 0.439063
4 0.615625 0.225000 0.106250 0.450000
8 0.770312 0.474219 0.028125 0.032813
11 0.289062 0.548438 0.028125 0.028125
11 0.236719 0.549219 0.035937 0.029687
11 0.061719 0.526563 0.120313 0.071875
11 0.730469 0.484375 0.042188 0.125000
11 0.850000 0.457031 0.187500 0.154688
11 0.990625 0.442969 0.018750 0.129688