0 0.862500 0.710156 0.112500 0.023438
0 0.656250 0.703906 0.137500 0.029687
0 0.448437 0.689844 0.059375 0.076563
1 0.939844 0.539062 0.032813 0.028125
2 0.792188 0.818750 0.415625 0.103125
3 0.853125 0.733594 0.178125 0.026562
3 0.653125 0.729688 0.209375 0.037500
3 0.257031 0.746094 0.514062 0.120313
21 0.979688 0.745313 0.040625 0.021875
21 0.686719 0.744531 0.092188 0.029687
21 0.906250 0.741406 0.078125 0.026562
22 0.979688 0.745313 0.040625 0.021875
22 0.686719 0.744531 0.092188 0.029687
22 0.906250 0.741406 0.078125 0.026562