2 0.027344 0.578125 0.054688 0.040625
2 0.688281 0.542969 0.107813 0.014063
2 0.472656 0.761719 0.923438 0.476562
2 0.025000 0.528906 0.050000 0.039062
4 0.513281 0.382812 0.007812 0.134375
4 0.192188 0.364063 0.012500 0.118750
4 0.606250 0.379688 0.025000 0.243750
5 0.890625 0.492969 0.028125 0.167187
5 0.152344 0.400000 0.057813 0.031250
5 0.959375 0.489063 0.081250 0.225000
16 0.772656 0.517188 0.020313 0.128125
21 0.758594 0.517969 0.014063 0.048438
21 0.670312 0.508594 0.143750 0.067187
21 0.828906 0.509375 0.101562 0.084375
21 0.397656 0.483594 0.398438 0.139063
21 0.022656 0.429688 0.045312 0.031250
22 0.758594 0.517969 0.014063 0.048438
22 0.670312 0.508594 0.143750 0.067187
22 0.828906 0.509375 0.101562 0.084375
22 0.397656 0.483594 0.398438 0.139063
22 0.022656 0.429688 0.045312 0.031250