0 0.500000 0.398438 1.000000 0.796875
1 0.789062 0.044531 0.031250 0.076563
2 0.053125 0.976562 0.106250 0.046875
2 0.182812 0.956250 0.140625 0.087500
2 0.784375 0.724219 0.431250 0.189062
3 0.157812 0.815625 0.087500 0.150000
3 0.054688 0.809375 0.109375 0.203125
5 0.053125 0.907031 0.106250 0.170313
5 0.171094 0.865625 0.117188 0.168750
5 0.050000 0.772656 0.025000 0.067187
5 0.004687 0.758594 0.009375 0.073438
10 0.278125 0.789062 0.137500 0.193750
10 0.272656 0.701562 0.020313 0.046875
10 0.144531 0.688281 0.029687 0.057813
10 0.099219 0.691406 0.020313 0.067187
21 0.159375 0.748437 0.090625 0.075000
21 0.095312 0.725781 0.028125 0.039062
21 0.382812 0.757812 0.256250 0.125000
21 0.043750 0.714063 0.065625 0.059375
22 0.159375 0.748437 0.090625 0.075000
22 0.095312 0.725781 0.028125 0.039062
22 0.382812 0.757812 0.256250 0.125000
22 0.043750 0.714063 0.065625 0.059375