0 0.789844 0.652344 0.048438 0.014063
0 0.744531 0.663281 0.032813 0.039062
0 0.678125 0.647656 0.025000 0.029687
0 0.649219 0.646875 0.026562 0.028125
0 0.961719 0.668750 0.076563 0.106250
0 0.214844 0.624219 0.035937 0.042188
0 0.264062 0.623437 0.056250 0.043750
0 0.164062 0.618750 0.015625 0.034375
0 0.093750 0.620313 0.103125 0.040625
2 0.113281 0.716406 0.226562 0.070312
4 0.821094 0.621094 0.017188 0.067187
4 0.148438 0.572656 0.009375 0.210938
4 0.689063 0.499219 0.012500 0.204687
4 0.364844 0.525000 0.357812 0.321875
4 0.824219 0.378906 0.045312 0.585938
21 0.996094 0.903125 0.007812 0.125000
21 0.909375 0.710938 0.031250 0.021875
21 0.710938 0.750000 0.346875 0.190625
21 0.964844 0.734375 0.070312 0.168750
21 0.475000 0.681250 0.121875 0.062500
21 0.385156 0.665625 0.045312 0.031250
21 0.279687 0.658594 0.081250 0.029687
21 0.171875 0.653125 0.034375 0.037500
21 0.071875 0.660937 0.143750 0.059375
22 0.996094 0.903125 0.007812 0.125000
22 0.909375 0.710938 0.031250 0.021875
22 0.710938 0.750000 0.346875 0.190625
22 0.964844 0.734375 0.070312 0.168750
22 0.475000 0.681250 0.121875 0.062500
22 0.385156 0.665625 0.045312 0.031250
22 0.279687 0.658594 0.081250 0.029687
22 0.171875 0.653125 0.034375 0.037500
22 0.071875 0.660937 0.143750 0.059375