2 0.917188 0.807031 0.165625 0.139063
2 0.739844 0.725781 0.079687 0.089063
2 0.198437 0.753125 0.396875 0.221875
2 0.628906 0.646875 0.039062 0.021875
3 0.045312 0.616406 0.090625 0.029687
3 0.253906 0.630469 0.051562 0.070312
3 0.171094 0.643750 0.089063 0.100000
3 0.304688 0.621875 0.031250 0.059375
4 0.580469 0.467969 0.026562 0.254688
5 0.225000 0.647656 0.212500 0.142187
5 0.067969 0.638281 0.135937 0.145313
7 0.799219 0.737500 0.082812 0.175000
21 0.450781 0.623437 0.035937 0.056250
21 0.512500 0.635156 0.075000 0.098437
22 0.450781 0.623437 0.035937 0.056250
22 0.512500 0.635156 0.075000 0.098437