0 0.762500 0.632031 0.050000 0.060937
0 0.293750 0.612500 0.162500 0.212500
0 0.225000 0.550781 0.050000 0.164062
0 0.448437 0.542188 0.137500 0.368750
0 0.889844 0.276562 0.017188 0.075000
0 0.095312 0.535937 0.190625 0.612500
0 0.870313 0.371094 0.259375 0.329688
0 0.763281 0.566406 0.473438 0.810937
0 0.948438 0.088281 0.103125 0.176563
1 0.467969 0.329688 0.057813 0.053125
4 0.367188 0.543750 0.040625 0.128125
4 0.514844 0.457031 0.120313 0.692187
10 0.489844 0.701562 0.042188 0.059375
20 0.393750 0.699219 0.021875 0.057813
21 0.246094 0.807031 0.260937 0.310937
21 0.681250 0.652344 0.043750 0.042188
21 0.762500 0.651563 0.053125 0.043750
22 0.246094 0.807031 0.260937 0.310937
22 0.681250 0.652344 0.043750 0.042188
22 0.762500 0.651563 0.053125 0.043750