0 0.673438 0.468750 0.028125 0.031250
0 0.276562 0.421875 0.109375 0.068750
0 0.992188 0.434375 0.015625 0.106250
0 0.184375 0.377344 0.068750 0.095312
0 0.419531 0.380469 0.167187 0.135937
0 0.129688 0.355469 0.018750 0.089063
0 0.057031 0.326562 0.114062 0.118750
0 0.824219 0.379688 0.185938 0.228125
0 0.985156 0.277344 0.029687 0.085938
0 0.006250 0.230469 0.012500 0.064062
0 0.731250 0.244531 0.465625 0.489063
2 0.500000 0.796094 1.000000 0.407813
3 0.762500 0.637500 0.475000 0.234375
3 0.098437 0.507812 0.034375 0.015625
6 0.464062 0.498437 0.150000 0.128125
6 0.281250 0.497656 0.209375 0.126562
21 0.032031 0.516406 0.064062 0.042188
22 0.032031 0.516406 0.064062 0.042188