0 0.517188 0.471875 0.043750 0.015625
0 0.956250 0.368750 0.056250 0.037500
0 0.860938 0.328125 0.093750 0.065625
0 0.784375 0.309375 0.131250 0.125000
0 0.707812 0.285156 0.025000 0.085938
0 0.403125 0.296875 0.153125 0.340625
0 0.164844 0.290625 0.329688 0.353125
2 0.101562 0.845313 0.203125 0.128125
2 0.367969 0.695312 0.026562 0.034375
2 0.405469 0.696875 0.039062 0.056250
2 0.628906 0.562500 0.192188 0.040625
3 0.167187 0.564063 0.334375 0.162500
5 0.170313 0.719531 0.340625 0.314063
5 0.475781 0.508594 0.039062 0.032813
5 0.759375 0.497656 0.018750 0.039062
5 0.529687 0.518750 0.068750 0.081250
5 0.605469 0.523438 0.082812 0.093750
5 0.737500 0.499219 0.018750 0.054688
5 0.278906 0.475781 0.029687 0.020313
5 0.816406 0.482031 0.029687 0.035937
5 0.685937 0.513281 0.071875 0.104688
21 0.098437 0.943750 0.196875 0.112500
21 0.681250 0.721875 0.150000 0.168750
21 0.388281 0.787500 0.414062 0.315625
21 0.446875 0.621875 0.012500 0.046875
21 0.369531 0.610938 0.017188 0.075000
21 0.444531 0.557813 0.014063 0.056250
21 0.410156 0.594531 0.045312 0.139063
21 0.488281 0.555469 0.064062 0.070312
21 0.816406 0.514062 0.182812 0.128125
21 0.951562 0.459375 0.096875 0.078125
22 0.098437 0.943750 0.196875 0.112500
22 0.681250 0.721875 0.150000 0.168750
22 0.388281 0.787500 0.414062 0.315625
22 0.446875 0.621875 0.012500 0.046875
22 0.369531 0.610938 0.017188 0.075000
22 0.444531 0.557813 0.014063 0.056250
22 0.410156 0.594531 0.045312 0.139063
22 0.488281 0.555469 0.064062 0.070312
22 0.816406 0.514062 0.182812 0.128125
22 0.951562 0.459375 0.096875 0.078125