0 0.545312 0.693750 0.040625 0.103125
0 0.636719 0.678125 0.032813 0.084375
0 0.778906 0.654687 0.039062 0.106250
0 0.728125 0.652344 0.056250 0.114062
0 0.967969 0.631250 0.064062 0.106250
0 0.871875 0.636719 0.128125 0.182812
0 0.237500 0.397656 0.475000 0.795312
2 0.822656 0.832812 0.110937 0.053125
2 0.089844 0.810937 0.179688 0.075000
3 0.915625 0.706250 0.043750 0.043750
3 0.970313 0.703125 0.059375 0.050000
21 0.477344 0.735156 0.035937 0.026562
21 0.527344 0.739844 0.057813 0.042188
21 0.667969 0.768750 0.201563 0.125000
21 0.930469 0.850000 0.139063 0.293750
21 0.297656 0.740625 0.239063 0.150000
22 0.477344 0.735156 0.035937 0.026562
22 0.527344 0.739844 0.057813 0.042188
22 0.667969 0.768750 0.201563 0.125000
22 0.930469 0.850000 0.139063 0.293750
22 0.297656 0.740625 0.239063 0.150000