0 0.428125 0.600000 0.021875 0.043750
0 0.582812 0.542188 0.012500 0.078125
0 0.961719 0.494531 0.014063 0.060937
0 0.615625 0.510938 0.046875 0.134375
0 0.470313 0.402344 0.196875 0.448437
0 0.802344 0.325000 0.307812 0.500000
0 0.155469 0.303125 0.310937 0.606250
2 0.927344 0.735938 0.145313 0.068750
2 0.831250 0.711719 0.046875 0.035937
3 0.330469 0.694531 0.054688 0.117188
3 0.616406 0.589844 0.039062 0.032813
3 0.776563 0.583594 0.262500 0.070312
4 0.573438 0.476562 0.009375 0.209375
4 0.559375 0.244531 0.031250 0.204687
5 0.805469 0.655469 0.092188 0.092188
5 0.923438 0.628906 0.153125 0.217188
21 0.380469 0.611719 0.035937 0.035937
21 0.627344 0.681250 0.364063 0.206250
21 0.160156 0.754687 0.320312 0.490625
22 0.380469 0.611719 0.035937 0.035937
22 0.627344 0.681250 0.364063 0.206250
22 0.160156 0.754687 0.320312 0.490625