0 0.553906 0.670312 0.039062 0.031250
2 0.144531 0.818750 0.289062 0.103125
2 0.870313 0.766406 0.259375 0.064062
2 0.693750 0.723437 0.090625 0.050000
3 0.159375 0.761719 0.318750 0.089063
3 0.332031 0.729688 0.023438 0.034375
4 0.435937 0.697656 0.012500 0.104688
4 0.745313 0.610938 0.040625 0.221875
4 0.470313 0.485938 0.103125 0.312500
5 0.903906 0.753906 0.192188 0.051562
21 0.519531 0.736719 0.089063 0.098437
21 0.700000 0.685156 0.028125 0.023438
22 0.519531 0.736719 0.089063 0.098437
22 0.700000 0.685156 0.028125 0.023438