0 0.511719 0.542969 0.023438 0.060937
0 0.477344 0.538281 0.032813 0.070312
0 0.005469 0.489844 0.010937 0.195312
0 0.218750 0.467187 0.418750 0.246875
0 0.799219 0.324219 0.401562 0.648438
2 0.500000 0.861719 1.000000 0.276562
2 0.985156 0.658594 0.029687 0.023438
2 0.757031 0.643750 0.089063 0.028125
2 0.660937 0.645312 0.084375 0.031250
2 0.420312 0.621875 0.034375 0.028125
2 0.513281 0.625000 0.142187 0.053125
9 0.590625 0.633594 0.028125 0.051562
15 0.600781 0.613281 0.026562 0.079687
15 0.517969 0.603125 0.020313 0.062500
20 0.373437 0.642969 0.040625 0.039062
20 0.403906 0.630469 0.017188 0.057813
21 0.885938 0.647656 0.184375 0.092188
22 0.885938 0.647656 0.184375 0.092188