0 0.610156 0.666406 0.092188 0.073438
0 0.198437 0.592969 0.062500 0.085938
0 0.252344 0.577344 0.029687 0.070312
0 0.918750 0.517188 0.053125 0.106250
1 0.289844 0.125000 0.039062 0.028125
2 0.709375 0.800781 0.078125 0.039062
2 0.248438 0.796094 0.343750 0.132812
3 0.790625 0.710938 0.046875 0.078125
3 0.896875 0.696875 0.165625 0.081250
5 0.840625 0.800781 0.037500 0.054688
5 0.725781 0.772656 0.029687 0.057813
5 0.696094 0.767969 0.029687 0.051562
5 0.929688 0.798438 0.140625 0.125000
5 0.793750 0.776563 0.046875 0.081250
5 0.338281 0.741406 0.079687 0.082812
5 0.581250 0.725781 0.043750 0.054688
5 0.263281 0.750000 0.070312 0.112500
5 0.130469 0.759375 0.185938 0.203125
18 0.835156 0.730469 0.042188 0.089063
21 0.623437 0.762500 0.093750 0.109375
21 0.497656 0.739844 0.142187 0.067187
22 0.623437 0.762500 0.093750 0.109375
22 0.497656 0.739844 0.142187 0.067187