0 0.278125 0.580469 0.059375 0.045312
0 0.338281 0.574219 0.026562 0.042188
0 0.031250 0.575781 0.031250 0.067187
0 0.007812 0.575781 0.015625 0.067187
0 0.971094 0.561719 0.057813 0.079687
0 0.575781 0.571094 0.207813 0.135937
0 0.423438 0.556250 0.090625 0.115625
0 0.745313 0.567969 0.118750 0.142187
0 0.871094 0.563281 0.123438 0.148438
0 0.872656 0.400781 0.110937 0.182812
0 0.500000 0.270313 1.000000 0.540625
2 0.463281 0.668750 0.051562 0.034375
2 0.758594 0.665625 0.482812 0.059375
3 0.525000 0.584375 0.028125 0.018750
4 0.028906 0.547656 0.057813 0.142187
4 0.270313 0.385937 0.215625 0.328125
4 0.931250 0.440625 0.031250 0.462500
4 0.707812 0.386719 0.081250 0.589063
8 0.155469 0.570312 0.135937 0.196875
21 0.064844 0.655469 0.129688 0.095312
21 0.972656 0.614062 0.054688 0.056250
21 0.319531 0.727344 0.254688 0.298438
22 0.064844 0.655469 0.129688 0.095312
22 0.972656 0.614062 0.054688 0.056250
22 0.319531 0.727344 0.254688 0.298438