0 0.482031 0.530469 0.017188 0.042188
0 0.978125 0.514062 0.015625 0.053125
0 0.556250 0.516406 0.043750 0.070312
0 0.991406 0.495312 0.017188 0.078125
0 0.679688 0.504687 0.078125 0.100000
0 0.858594 0.475781 0.204687 0.151562
21 0.300000 0.558594 0.040625 0.035937
21 0.682031 0.552344 0.073438 0.032813
21 0.985156 0.550781 0.029687 0.032813
21 0.813281 0.553125 0.132812 0.040625
21 0.920312 0.547656 0.075000 0.032813
22 0.300000 0.558594 0.040625 0.035937
22 0.682031 0.552344 0.073438 0.032813
22 0.985156 0.550781 0.029687 0.032813
22 0.813281 0.553125 0.132812 0.040625
22 0.920312 0.547656 0.075000 0.032813