0 0.255469 0.493750 0.042188 0.090625
0 0.086719 0.538281 0.173437 0.239063
0 0.805469 0.405469 0.389062 0.176563
2 0.975000 0.968750 0.050000 0.062500
2 0.067969 0.723437 0.135937 0.115625
2 0.787500 0.805469 0.340625 0.389062
2 0.330469 0.572656 0.073438 0.045312
2 0.585938 0.560156 0.087500 0.051562
4 0.585156 0.253906 0.067187 0.370312
5 0.339844 0.539062 0.029687 0.040625
5 0.661719 0.541406 0.123438 0.060937
7 0.303906 0.547656 0.017188 0.048438
21 0.209375 0.611719 0.171875 0.170313
21 0.403125 0.527344 0.078125 0.073438
21 0.584375 0.496875 0.025000 0.040625
21 0.649219 0.490625 0.089063 0.037500
21 0.863281 0.474219 0.167187 0.095312
22 0.209375 0.611719 0.171875 0.170313
22 0.403125 0.527344 0.078125 0.073438
22 0.584375 0.496875 0.025000 0.040625
22 0.649219 0.490625 0.089063 0.037500
22 0.863281 0.474219 0.167187 0.095312