0 0.675000 0.551562 0.031250 0.093750
0 0.935156 0.525781 0.129688 0.123438
0 0.839844 0.392188 0.079687 0.087500
2 0.482031 0.867969 0.439063 0.264062
2 0.482031 0.687500 0.126562 0.053125
2 0.488281 0.632031 0.060937 0.020313
3 0.919531 0.435937 0.160938 0.081250
5 0.625781 0.663281 0.085938 0.054688
5 0.841406 0.744531 0.317188 0.276562
21 0.448437 0.605469 0.106250 0.026562
21 0.366406 0.606250 0.017188 0.031250
21 0.303906 0.609375 0.039062 0.037500
21 0.600781 0.610938 0.110937 0.065625
22 0.448437 0.605469 0.106250 0.026562
22 0.366406 0.606250 0.017188 0.031250
22 0.303906 0.609375 0.039062 0.037500
22 0.600781 0.610938 0.110937 0.065625