0 0.639844 0.478125 0.014063 0.040625
0 0.072656 0.434375 0.145313 0.065625
0 0.879687 0.367969 0.240625 0.223438
2 0.137500 0.589844 0.275000 0.095312
2 0.864844 0.567969 0.270313 0.060937
2 0.332813 0.517969 0.100000 0.017188
2 0.383594 0.503906 0.035937 0.023438
2 0.539062 0.461719 0.084375 0.095312
3 0.065625 0.514062 0.062500 0.062500
3 0.151562 0.503125 0.106250 0.068750
3 0.016406 0.506250 0.032813 0.078125
4 0.425000 0.381250 0.062500 0.121875
4 0.398438 0.363281 0.137500 0.317188
5 0.550781 0.478906 0.023438 0.026562