0 0.742188 0.587500 0.234375 0.096875
0 0.884375 0.575781 0.053125 0.110937
0 0.957812 0.578125 0.084375 0.121875
0 0.312500 0.404687 0.625000 0.550000
1 0.860938 0.429688 0.037500 0.034375
2 0.886719 0.763281 0.226562 0.120313
2 0.574219 0.665625 0.154688 0.009375
2 0.163281 0.671875 0.326562 0.056250
3 0.846094 0.710938 0.023438 0.100000
4 0.985156 0.532813 0.029687 0.146875
9 0.099219 0.640625 0.039062 0.040625
21 0.983594 0.653125 0.032813 0.037500
21 0.937500 0.646094 0.037500 0.026562
21 0.895312 0.642188 0.031250 0.037500
21 0.767188 0.644531 0.037500 0.042188
21 0.694531 0.639062 0.048438 0.040625
21 0.833594 0.637500 0.048438 0.040625
21 0.411719 0.632031 0.048438 0.029687
21 0.532813 0.630469 0.046875 0.029687
21 0.634375 0.634375 0.068750 0.040625
22 0.983594 0.653125 0.032813 0.037500
22 0.937500 0.646094 0.037500 0.026562
22 0.895312 0.642188 0.031250 0.037500
22 0.767188 0.644531 0.037500 0.042188
22 0.694531 0.639062 0.048438 0.040625
22 0.833594 0.637500 0.048438 0.040625
22 0.411719 0.632031 0.048438 0.029687
22 0.532813 0.630469 0.046875 0.029687
22 0.634375 0.634375 0.068750 0.040625