0 0.660156 0.603906 0.014063 0.039062
0 0.700781 0.594531 0.020313 0.032813
0 0.012500 0.584375 0.025000 0.140625
0 0.072656 0.575781 0.067187 0.154688
0 0.958594 0.523438 0.082812 0.234375
0 0.353125 0.514844 0.465625 0.273438
0 0.977344 0.348438 0.010937 0.071875
0 0.823438 0.284375 0.353125 0.568750
1 0.513281 0.104688 0.026562 0.046875
2 0.100000 0.691406 0.200000 0.067187
2 0.877344 0.659375 0.079687 0.009375
2 0.267969 0.658594 0.085938 0.035937
2 0.364844 0.643750 0.082812 0.025000
5 0.962500 0.649219 0.075000 0.017188
5 0.876563 0.647656 0.081250 0.017188
21 0.038281 0.867188 0.076563 0.265625
22 0.038281 0.867188 0.076563 0.265625