0 0.518750 0.680469 0.025000 0.057813
0 0.384375 0.678906 0.046875 0.107813
0 0.510938 0.621094 0.040625 0.035937
0 0.311719 0.655469 0.085938 0.126562
0 0.125781 0.659375 0.223438 0.159375
0 0.007812 0.653906 0.015625 0.176563
0 0.850000 0.614844 0.200000 0.170313
2 0.822656 0.728906 0.042188 0.017188
3 0.335156 0.719531 0.039062 0.042188
3 0.639062 0.696875 0.028125 0.028125
3 0.740625 0.694531 0.031250 0.026562
3 0.071094 0.711719 0.098437 0.067187
3 0.778906 0.694531 0.039062 0.035937
3 0.289062 0.711719 0.043750 0.070312
3 0.206250 0.707031 0.115625 0.089063
5 0.965625 0.728125 0.046875 0.028125
5 0.445312 0.702344 0.037500 0.045312
6 0.682031 0.684375 0.048438 0.081250
12 0.991406 0.889844 0.017188 0.064062
12 0.485938 0.885156 0.934375 0.070312
12 0.139844 0.793750 0.279687 0.059375
12 0.643750 0.750000 0.362500 0.006250
13 0.621875 0.673438 0.046875 0.034375
13 0.603906 0.635938 0.060937 0.025000
17 0.012500 0.899219 0.025000 0.201563
17 0.972656 0.882031 0.054688 0.235937
17 0.653125 0.719531 0.078125 0.045312
21 0.776563 0.725781 0.028125 0.020313
21 0.764844 0.702344 0.051562 0.023438
22 0.776563 0.725781 0.028125 0.020313
22 0.764844 0.702344 0.051562 0.023438