0 0.653906 0.575781 0.014063 0.045312
0 0.286719 0.553125 0.026562 0.043750
0 0.506250 0.579688 0.025000 0.109375
0 0.765625 0.557031 0.062500 0.126562
0 0.678125 0.535937 0.065625 0.171875
0 0.854688 0.523438 0.068750 0.187500
0 0.596094 0.514062 0.145313 0.240625
0 0.412500 0.424219 0.212500 0.420312
0 0.919531 0.379688 0.160938 0.450000
0 0.150000 0.329688 0.300000 0.659375
2 0.902344 0.637500 0.139063 0.015625
5 0.915625 0.621094 0.093750 0.017188
8 0.114844 0.641406 0.051562 0.073438
21 0.039844 0.663281 0.079687 0.045312
21 0.156250 0.645312 0.031250 0.021875
21 0.242969 0.656250 0.135937 0.046875
22 0.039844 0.663281 0.079687 0.045312
22 0.156250 0.645312 0.031250 0.021875
22 0.242969 0.656250 0.135937 0.046875