0 0.883594 0.707031 0.048438 0.032813
0 0.739062 0.693750 0.021875 0.075000
0 0.803906 0.692187 0.098437 0.075000
0 0.564844 0.671094 0.104688 0.057813
0 0.928906 0.675781 0.051562 0.089063
0 0.979688 0.659375 0.040625 0.118750
0 0.202344 0.628125 0.023438 0.096875
0 0.246875 0.595313 0.056250 0.053125
2 0.230469 0.826562 0.195312 0.062500
3 0.263281 0.792969 0.164062 0.079687
3 0.788281 0.779687 0.423438 0.125000
5 0.160938 0.821094 0.046875 0.026562
5 0.252344 0.718750 0.032813 0.043750
5 0.204687 0.703906 0.034375 0.064062
5 0.156250 0.695312 0.021875 0.087500
6 0.453125 0.733594 0.031250 0.032813
6 0.505469 0.714063 0.054688 0.040625
8 0.109375 0.603906 0.218750 0.792188
13 0.260156 0.555469 0.045312 0.039062
13 0.621875 0.592187 0.281250 0.203125
21 0.471875 0.846875 0.287500 0.240625
22 0.471875 0.846875 0.287500 0.240625