0 0.216406 0.710156 0.026562 0.020313
0 0.916406 0.582812 0.023438 0.093750
0 0.933594 0.575000 0.039062 0.093750
0 0.871875 0.585156 0.084375 0.120313
0 0.910156 0.420312 0.035937 0.056250
0 0.779687 0.338281 0.078125 0.095312
0 0.967969 0.450781 0.064062 0.342187
0 0.284375 0.404687 0.568750 0.809375
2 0.118750 0.818750 0.165625 0.046875
3 0.235156 0.773438 0.026562 0.046875
3 0.627344 0.691406 0.051562 0.048438
3 0.760156 0.679688 0.185938 0.065625
3 0.884375 0.661719 0.059375 0.039062
5 0.217188 0.746094 0.028125 0.054688
6 0.483594 0.724219 0.054688 0.070312
8 0.552344 0.704688 0.067187 0.056250
8 0.441406 0.699219 0.101562 0.104688
8 0.317969 0.695312 0.145313 0.221875
12 0.451562 0.766406 0.143750 0.017188
12 0.677344 0.751563 0.304688 0.021875
20 0.736719 0.632812 0.073438 0.056250
20 0.775000 0.528906 0.075000 0.245312
21 0.021094 0.875000 0.042188 0.106250
21 0.573438 0.716406 0.056250 0.057813
22 0.021094 0.875000 0.042188 0.106250
22 0.573438 0.716406 0.056250 0.057813