0 0.814844 0.307031 0.370312 0.614062
0 0.511719 0.225000 0.223438 0.450000
0 0.194531 0.225781 0.389062 0.451562
2 0.749219 0.621875 0.135937 0.062500
2 0.964063 0.592187 0.071875 0.021875
2 0.868750 0.578906 0.056250 0.017188
8 0.343750 0.567187 0.687500 0.265625
12 0.500000 0.796875 1.000000 0.100000
12 0.850781 0.620313 0.082812 0.015625
12 0.959375 0.617188 0.081250 0.015625
21 0.823438 0.560937 0.037500 0.043750
21 0.743750 0.550781 0.050000 0.035937
22 0.823438 0.560937 0.037500 0.043750
22 0.743750 0.550781 0.050000 0.035937