0 0.517188 0.475000 0.137500 0.084375
0 0.629687 0.237500 0.065625 0.153125
0 0.884375 0.168750 0.231250 0.275000
0 0.194531 0.292187 0.298438 0.581250
1 0.789062 0.289062 0.043750 0.053125
2 0.917969 0.655469 0.164062 0.092188
2 0.593750 0.584375 0.090625 0.050000
2 0.231250 0.639844 0.462500 0.170313
21 0.545312 0.546094 0.028125 0.026562
21 0.489844 0.545312 0.064062 0.028125
21 0.737500 0.558594 0.215625 0.217188
22 0.545312 0.546094 0.028125 0.026562
22 0.489844 0.545312 0.064062 0.028125
22 0.737500 0.558594 0.215625 0.217188