0 0.052344 0.727344 0.104688 0.070312
0 0.364063 0.690625 0.015625 0.053125
0 0.738281 0.659375 0.035937 0.021875
0 0.393750 0.670312 0.043750 0.100000
0 0.943750 0.471875 0.112500 0.293750
0 0.069531 0.338281 0.139063 0.676562
1 0.821094 0.150781 0.042188 0.035937
2 0.708594 0.833594 0.198437 0.120313
3 0.661719 0.727344 0.035937 0.048438
3 0.698438 0.727344 0.015625 0.060937
3 0.806250 0.731250 0.187500 0.087500
3 0.953125 0.706250 0.093750 0.078125
5 0.778906 0.784375 0.126562 0.050000
5 0.685156 0.736719 0.045312 0.095312
10 0.021094 0.761719 0.042188 0.048438
21 0.893750 0.869531 0.212500 0.260937
21 0.133594 0.761719 0.201563 0.073438
21 0.449219 0.728125 0.054688 0.021875
21 0.575000 0.754687 0.187500 0.106250
22 0.893750 0.869531 0.212500 0.260937
22 0.133594 0.761719 0.201563 0.073438
22 0.449219 0.728125 0.054688 0.021875
22 0.575000 0.754687 0.187500 0.106250