0 0.096094 0.618750 0.032813 0.037500
0 0.417187 0.614062 0.028125 0.043750
0 0.164062 0.609375 0.015625 0.040625
0 0.961719 0.611719 0.076563 0.098437
0 0.871094 0.595313 0.076563 0.065625
0 0.243750 0.593750 0.056250 0.075000
0 0.092969 0.571875 0.026562 0.046875
0 0.060156 0.581250 0.035937 0.075000
5 0.114844 0.694531 0.039062 0.070312
10 0.674219 0.728906 0.051562 0.070312
13 0.108594 0.536719 0.054688 0.035937
13 0.050781 0.521094 0.054688 0.051562
13 0.270313 0.520312 0.106250 0.109375
13 0.504687 0.526563 0.356250 0.146875
21 0.101562 0.651563 0.025000 0.021875
21 0.587500 0.670312 0.062500 0.062500
21 0.461719 0.657813 0.054688 0.040625
21 0.387500 0.648438 0.090625 0.106250
22 0.101562 0.651563 0.025000 0.021875
22 0.587500 0.670312 0.062500 0.062500
22 0.461719 0.657813 0.054688 0.040625
22 0.387500 0.648438 0.090625 0.106250