0 0.567969 0.709375 0.026562 0.025000
0 0.168750 0.690625 0.046875 0.031250
0 0.539844 0.663281 0.054688 0.017188
0 0.753125 0.656250 0.175000 0.171875
0 0.801562 0.566406 0.062500 0.035937
0 0.920312 0.632812 0.159375 0.228125
2 0.824219 0.769531 0.351562 0.054688
12 0.464062 0.871094 0.928125 0.064062
12 0.612500 0.783594 0.221875 0.014063
12 0.283594 0.775781 0.264062 0.010937
13 0.389844 0.675000 0.098437 0.031250
21 0.615625 0.735938 0.065625 0.078125
21 0.456250 0.744531 0.090625 0.101562
21 0.297656 0.707031 0.110937 0.032813
21 0.120313 0.735938 0.240625 0.284375
22 0.615625 0.735938 0.065625 0.078125
22 0.456250 0.744531 0.090625 0.101562
22 0.297656 0.707031 0.110937 0.032813
22 0.120313 0.735938 0.240625 0.284375