0 0.154688 0.533594 0.037500 0.048438
0 0.545312 0.514844 0.015625 0.048438
0 0.924219 0.401562 0.017188 0.053125
0 0.967969 0.440625 0.064062 0.156250
2 0.970313 0.620313 0.059375 0.040625
2 0.846875 0.595313 0.065625 0.037500
2 0.744531 0.577344 0.126562 0.042188
2 0.089063 0.567187 0.178125 0.028125
3 0.747656 0.510938 0.101562 0.043750
3 0.840625 0.504687 0.062500 0.037500
4 0.533594 0.495312 0.007812 0.096875
4 0.889844 0.336719 0.082812 0.673438
21 0.742969 0.515625 0.042188 0.031250
21 0.784375 0.511719 0.028125 0.029687
22 0.742969 0.515625 0.042188 0.031250
22 0.784375 0.511719 0.028125 0.029687