0 0.271094 0.627344 0.054688 0.032813
0 0.787500 0.602344 0.018750 0.095312
0 0.094531 0.575781 0.092188 0.060937
0 0.021875 0.570312 0.043750 0.096875
0 0.902344 0.567187 0.195312 0.171875
3 0.989844 0.620313 0.020313 0.053125
4 0.285156 0.560156 0.035937 0.101562
4 0.798438 0.542969 0.015625 0.220312
4 0.053906 0.505469 0.067187 0.176563
4 0.542188 0.483594 0.025000 0.164062
4 0.652344 0.292969 0.042188 0.320312
21 0.281250 0.645312 0.100000 0.031250
21 0.546094 0.624219 0.082812 0.042188
22 0.281250 0.645312 0.100000 0.031250
22 0.546094 0.624219 0.082812 0.042188