0 0.800781 0.703906 0.026562 0.035937
0 0.232031 0.697656 0.035937 0.079687
0 0.103125 0.679688 0.206250 0.106250
2 0.839063 0.848437 0.321875 0.140625
4 0.270313 0.647656 0.006250 0.176563
4 0.681250 0.615625 0.012500 0.287500
4 0.386719 0.578125 0.020313 0.225000
4 0.232813 0.457813 0.059375 0.590625
6 0.134375 0.717187 0.062500 0.065625
21 0.634375 0.783594 0.090625 0.107813
21 0.081250 0.723437 0.034375 0.053125
21 0.333594 0.767188 0.135937 0.178125
22 0.634375 0.783594 0.090625 0.107813
22 0.081250 0.723437 0.034375 0.053125
22 0.333594 0.767188 0.135937 0.178125