0 0.203906 0.321094 0.035937 0.045312
0 0.150000 0.327344 0.018750 0.057813
0 0.078125 0.314063 0.065625 0.075000
0 0.030469 0.300781 0.026562 0.073438
0 0.428125 0.285156 0.031250 0.082812
0 0.474219 0.267969 0.048438 0.157812
0 0.546094 0.200000 0.095312 0.250000
0 0.864844 0.137500 0.270313 0.275000
2 0.500000 0.669531 1.000000 0.660937
3 0.535156 0.345313 0.045312 0.059375
3 0.609375 0.341406 0.025000 0.070312
3 0.796094 0.350781 0.276562 0.170313
5 0.889844 0.471094 0.220312 0.107813
5 0.746094 0.425000 0.023438 0.028125
5 0.591406 0.329688 0.010937 0.043750
5 0.619531 0.351562 0.017188 0.100000
5 0.657031 0.351562 0.035937 0.112500
21 0.008594 0.367969 0.017188 0.035937
21 0.205469 0.348438 0.035937 0.018750
21 0.087500 0.355469 0.068750 0.032813
21 0.378125 0.350781 0.100000 0.079687
22 0.008594 0.367969 0.017188 0.035937
22 0.205469 0.348438 0.035937 0.018750
22 0.087500 0.355469 0.068750 0.032813
22 0.378125 0.350781 0.100000 0.079687