0 0.023438 0.605469 0.046875 0.042188
0 0.116406 0.410938 0.232813 0.200000
0 0.760938 0.500000 0.478125 1.000000
2 0.922656 0.934375 0.132812 0.131250
2 0.719531 0.840625 0.204687 0.318750
2 0.123438 0.669531 0.246875 0.120313
2 0.558594 0.621875 0.110937 0.109375
3 0.794531 0.852344 0.167187 0.295312
3 0.494531 0.658594 0.023438 0.085938
3 0.402344 0.622656 0.051562 0.017188
3 0.443750 0.630469 0.028125 0.035937
3 0.124219 0.632812 0.248438 0.118750
3 0.289062 0.636719 0.171875 0.154688
3 0.505469 0.557813 0.026562 0.037500
3 0.417969 0.548438 0.079687 0.018750
5 0.008594 0.673438 0.017188 0.037500
5 0.134375 0.635938 0.228125 0.115625
5 0.275781 0.585156 0.051562 0.042188
11 0.495312 0.696875 0.025000 0.096875
11 0.327344 0.640625 0.260937 0.181250
21 0.432031 0.673438 0.042188 0.050000
22 0.432031 0.673438 0.042188 0.050000