0 0.030469 0.633594 0.017188 0.060937
0 0.646094 0.609375 0.023438 0.059375
0 0.781250 0.570312 0.043750 0.062500
0 0.846875 0.567969 0.084375 0.082812
0 0.048438 0.578125 0.096875 0.187500
0 0.707031 0.557813 0.098437 0.159375
0 0.067187 0.428125 0.131250 0.121875
0 0.251563 0.517969 0.228125 0.310937
2 0.110937 0.757031 0.221875 0.089063
2 0.210938 0.689844 0.140625 0.017188
2 0.337500 0.673438 0.096875 0.034375
2 0.662500 0.662500 0.071875 0.015625
3 0.023438 0.689063 0.046875 0.050000
3 0.220312 0.671094 0.056250 0.026562
3 0.150781 0.667969 0.026562 0.023438
3 0.267969 0.667188 0.026562 0.025000
4 0.354687 0.560937 0.018750 0.234375
4 0.133594 0.528125 0.017188 0.371875
6 0.530469 0.597656 0.176563 0.289062
12 0.348438 0.719531 0.196875 0.026562
12 0.658594 0.700781 0.079687 0.014063
21 0.082812 0.686719 0.075000 0.051562
21 0.414844 0.655469 0.057813 0.054688
21 0.848437 0.697656 0.303125 0.198437
22 0.082812 0.686719 0.075000 0.051562
22 0.414844 0.655469 0.057813 0.054688
22 0.848437 0.697656 0.303125 0.198437