0 0.586719 0.740625 0.020313 0.037500
0 0.404687 0.720313 0.075000 0.031250
0 0.677344 0.693750 0.039062 0.031250
0 0.757812 0.698438 0.071875 0.059375
0 0.525781 0.670312 0.051562 0.056250
0 0.214844 0.637500 0.054688 0.050000
0 0.978125 0.660937 0.043750 0.153125
0 0.148438 0.584375 0.034375 0.040625
0 0.871094 0.660156 0.148438 0.204687
0 0.127344 0.539062 0.023438 0.053125
0 0.208594 0.578125 0.145313 0.140625
0 0.368750 0.573438 0.193750 0.231250
0 0.981250 0.456250 0.037500 0.043750
0 0.172656 0.468750 0.048438 0.075000
0 0.753125 0.435156 0.493750 0.526563
4 0.901563 0.697656 0.068750 0.129688
4 0.985156 0.681250 0.014063 0.100000
4 0.242969 0.665625 0.026562 0.196875
6 0.425781 0.750000 0.017188 0.031250
8 0.835156 0.743750 0.067187 0.034375
8 0.756250 0.742969 0.056250 0.032813
8 0.289844 0.729688 0.098437 0.075000
8 0.105469 0.682813 0.210938 0.287500
11 0.668750 0.730469 0.037500 0.051562
11 0.581250 0.711719 0.053125 0.026562
11 0.531250 0.707031 0.037500 0.023438
11 0.456250 0.699219 0.050000 0.023438
11 0.364063 0.695312 0.090625 0.025000
21 0.332031 0.763281 0.170313 0.082812
22 0.332031 0.763281 0.170313 0.082812