0 0.788281 0.582031 0.039062 0.060937
0 0.850000 0.573438 0.081250 0.087500
0 0.274219 0.564844 0.035937 0.095312
0 0.511719 0.515625 0.026562 0.043750
0 0.442969 0.514844 0.039062 0.095312
0 0.358594 0.528906 0.126562 0.157812
0 0.155469 0.537500 0.192188 0.200000
0 0.024219 0.568750 0.048438 0.281250
0 0.136719 0.414844 0.076563 0.095312
0 0.737500 0.432031 0.153125 0.220312
0 0.906250 0.343750 0.187500 0.687500
2 0.367969 0.605469 0.039062 0.032813
6 0.575781 0.577344 0.089063 0.170313
7 0.153906 0.712500 0.270313 0.259375
17 0.091406 0.810937 0.029687 0.106250
21 0.490625 0.619531 0.043750 0.060937
21 0.460938 0.581250 0.150000 0.078125
21 0.792969 0.686719 0.414062 0.295312
22 0.490625 0.619531 0.043750 0.060937
22 0.460938 0.581250 0.150000 0.078125
22 0.792969 0.686719 0.414062 0.295312