0 0.646094 0.621875 0.032813 0.046875
0 0.870313 0.610938 0.018750 0.031250
0 0.675000 0.617188 0.018750 0.046875
0 0.588281 0.617188 0.020313 0.065625
0 0.179688 0.630469 0.059375 0.095312
0 0.527344 0.614062 0.070312 0.081250
0 0.733594 0.585938 0.026562 0.046875
0 0.607812 0.597656 0.040625 0.101562
0 0.940625 0.560937 0.025000 0.034375
0 0.219531 0.608594 0.007812 0.139063
0 0.914062 0.554688 0.025000 0.062500
0 0.863281 0.431250 0.085938 0.228125
0 0.518750 0.389844 0.603125 0.573438
2 0.138281 0.723437 0.276562 0.056250
2 0.918750 0.678906 0.162500 0.032813
8 0.031250 0.635156 0.062500 0.079687
8 0.109375 0.636719 0.084375 0.098437
8 0.331250 0.614844 0.178125 0.120313
8 0.459375 0.604688 0.071875 0.115625
12 0.546094 0.694531 0.542188 0.029687
12 0.370312 0.680469 0.178125 0.035937
12 0.867188 0.656250 0.062500 0.037500
21 0.177344 0.669531 0.048438 0.026562
21 0.916406 0.614844 0.023438 0.020313
21 0.734375 0.619531 0.028125 0.029687
21 0.700781 0.621094 0.026562 0.032813
21 0.499219 0.632031 0.023438 0.060937
22 0.177344 0.669531 0.048438 0.026562
22 0.916406 0.614844 0.023438 0.020313
22 0.734375 0.619531 0.028125 0.029687
22 0.700781 0.621094 0.026562 0.032813
22 0.499219 0.632031 0.023438 0.060937