0 0.057031 0.869531 0.060937 0.035937
0 0.483594 0.760938 0.048438 0.043750
0 0.334375 0.761719 0.065625 0.085938
0 0.863281 0.734375 0.026562 0.056250
0 0.796094 0.730469 0.039062 0.051562
0 0.746094 0.723437 0.057813 0.046875
0 0.892188 0.723437 0.050000 0.081250
0 0.082031 0.747656 0.114062 0.157812
0 0.939844 0.672656 0.120313 0.223438
2 0.289844 0.976562 0.051562 0.046875
2 0.033594 0.942187 0.067187 0.115625
2 0.342969 0.862500 0.035937 0.025000
2 0.414844 0.879687 0.092188 0.071875
2 0.486719 0.795312 0.082812 0.037500
4 0.514062 0.778906 0.015625 0.048438
4 0.833594 0.727344 0.007812 0.085938
4 0.646094 0.581250 0.023438 0.106250
4 0.829688 0.559375 0.031250 0.128125
4 0.319531 0.435937 0.017188 0.043750
4 0.344531 0.353906 0.064062 0.076563
4 0.342969 0.279687 0.082812 0.171875
4 0.533594 0.426563 0.054688 0.503125
11 0.575781 0.696875 0.042188 0.128125
11 0.760938 0.698438 0.325000 0.150000
21 0.658594 0.762500 0.032813 0.028125
21 0.785937 0.763281 0.090625 0.032813
21 0.614062 0.770312 0.050000 0.053125
22 0.658594 0.762500 0.032813 0.028125
22 0.785937 0.763281 0.090625 0.032813
22 0.614062 0.770312 0.050000 0.053125