0 0.271875 0.663281 0.031250 0.051562
0 0.331250 0.641406 0.059375 0.076563
0 0.617969 0.627344 0.042188 0.070312
0 0.271094 0.621094 0.032813 0.064062
0 0.228125 0.635156 0.050000 0.104688
0 0.617969 0.575781 0.042188 0.045312
4 0.263281 0.636719 0.045312 0.154688
4 0.035937 0.566406 0.040625 0.285938
5 0.621094 0.733594 0.051562 0.029687
8 0.214844 0.743750 0.101562 0.075000
8 0.090625 0.747656 0.140625 0.104688
8 0.870313 0.668750 0.259375 0.343750
21 0.189062 0.765625 0.075000 0.062500
21 0.045312 0.776563 0.090625 0.103125
21 0.444531 0.800000 0.382812 0.290625
22 0.189062 0.765625 0.075000 0.062500
22 0.045312 0.776563 0.090625 0.103125
22 0.444531 0.800000 0.382812 0.290625