0 0.547656 0.631250 0.120313 0.028125
0 0.464062 0.558594 0.009375 0.085938
0 0.338281 0.573438 0.042188 0.140625
0 0.337500 0.420312 0.040625 0.065625
0 0.395313 0.532813 0.125000 0.334375
0 0.240625 0.496875 0.068750 0.268750
0 0.125000 0.375781 0.121875 0.079687
0 0.729688 0.364063 0.475000 0.471875
2 0.382812 0.921875 0.137500 0.156250
2 0.132812 0.917969 0.265625 0.164062
2 0.438281 0.700781 0.082812 0.073438
3 0.749219 0.614844 0.073438 0.023438
3 0.908594 0.617188 0.182812 0.078125
3 0.385937 0.640625 0.034375 0.143750
3 0.120313 0.640625 0.240625 0.656250
4 0.794531 0.536719 0.032813 0.129688
11 0.557813 0.620313 0.196875 0.053125
11 0.728125 0.605469 0.128125 0.026562
20 0.956250 0.533594 0.087500 0.101562
21 0.236719 0.653906 0.067187 0.082812
21 0.764062 0.716406 0.471875 0.232813
22 0.236719 0.653906 0.067187 0.082812
22 0.764062 0.716406 0.471875 0.232813