0 0.799219 0.494531 0.035937 0.029687
0 0.545312 0.486719 0.031250 0.026562
0 0.474219 0.467969 0.023438 0.039062
0 0.975000 0.477344 0.050000 0.067187
0 0.366406 0.453906 0.020313 0.048438
0 0.116406 0.447656 0.029687 0.039062
0 0.624219 0.460156 0.085938 0.073438
0 0.215625 0.448437 0.056250 0.050000
0 0.307812 0.447656 0.087500 0.060937
0 0.428906 0.446875 0.067187 0.071875
0 0.009375 0.456250 0.018750 0.121875
0 0.082812 0.469531 0.128125 0.214062
0 0.131250 0.296094 0.043750 0.032813
0 0.375000 0.335156 0.215625 0.120313
0 0.246094 0.150781 0.492188 0.301563
2 0.032813 0.587500 0.028125 0.034375
2 0.164062 0.598437 0.228125 0.109375
3 0.426563 0.496875 0.062500 0.034375
3 0.307031 0.484375 0.089063 0.021875
3 0.214844 0.478906 0.057813 0.017188
5 0.068750 0.661719 0.137500 0.101562
7 0.162500 0.528906 0.025000 0.042188
8 0.867188 0.492188 0.084375 0.031250
12 0.692969 0.603125 0.060937 0.028125
12 0.402344 0.583594 0.214062 0.035937
21 0.860938 0.610938 0.278125 0.225000
21 0.304688 0.501563 0.084375 0.037500
21 0.568750 0.584375 0.228125 0.212500
21 0.214062 0.495312 0.059375 0.034375
21 0.140625 0.486719 0.081250 0.045312
22 0.860938 0.610938 0.278125 0.225000
22 0.304688 0.501563 0.084375 0.037500
22 0.568750 0.584375 0.228125 0.212500
22 0.214062 0.495312 0.059375 0.034375
22 0.140625 0.486719 0.081250 0.045312