0 0.960156 0.528125 0.079687 0.059375
0 0.887500 0.514844 0.043750 0.045312
0 0.678125 0.507812 0.034375 0.031250
0 0.793750 0.507812 0.025000 0.040625
0 0.741406 0.507812 0.076563 0.040625
0 0.828906 0.505469 0.042188 0.045312
0 0.493750 0.481250 0.040625 0.040625
0 0.458594 0.475000 0.026562 0.028125
6 0.210938 0.467969 0.421875 0.670312
13 0.962500 0.506250 0.075000 0.034375
21 0.885938 0.537500 0.040625 0.018750
21 0.827344 0.534375 0.039062 0.015625
21 0.740625 0.524219 0.075000 0.020313
21 0.576562 0.563281 0.184375 0.210938
22 0.885938 0.537500 0.040625 0.018750
22 0.827344 0.534375 0.039062 0.015625
22 0.740625 0.524219 0.075000 0.020313
22 0.576562 0.563281 0.184375 0.210938