0 0.200781 0.403125 0.082812 0.034375
0 0.735156 0.363281 0.107813 0.032813
0 0.897656 0.353906 0.204687 0.054688
2 0.793750 0.535937 0.412500 0.153125
2 0.126562 0.475781 0.253125 0.051562
2 0.889062 0.472656 0.221875 0.051562
3 0.475781 0.421094 0.132812 0.023438
4 0.655469 0.380469 0.020313 0.173437
4 0.664844 0.060937 0.032813 0.121875
5 0.053125 0.430469 0.106250 0.042188
16 0.134375 0.442188 0.015625 0.053125
21 0.178906 0.424219 0.073438 0.035937
21 0.357812 0.418750 0.106250 0.043750
22 0.178906 0.424219 0.073438 0.035937
22 0.357812 0.418750 0.106250 0.043750