0 0.847656 0.657031 0.135937 0.067187
0 0.282031 0.656250 0.014063 0.071875
0 0.117969 0.656250 0.010937 0.075000
0 0.707031 0.661719 0.129688 0.089063
0 0.427344 0.635156 0.017188 0.042188
0 0.233594 0.657031 0.070312 0.089063
0 0.981250 0.639844 0.037500 0.073438
0 0.084375 0.639062 0.034375 0.112500
0 0.391406 0.612500 0.051562 0.100000
0 0.033594 0.623437 0.067187 0.143750
0 0.537500 0.615625 0.187500 0.159375
0 0.254688 0.606250 0.259375 0.178125
0 0.587500 0.451562 0.121875 0.162500
0 0.728125 0.176563 0.143750 0.353125
1 0.975781 0.053125 0.045312 0.103125
3 0.863281 0.703125 0.154688 0.040625
3 0.982812 0.692187 0.034375 0.034375
6 0.477344 0.665625 0.039062 0.021875
21 0.481250 0.714844 0.212500 0.154688
22 0.481250 0.714844 0.212500 0.154688