0 0.642969 0.511719 0.039062 0.035937
0 0.400000 0.475000 0.053125 0.021875
0 0.116406 0.458594 0.045312 0.020313
0 0.011719 0.439844 0.023438 0.042188
0 0.199219 0.432031 0.129688 0.085938
2 0.274219 0.654687 0.548438 0.131250
2 0.807813 0.553125 0.156250 0.028125
3 0.542969 0.544531 0.023438 0.098437
3 0.489844 0.545312 0.064062 0.115625
3 0.226562 0.568750 0.453125 0.218750
3 0.984375 0.463281 0.031250 0.070312
4 0.747656 0.489063 0.017188 0.146875
4 0.719531 0.478906 0.007812 0.132812
4 0.786719 0.428906 0.010937 0.164062
4 0.428125 0.396094 0.006250 0.179688
4 0.453906 0.450781 0.017188 0.310937
4 0.565625 0.384375 0.125000 0.431250
21 0.620313 0.576562 0.146875 0.112500
21 0.937500 0.714063 0.125000 0.475000
22 0.620313 0.576562 0.146875 0.112500
22 0.937500 0.714063 0.125000 0.475000