0 0.809375 0.605469 0.040625 0.042188
0 0.442188 0.588281 0.034375 0.067187
0 0.067187 0.593750 0.021875 0.109375
0 0.027344 0.557031 0.054688 0.114062
0 0.980469 0.428125 0.039062 0.065625
0 0.575000 0.503125 0.081250 0.268750
0 0.428125 0.454688 0.131250 0.175000
0 0.663281 0.500781 0.089063 0.282813
0 0.169531 0.412500 0.173437 0.440625
0 0.832031 0.398438 0.242188 0.456250
2 0.782813 0.725000 0.434375 0.171875
2 0.558594 0.644531 0.057813 0.014063
3 0.173437 0.693750 0.346875 0.128125
5 0.839844 0.637500 0.320312 0.206250
21 0.423438 0.628125 0.040625 0.034375
21 0.250781 0.629687 0.023438 0.037500
21 0.035156 0.640625 0.070312 0.059375
21 0.853906 0.616406 0.057813 0.017188
21 0.499219 0.632812 0.060937 0.056250
21 0.153125 0.632812 0.140625 0.059375
21 0.567969 0.617188 0.026562 0.031250
22 0.423438 0.628125 0.040625 0.034375
22 0.250781 0.629687 0.023438 0.037500
22 0.035156 0.640625 0.070312 0.059375
22 0.853906 0.616406 0.057813 0.017188
22 0.499219 0.632812 0.060937 0.056250
22 0.153125 0.632812 0.140625 0.059375
22 0.567969 0.617188 0.026562 0.031250