0 0.182812 0.436719 0.018750 0.057813
0 0.215625 0.421875 0.018750 0.075000
0 0.210938 0.242969 0.025000 0.057813
0 0.495312 0.162500 0.050000 0.050000
0 0.682813 0.103125 0.121875 0.206250
0 0.226562 0.210156 0.453125 0.420312
2 0.019531 0.679688 0.039062 0.043750
2 0.017969 0.638281 0.035937 0.026562
2 0.779687 0.646094 0.440625 0.264062
2 0.033594 0.500000 0.067187 0.021875
2 0.453906 0.491406 0.135937 0.070312
4 0.360938 0.396875 0.009375 0.068750
4 0.145313 0.378125 0.012500 0.190625
4 0.277344 0.330469 0.042188 0.107813
4 0.617969 0.253125 0.029687 0.278125
4 0.686719 0.230469 0.045312 0.235937
4 0.411719 0.257031 0.048438 0.320312
4 0.322656 0.211719 0.092188 0.235937
5 0.984375 0.473438 0.031250 0.031250
5 0.737500 0.325000 0.028125 0.056250
5 0.792188 0.313281 0.021875 0.048438
5 0.865625 0.399219 0.118750 0.264062
5 0.982812 0.366406 0.034375 0.207813
6 0.581250 0.340625 0.034375 0.062500
6 0.534375 0.345313 0.028125 0.071875
21 0.107031 0.573438 0.148438 0.246875
21 0.344531 0.514062 0.117188 0.168750
21 0.300781 0.425000 0.042188 0.025000
21 0.553906 0.397656 0.067187 0.060937
21 0.636719 0.341406 0.020313 0.035937
21 0.715625 0.336719 0.025000 0.045312
22 0.107031 0.573438 0.148438 0.246875
22 0.344531 0.514062 0.117188 0.168750
22 0.300781 0.425000 0.042188 0.025000
22 0.553906 0.397656 0.067187 0.060937
22 0.636719 0.341406 0.020313 0.035937
22 0.715625 0.336719 0.025000 0.045312