0 0.759375 0.435156 0.275000 0.273438
2 0.756250 0.716406 0.487500 0.145313
4 0.125781 0.442969 0.064062 0.414062
5 0.484375 0.622656 0.037500 0.026562
5 0.519531 0.621094 0.023438 0.029687
5 0.609375 0.615625 0.115625 0.040625
5 0.723437 0.610156 0.093750 0.035937
5 0.981250 0.596875 0.037500 0.028125
21 0.381250 0.628125 0.068750 0.031250
21 0.270313 0.615625 0.153125 0.100000
21 0.854688 0.582812 0.221875 0.081250
22 0.381250 0.628125 0.068750 0.031250
22 0.270313 0.615625 0.153125 0.100000
22 0.854688 0.582812 0.221875 0.081250