0 0.373437 0.550000 0.043750 0.037500
0 0.531250 0.517188 0.050000 0.050000
0 0.652344 0.559375 0.139063 0.143750
0 0.628906 0.430469 0.082812 0.095312
0 0.864062 0.368750 0.271875 0.737500
0 0.439844 0.277344 0.201563 0.554688
0 0.165625 0.289062 0.331250 0.578125
1 0.392188 0.336719 0.040625 0.020313
2 0.500000 0.789844 1.000000 0.420312
3 0.042188 0.753906 0.084375 0.204687
3 0.182812 0.712500 0.071875 0.162500
3 0.285938 0.649219 0.084375 0.070312
3 0.076563 0.579688 0.153125 0.031250
3 0.440625 0.561719 0.106250 0.017188
5 0.046094 0.596094 0.092188 0.014063
5 0.164062 0.584375 0.062500 0.015625
8 0.545312 0.546875 0.053125 0.040625
9 0.325781 0.708594 0.164062 0.145313
21 0.217188 0.575000 0.046875 0.025000
22 0.217188 0.575000 0.046875 0.025000