0 0.582031 0.668750 0.032813 0.068750
0 0.650000 0.665625 0.100000 0.071875
2 0.832812 0.881250 0.334375 0.203125
2 0.867969 0.821875 0.264062 0.093750
2 0.602344 0.740625 0.064062 0.021875
3 0.978906 0.732031 0.042188 0.020313
3 0.904687 0.736719 0.103125 0.035937
3 0.770312 0.730469 0.046875 0.029687
6 0.145313 0.673438 0.290625 0.284375
20 0.399219 0.696094 0.089063 0.160938
21 0.480469 0.742969 0.039062 0.057813
21 0.448437 0.725000 0.021875 0.037500
22 0.480469 0.742969 0.039062 0.057813
22 0.448437 0.725000 0.021875 0.037500