0 0.749219 0.746875 0.026562 0.062500
0 0.707812 0.730469 0.018750 0.054688
0 0.964063 0.740625 0.071875 0.093750
0 0.839063 0.742969 0.125000 0.098437
0 0.269531 0.706250 0.098437 0.062500
0 0.673438 0.704688 0.040625 0.090625
0 0.037500 0.675781 0.040625 0.035937
0 0.571875 0.659375 0.053125 0.075000
0 0.121094 0.637500 0.104688 0.087500
1 0.810937 0.192969 0.040625 0.020313
2 0.875781 0.814063 0.248438 0.062500
2 0.714844 0.785156 0.085938 0.014063
4 0.064844 0.573438 0.017188 0.218750
4 0.915625 0.166406 0.168750 0.332813
6 0.421875 0.742969 0.040625 0.039062
21 0.679688 0.767188 0.031250 0.025000
21 0.649219 0.767188 0.026562 0.025000
21 0.486719 0.764062 0.151562 0.068750
21 0.200781 0.810937 0.401562 0.184375
22 0.679688 0.767188 0.031250 0.025000
22 0.649219 0.767188 0.026562 0.025000
22 0.486719 0.764062 0.151562 0.068750
22 0.200781 0.810937 0.401562 0.184375