0 0.062500 0.496094 0.125000 0.167187
0 0.110156 0.260156 0.045312 0.279687
0 0.570312 0.500000 0.859375 1.000000
2 0.582031 0.820312 0.323437 0.359375
2 0.576562 0.576562 0.121875 0.012500
4 0.187500 0.212500 0.125000 0.425000
6 0.233594 0.518750 0.289062 0.234375
17 0.046875 0.629687 0.025000 0.053125
21 0.135156 0.936719 0.270313 0.126562
21 0.042188 0.571875 0.084375 0.075000
21 0.306250 0.703125 0.462500 0.390625
22 0.135156 0.936719 0.270313 0.126562
22 0.042188 0.571875 0.084375 0.075000
22 0.306250 0.703125 0.462500 0.390625