0 0.839844 0.559375 0.073438 0.021875
0 0.084375 0.385937 0.168750 0.300000
4 0.722656 0.473438 0.026562 0.162500
4 0.688281 0.467187 0.029687 0.175000
21 0.307812 0.610938 0.068750 0.046875
21 0.066406 0.621875 0.092188 0.071875
21 0.532813 0.604688 0.053125 0.071875
21 0.617969 0.588281 0.032813 0.067187
21 0.692969 0.565625 0.114062 0.034375
22 0.307812 0.610938 0.068750 0.046875
22 0.066406 0.621875 0.092188 0.071875
22 0.532813 0.604688 0.053125 0.071875
22 0.617969 0.588281 0.032813 0.067187
22 0.692969 0.565625 0.114062 0.034375