0 0.759375 0.607031 0.015625 0.057813
0 0.542188 0.607812 0.075000 0.075000
0 0.723437 0.571094 0.056250 0.129688
0 0.123438 0.535156 0.056250 0.079687
0 0.602344 0.568750 0.045312 0.150000
0 0.137500 0.465625 0.040625 0.062500
0 0.059375 0.476562 0.075000 0.100000
0 0.878125 0.516406 0.218750 0.239063
0 0.660937 0.518750 0.075000 0.246875
0 0.332813 0.426563 0.365625 0.343750
0 0.639844 0.317188 0.176563 0.153125
2 0.064844 0.947656 0.129688 0.104688
3 0.473438 0.698438 0.034375 0.068750
3 0.720313 0.687500 0.015625 0.059375
3 0.428906 0.696875 0.048438 0.090625
3 0.534375 0.667188 0.090625 0.046875
3 0.649219 0.678125 0.129688 0.081250
3 0.741406 0.676562 0.029687 0.081250
3 0.803125 0.673438 0.093750 0.081250
5 0.853906 0.668750 0.026562 0.081250
5 0.073438 0.657813 0.140625 0.168750
5 0.182812 0.683594 0.084375 0.226562
21 0.583594 0.699219 0.189062 0.089063
21 0.943750 0.665625 0.112500 0.090625
22 0.583594 0.699219 0.189062 0.089063
22 0.943750 0.665625 0.112500 0.090625