0 0.014844 0.700781 0.029687 0.110937
0 0.185938 0.588281 0.034375 0.026562
0 0.286719 0.652344 0.410938 0.195312
0 0.888281 0.635938 0.223438 0.259375
0 0.602344 0.546094 0.135937 0.348438
2 0.861719 0.893750 0.276562 0.212500
2 0.156250 0.831250 0.312500 0.131250
2 0.372656 0.767188 0.110937 0.050000
2 0.760156 0.747656 0.260937 0.042188
21 0.749219 0.718750 0.064062 0.059375
21 0.929688 0.735938 0.140625 0.115625
21 0.596094 0.715625 0.057813 0.075000
21 0.494531 0.735156 0.132812 0.114062
22 0.749219 0.718750 0.064062 0.059375
22 0.929688 0.735938 0.140625 0.115625
22 0.596094 0.715625 0.057813 0.075000
22 0.494531 0.735156 0.132812 0.114062