0 0.810937 0.743750 0.125000 0.075000
0 0.696094 0.632812 0.273438 0.296875
0 0.957812 0.457031 0.084375 0.467187
0 0.282031 0.382812 0.564063 0.765625
3 0.278906 0.762500 0.557813 0.071875
6 0.892188 0.721875 0.043750 0.028125
21 0.726562 0.784375 0.040625 0.037500
21 0.797656 0.780469 0.045312 0.042188
21 0.634375 0.785156 0.078125 0.092188
21 0.963281 0.696094 0.073438 0.042188
22 0.726562 0.784375 0.040625 0.037500
22 0.797656 0.780469 0.045312 0.042188
22 0.634375 0.785156 0.078125 0.092188
22 0.963281 0.696094 0.073438 0.042188