0 0.353125 0.523438 0.040625 0.046875
0 0.257031 0.445312 0.282813 0.250000
0 0.721094 0.278906 0.557813 0.557813
0 0.052344 0.320312 0.104688 0.640625
2 0.185938 0.655469 0.371875 0.120313
18 0.686719 0.487500 0.017188 0.043750
20 0.200781 0.590625 0.026562 0.040625
21 0.096875 0.600781 0.021875 0.073438
21 0.148438 0.593750 0.037500 0.081250
21 0.119531 0.588281 0.014063 0.070312
21 0.247656 0.580469 0.089063 0.067187
21 0.646094 0.566406 0.707812 0.164062
22 0.096875 0.600781 0.021875 0.073438
22 0.148438 0.593750 0.037500 0.081250
22 0.119531 0.588281 0.014063 0.070312
22 0.247656 0.580469 0.089063 0.067187
22 0.646094 0.566406 0.707812 0.164062