0 0.865625 0.412500 0.268750 0.296875
2 0.067187 0.709375 0.134375 0.106250
2 0.263281 0.621094 0.082812 0.057813
2 0.375000 0.576562 0.031250 0.025000
2 0.442188 0.559375 0.043750 0.040625
4 0.679688 0.449219 0.062500 0.210938
4 0.708594 0.378125 0.048438 0.321875
4 0.403906 0.267969 0.067187 0.417187
5 0.130469 0.586719 0.260937 0.095312
5 0.812500 0.541406 0.021875 0.032813
5 0.349219 0.524219 0.204687 0.082812
6 0.514844 0.479687 0.129688 0.225000
21 0.876563 0.538281 0.075000 0.048438
21 0.577344 0.584375 0.217188 0.218750
22 0.876563 0.538281 0.075000 0.048438
22 0.577344 0.584375 0.217188 0.218750