0 0.076563 0.888281 0.031250 0.048438
0 0.916406 0.871094 0.054688 0.035937
0 0.735156 0.860156 0.035937 0.054688
0 0.021875 0.869531 0.043750 0.089063
0 0.170313 0.834375 0.078125 0.096875
0 0.820312 0.815625 0.106250 0.121875
0 0.042969 0.769531 0.085938 0.064062
0 0.624219 0.773438 0.042188 0.078125
0 0.561719 0.760938 0.051562 0.100000
0 0.834375 0.718750 0.059375 0.018750
0 0.507031 0.756250 0.045312 0.100000
0 0.939063 0.789062 0.121875 0.200000
3 0.992188 0.910156 0.015625 0.042188
3 0.964844 0.909375 0.014063 0.043750
3 0.932031 0.908594 0.023438 0.045312
3 0.160938 0.900000 0.021875 0.034375
3 0.100781 0.899219 0.020313 0.032813
3 0.735938 0.904687 0.037500 0.046875
3 0.814063 0.901563 0.053125 0.050000
3 0.660937 0.903906 0.056250 0.054688
4 0.410938 0.714844 0.050000 0.164062
4 0.537500 0.688281 0.018750 0.239063
4 0.872656 0.699219 0.048438 0.548438
8 0.639844 0.850781 0.070312 0.079687
21 0.845313 0.913281 0.068750 0.057813
21 0.912500 0.912500 0.043750 0.059375
21 0.466406 0.889062 0.492188 0.221875
22 0.845313 0.913281 0.068750 0.057813
22 0.912500 0.912500 0.043750 0.059375
22 0.466406 0.889062 0.492188 0.221875