0 0.939063 0.909375 0.121875 0.040625
0 0.797656 0.885938 0.104688 0.031250
0 0.699219 0.868750 0.060937 0.021875
0 0.616406 0.853906 0.079687 0.023438
0 0.157031 0.772656 0.032813 0.042188
0 0.428906 0.764062 0.026562 0.034375
0 0.457031 0.758594 0.023438 0.042188
0 0.328125 0.721875 0.025000 0.046875
0 0.073438 0.730469 0.071875 0.073438
0 0.270313 0.679688 0.021875 0.037500
0 0.425000 0.682031 0.037500 0.098437
0 0.083594 0.646875 0.064062 0.043750
0 0.750781 0.384375 0.498437 0.768750
2 0.692187 0.909375 0.615625 0.181250
3 0.696094 0.791406 0.607812 0.245312
5 0.669531 0.910156 0.589063 0.179688
8 0.342969 0.790625 0.035937 0.056250
21 0.345313 0.812500 0.031250 0.034375
21 0.164062 0.846094 0.328125 0.217188
22 0.345313 0.812500 0.031250 0.034375
22 0.164062 0.846094 0.328125 0.217188