0 0.527344 0.803125 0.029687 0.021875
0 0.092969 0.782813 0.089063 0.059375
0 0.027344 0.764062 0.039062 0.031250
0 0.848437 0.682813 0.303125 0.268750
1 0.682813 0.492188 0.028125 0.050000
2 0.827344 0.909375 0.345313 0.090625
4 0.224219 0.665625 0.048438 0.237500
18 0.245312 0.767969 0.031250 0.026562
21 0.410938 0.825781 0.046875 0.048438
21 0.275000 0.815625 0.043750 0.034375
21 0.212500 0.812500 0.068750 0.059375
21 0.550000 0.841406 0.212500 0.132812
21 0.085938 0.793750 0.156250 0.046875
22 0.410938 0.825781 0.046875 0.048438
22 0.275000 0.815625 0.043750 0.034375
22 0.212500 0.812500 0.068750 0.059375
22 0.550000 0.841406 0.212500 0.132812
22 0.085938 0.793750 0.156250 0.046875