0 0.726562 0.582812 0.018750 0.056250
0 0.780469 0.514062 0.020313 0.037500
0 0.634375 0.139063 0.034375 0.040625
0 0.842969 0.341406 0.314063 0.682813
0 0.419531 0.146875 0.514062 0.293750
2 0.109375 0.771875 0.218750 0.281250
2 0.592969 0.522656 0.092188 0.032813
2 0.353125 0.489063 0.225000 0.053125
2 0.187500 0.462500 0.056250 0.028125
2 0.104688 0.444531 0.106250 0.045312
2 0.021875 0.433594 0.043750 0.032813
3 0.074219 0.249219 0.032813 0.042188
5 0.658594 0.446094 0.039062 0.017188
5 0.262500 0.408594 0.418750 0.173437
5 0.632812 0.367969 0.200000 0.148438
5 0.025000 0.339844 0.046875 0.157812
5 0.340625 0.327344 0.371875 0.139063
5 0.066406 0.280469 0.020313 0.070312
9 0.974219 0.689844 0.051562 0.173437
9 0.806250 0.591406 0.100000 0.201563
9 0.646094 0.510938 0.048438 0.115625
9 0.200000 0.428906 0.100000 0.117188
18 0.095312 0.278125 0.040625 0.078125
21 0.019531 0.372656 0.039062 0.129688
22 0.019531 0.372656 0.039062 0.129688