0 0.194531 0.503125 0.042188 0.040625
0 0.259375 0.485938 0.081250 0.062500
0 0.150781 0.491406 0.042188 0.073438
0 0.739062 0.440625 0.075000 0.046875
0 0.971875 0.432812 0.056250 0.050000
0 0.029687 0.477344 0.059375 0.139063
0 0.676562 0.400781 0.040625 0.048438
0 0.906250 0.231250 0.187500 0.253125
0 0.382812 0.246094 0.546875 0.492188
0 0.057813 0.268750 0.115625 0.537500
1 0.132031 0.050000 0.020313 0.043750
1 0.113281 0.023438 0.023438 0.037500
1 0.073438 0.031250 0.028125 0.053125
2 0.030469 0.563281 0.060937 0.042188
2 0.088281 0.556250 0.045312 0.037500
2 0.196875 0.532031 0.040625 0.029687
2 0.205469 0.545312 0.239063 0.090625
2 0.908594 0.492188 0.182812 0.021875
2 0.985156 0.475000 0.029687 0.031250
2 0.954688 0.470313 0.025000 0.025000
5 0.424219 0.494531 0.070312 0.029687
5 0.729688 0.468750 0.075000 0.025000