0 0.350000 0.750000 0.050000 0.031250
0 0.643750 0.717969 0.025000 0.064062
0 0.282031 0.713281 0.035937 0.076563
0 0.249219 0.709375 0.026562 0.084375
0 0.672656 0.703125 0.032813 0.096875
0 0.718750 0.652344 0.053125 0.029687
4 0.767188 0.702344 0.021875 0.098437
4 0.653125 0.678125 0.015625 0.150000
4 0.748437 0.670312 0.012500 0.162500
13 0.490625 0.715625 0.059375 0.018750
21 0.485156 0.746875 0.032813 0.034375
21 0.126562 0.831250 0.253125 0.306250
22 0.485156 0.746875 0.032813 0.034375
22 0.126562 0.831250 0.253125 0.306250