0 0.770312 0.565625 0.034375 0.031250
0 0.064062 0.550000 0.037500 0.018750
0 0.123438 0.548438 0.037500 0.034375
0 0.435156 0.531250 0.035937 0.034375
0 0.920312 0.445312 0.159375 0.243750
0 0.185156 0.260937 0.048438 0.059375
0 0.142187 0.232813 0.050000 0.084375
2 0.014844 0.676562 0.029687 0.037500
2 0.214062 0.635156 0.050000 0.026562
2 0.959375 0.609375 0.081250 0.012500
3 0.965625 0.585938 0.068750 0.040625
4 0.379688 0.497656 0.006250 0.198437
4 0.171094 0.392969 0.070312 0.457813
5 0.225781 0.584375 0.073438 0.059375
5 0.433594 0.564063 0.054688 0.037500
5 0.020313 0.603125 0.040625 0.115625
5 0.321875 0.574219 0.112500 0.060937
20 0.624219 0.718750 0.051562 0.125000
20 0.425781 0.595313 0.035937 0.065625
20 0.299219 0.635156 0.132812 0.148438
20 0.899219 0.585156 0.017188 0.054688
20 0.503125 0.596094 0.078125 0.076563
20 0.742188 0.687500 0.146875 0.275000
21 0.986719 0.729688 0.026562 0.112500
21 0.507812 0.660937 0.046875 0.096875
21 0.586719 0.635938 0.092188 0.143750
21 0.829688 0.575781 0.084375 0.054688
22 0.986719 0.729688 0.026562 0.112500
22 0.507812 0.660937 0.046875 0.096875
22 0.586719 0.635938 0.092188 0.143750
22 0.829688 0.575781 0.084375 0.054688