0 0.786719 0.510156 0.273438 0.101562
0 0.985938 0.460938 0.028125 0.046875
3 0.253125 0.482812 0.175000 0.237500
5 0.567187 0.620313 0.031250 0.028125
5 0.622656 0.609375 0.070312 0.040625
5 0.830469 0.578906 0.339062 0.114062
5 0.174219 0.539844 0.348438 0.329688
11 0.500000 0.233594 1.000000 0.467187
21 0.444531 0.635938 0.026562 0.025000
21 0.744531 0.694531 0.201563 0.160938
21 0.365625 0.637500 0.043750 0.050000
21 0.817969 0.621875 0.029687 0.021875
22 0.444531 0.635938 0.026562 0.025000
22 0.744531 0.694531 0.201563 0.160938
22 0.365625 0.637500 0.043750 0.050000
22 0.817969 0.621875 0.029687 0.021875