0 0.489063 0.606250 0.087500 0.118750
0 0.421094 0.596875 0.054688 0.106250
0 0.383594 0.592187 0.020313 0.100000
0 0.984375 0.610156 0.031250 0.239063
0 0.984375 0.451562 0.031250 0.059375
0 0.452344 0.442969 0.142187 0.214062
0 0.786719 0.485938 0.426563 0.493750
0 0.195312 0.345313 0.390625 0.690625
2 0.939844 0.763281 0.057813 0.054688
2 0.180469 0.717969 0.260937 0.064062
5 0.415625 0.662500 0.050000 0.018750
5 0.367969 0.660156 0.039062 0.023438
5 0.331250 0.657813 0.031250 0.021875
7 0.271875 0.681250 0.043750 0.062500
21 0.982812 0.858594 0.034375 0.282813
21 0.544531 0.757031 0.198437 0.217188
21 0.417187 0.651563 0.050000 0.018750
21 0.253125 0.641406 0.028125 0.023438
21 0.798438 0.753125 0.237500 0.256250
22 0.982812 0.858594 0.034375 0.282813
22 0.544531 0.757031 0.198437 0.217188
22 0.417187 0.651563 0.050000 0.018750
22 0.253125 0.641406 0.028125 0.023438
22 0.798438 0.753125 0.237500 0.256250