0 0.257812 0.688281 0.059375 0.051562
0 0.954688 0.657031 0.090625 0.079687
0 0.773438 0.654687 0.234375 0.131250
2 0.939063 0.780469 0.121875 0.039062
3 0.830469 0.709375 0.082812 0.021875
3 0.115625 0.703906 0.037500 0.020313
3 0.060156 0.685937 0.076563 0.012500
5 0.814844 0.727344 0.107813 0.017188
5 0.060156 0.699219 0.076563 0.017188
13 0.169531 0.657813 0.048438 0.031250
13 0.255469 0.653906 0.054688 0.026562
13 0.217188 0.653906 0.021875 0.026562
13 0.375781 0.654687 0.151562 0.046875
21 0.676562 0.726562 0.031250 0.034375
21 0.728125 0.724219 0.068750 0.042188
21 0.396094 0.710938 0.123438 0.025000
21 0.021875 0.717969 0.043750 0.045312
21 0.306250 0.707812 0.050000 0.037500
22 0.676562 0.726562 0.031250 0.034375
22 0.728125 0.724219 0.068750 0.042188
22 0.396094 0.710938 0.123438 0.025000
22 0.021875 0.717969 0.043750 0.045312
22 0.306250 0.707812 0.050000 0.037500