0 0.739844 0.384375 0.042188 0.037500
0 0.387500 0.294531 0.034375 0.051562
0 0.389844 0.237500 0.039062 0.050000
0 0.390625 0.191406 0.037500 0.107813
0 0.537500 0.263281 0.215625 0.270313
0 0.180469 0.220312 0.360938 0.440625
1 0.785156 0.108594 0.039062 0.020313
2 0.297656 0.860156 0.595313 0.279687
3 0.839063 0.854688 0.321875 0.290625
3 0.626563 0.844531 0.065625 0.310937
3 0.864844 0.435156 0.217188 0.067187
3 0.451562 0.392188 0.162500 0.043750
3 0.192188 0.436719 0.384375 0.157812
4 0.157812 0.256250 0.062500 0.378125
5 0.048438 0.403906 0.096875 0.073438
5 0.107031 0.403906 0.007812 0.076563