0 0.471094 0.408594 0.035937 0.045312
0 0.096094 0.369531 0.107813 0.039062
0 0.960938 0.407813 0.056250 0.128125
0 0.308594 0.343750 0.051562 0.053125
0 0.139063 0.318750 0.034375 0.046875
0 0.872656 0.330469 0.026562 0.073438
0 0.678125 0.344531 0.328125 0.304688
1 0.932813 0.246094 0.021875 0.035937
1 0.956250 0.211719 0.031250 0.035937
3 0.454688 0.491406 0.031250 0.023438
3 0.514062 0.508594 0.071875 0.060937
3 0.598437 0.510156 0.084375 0.067187
3 0.689844 0.502344 0.092188 0.057813
4 0.992188 0.433594 0.012500 0.173437
4 0.945312 0.164062 0.084375 0.328125
4 0.858594 0.186719 0.035937 0.373437
21 0.074219 0.555469 0.145313 0.354687
21 0.353906 0.548438 0.185938 0.356250
22 0.074219 0.555469 0.145313 0.354687
22 0.353906 0.548438 0.185938 0.356250