0 0.795312 0.565625 0.015625 0.043750
0 0.559375 0.564063 0.018750 0.050000
0 0.515625 0.554688 0.037500 0.075000
0 0.701562 0.551562 0.046875 0.075000
0 0.767188 0.547656 0.025000 0.085938
0 0.950000 0.530469 0.031250 0.076563
0 0.894531 0.495312 0.039062 0.031250
0 0.825781 0.492188 0.035937 0.031250
0 0.750000 0.523438 0.037500 0.096875
0 0.942969 0.445312 0.114062 0.062500
0 0.626563 0.475781 0.106250 0.157812
0 0.239844 0.393750 0.479687 0.518750
3 0.688281 0.603906 0.060937 0.023438
3 0.280469 0.654687 0.560937 0.128125
3 0.862500 0.590625 0.106250 0.031250
3 0.661719 0.582812 0.035937 0.018750
6 0.967187 0.571875 0.065625 0.084375
21 0.271094 0.628125 0.067187 0.012500
21 0.136719 0.634375 0.104688 0.028125
21 0.416406 0.612500 0.067187 0.018750
21 0.653125 0.608594 0.243750 0.073438
22 0.271094 0.628125 0.067187 0.012500
22 0.136719 0.634375 0.104688 0.028125
22 0.416406 0.612500 0.067187 0.018750
22 0.653125 0.608594 0.243750 0.073438