0 0.874219 0.510938 0.010937 0.084375
0 0.384375 0.450000 0.031250 0.028125
0 0.431250 0.442969 0.034375 0.082812
0 0.614062 0.410156 0.015625 0.076563
0 0.941406 0.389062 0.060937 0.137500
0 0.873437 0.391406 0.012500 0.145313
0 0.821875 0.387500 0.056250 0.218750
0 0.980469 0.296094 0.023438 0.060937
0 0.482812 0.357812 0.028125 0.265625
0 0.632812 0.337500 0.275000 0.343750
0 0.603906 0.150781 0.114062 0.076563
3 0.639062 0.500781 0.028125 0.020313
3 0.823438 0.502344 0.053125 0.098437
5 0.903125 0.550000 0.031250 0.031250
7 0.845313 0.554688 0.040625 0.118750
8 0.214062 0.466406 0.050000 0.042188
8 0.102344 0.456250 0.017188 0.056250
8 0.052344 0.450781 0.082812 0.067187
9 0.581250 0.612500 0.050000 0.140625
9 0.672656 0.525000 0.023438 0.037500
9 0.140625 0.496094 0.031250 0.045312
9 0.017188 0.479687 0.034375 0.037500
13 0.475000 0.361719 0.012500 0.092188
13 0.233594 0.363281 0.467187 0.182812
15 0.476562 0.507812 0.065625 0.090625
15 0.528906 0.508594 0.026562 0.098437
15 0.181250 0.463281 0.021875 0.039062
15 0.145313 0.478906 0.021875 0.070312
15 0.582812 0.527344 0.068750 0.245312