0 0.712500 0.528125 0.025000 0.087500
0 0.654687 0.521094 0.087500 0.089063
0 0.755469 0.526563 0.054688 0.103125
0 0.378125 0.467969 0.031250 0.054688
0 0.253125 0.464062 0.165625 0.096875
0 0.078125 0.480469 0.156250 0.232813
0 0.528125 0.391406 0.125000 0.173437
2 0.166406 0.662500 0.332813 0.234375
4 0.164844 0.314063 0.029687 0.196875
4 0.023438 0.196094 0.046875 0.260937
6 0.540625 0.528125 0.171875 0.215625
21 0.389062 0.595313 0.143750 0.146875
21 0.819531 0.752344 0.360938 0.495312
22 0.389062 0.595313 0.143750 0.146875
22 0.819531 0.752344 0.360938 0.495312