0 0.566406 0.642188 0.045312 0.021875
0 0.500781 0.642188 0.073438 0.025000
0 0.753906 0.636719 0.045312 0.020313
0 0.343750 0.634375 0.121875 0.028125
0 0.835156 0.032813 0.051562 0.065625
0 0.393750 0.292969 0.787500 0.585938
2 0.443750 0.653125 0.443750 0.040625
2 0.053125 0.664844 0.106250 0.067187
3 0.110156 0.608594 0.073438 0.039062
3 0.722656 0.608594 0.145313 0.042188
3 0.621875 0.620313 0.025000 0.065625
3 0.600000 0.610156 0.015625 0.045312
3 0.565625 0.609375 0.046875 0.046875
3 0.529687 0.607812 0.015625 0.046875
3 0.249219 0.610156 0.035937 0.051562
3 0.190625 0.609375 0.075000 0.050000
3 0.490625 0.607031 0.056250 0.048438
3 0.341406 0.611719 0.129688 0.057813
3 0.446875 0.605469 0.015625 0.048438
3 0.425781 0.605469 0.020313 0.048438
4 0.126562 0.505469 0.075000 0.101562
4 0.238281 0.525781 0.095312 0.229687
4 0.871875 0.435937 0.046875 0.100000
4 0.638281 0.467969 0.060937 0.307812
8 0.878125 0.578906 0.112500 0.204687
8 0.969531 0.582812 0.060937 0.215625
12 0.625781 0.707031 0.342187 0.076563
12 0.165625 0.687500 0.331250 0.043750
21 0.784375 0.635938 0.021875 0.043750
21 0.192188 0.626563 0.059375 0.056250
21 0.032031 0.612500 0.051562 0.031250
21 0.678125 0.627344 0.109375 0.067187
22 0.784375 0.635938 0.021875 0.043750
22 0.192188 0.626563 0.059375 0.056250
22 0.032031 0.612500 0.051562 0.031250
22 0.678125 0.627344 0.109375 0.067187