0 0.279687 0.598437 0.031250 0.050000
0 0.442188 0.575781 0.046875 0.073438
0 0.976562 0.482812 0.046875 0.065625
0 0.922656 0.482812 0.035937 0.068750
0 0.794531 0.453125 0.029687 0.056250
0 0.973437 0.381250 0.053125 0.053125
0 0.462500 0.415625 0.100000 0.184375
0 0.745313 0.265625 0.246875 0.475000
0 0.939063 0.106250 0.121875 0.212500
0 0.223438 0.314063 0.446875 0.628125
2 0.624219 0.865625 0.376563 0.268750
2 0.511719 0.600000 0.076563 0.065625
2 0.971094 0.539844 0.057813 0.029687
2 0.824219 0.526563 0.223438 0.040625
4 0.538281 0.433594 0.023438 0.148438
4 0.520312 0.384375 0.034375 0.278125
4 0.751563 0.330469 0.062500 0.289062
4 0.876563 0.270313 0.018750 0.540625
4 0.607812 0.368750 0.071875 0.737500
21 0.571875 0.500781 0.037500 0.032813
21 0.446875 0.508594 0.031250 0.048438
21 0.492188 0.509375 0.043750 0.056250
21 0.683594 0.495312 0.101562 0.056250
21 0.100000 0.680469 0.200000 0.448437
22 0.571875 0.500781 0.037500 0.032813
22 0.446875 0.508594 0.031250 0.048438
22 0.492188 0.509375 0.043750 0.056250
22 0.683594 0.495312 0.101562 0.056250
22 0.100000 0.680469 0.200000 0.448437