0 0.953906 0.584375 0.010937 0.075000
0 0.631250 0.557031 0.021875 0.029687
0 0.703906 0.552344 0.054688 0.023438
0 0.659375 0.551562 0.031250 0.034375
0 0.502344 0.545312 0.020313 0.053125
0 0.511719 0.558594 0.010937 0.085938
0 0.567969 0.554688 0.098437 0.093750
0 0.425000 0.468750 0.131250 0.146875
2 0.967187 0.656250 0.065625 0.021875
2 0.655469 0.615625 0.151562 0.025000
3 0.711719 0.564844 0.229687 0.048438
3 0.892969 0.591406 0.114062 0.104688
3 0.467969 0.547656 0.060937 0.032813
3 0.979688 0.539844 0.040625 0.092188
5 0.803906 0.609375 0.045312 0.043750
5 0.678125 0.606250 0.203125 0.037500
5 0.972656 0.617969 0.054688 0.064062
5 0.479687 0.583594 0.062500 0.057813
13 0.139063 0.711719 0.278125 0.214062
13 0.341406 0.635156 0.117188 0.079687
13 0.453125 0.578906 0.037500 0.067187
13 0.589063 0.493750 0.059375 0.015625
13 0.499219 0.473438 0.054688 0.031250
13 0.217969 0.373437 0.435937 0.746875