0 0.295312 0.557813 0.021875 0.043750
0 0.245312 0.557813 0.015625 0.075000
0 0.963281 0.518750 0.023438 0.046875
0 0.264062 0.543750 0.025000 0.103125
0 0.143750 0.521875 0.040625 0.134375
0 0.203125 0.521875 0.078125 0.159375
0 0.571875 0.479687 0.056250 0.109375
0 0.654687 0.488281 0.075000 0.160938
0 0.053906 0.509375 0.107813 0.206250
0 0.512500 0.470313 0.053125 0.137500
0 0.564844 0.410938 0.048438 0.037500
0 0.771875 0.460938 0.162500 0.175000
2 0.882031 0.707031 0.235937 0.204687
3 0.452344 0.554688 0.032813 0.031250
3 0.495312 0.557813 0.040625 0.040625
3 0.526563 0.556250 0.021875 0.040625
3 0.565625 0.553906 0.025000 0.042188
3 0.590625 0.547656 0.021875 0.035937
5 0.775781 0.562500 0.157812 0.012500
5 0.990625 0.550000 0.018750 0.100000
21 0.225000 0.588281 0.043750 0.026562
21 0.378906 0.635156 0.189062 0.170313
22 0.225000 0.588281 0.043750 0.026562
22 0.378906 0.635156 0.189062 0.170313