0 0.945312 0.585938 0.034375 0.059375
0 0.006250 0.571875 0.012500 0.056250
0 0.043750 0.569531 0.046875 0.054688
0 0.337500 0.532031 0.018750 0.048438
0 0.756250 0.532031 0.037500 0.079687
0 0.045312 0.500000 0.050000 0.062500
0 0.005469 0.496875 0.010937 0.059375
0 0.471094 0.475000 0.032813 0.025000
0 0.296094 0.503906 0.010937 0.082812
0 0.890625 0.498437 0.018750 0.084375
0 0.853125 0.489063 0.050000 0.071875
0 0.592969 0.396875 0.029687 0.025000
0 0.630469 0.453906 0.035937 0.170313
0 0.172656 0.412500 0.345313 0.365625
0 0.903125 0.271875 0.193750 0.543750
0 0.734375 0.289844 0.156250 0.579688
2 0.928125 0.662500 0.143750 0.106250
2 0.795312 0.607812 0.040625 0.059375
2 0.746875 0.588281 0.059375 0.051562
4 0.820312 0.490625 0.021875 0.081250
4 0.016406 0.515625 0.032813 0.178125
4 0.648438 0.446875 0.012500 0.109375
4 0.814063 0.349219 0.021875 0.139063
4 0.808594 0.216406 0.017188 0.045312
4 0.802344 0.050000 0.017188 0.100000
6 0.177344 0.562500 0.079687 0.071875
6 0.489844 0.537500 0.054688 0.071875
10 0.534375 0.614844 0.034375 0.064062
14 0.532031 0.570312 0.048438 0.096875
21 0.269531 0.569531 0.029687 0.026562
21 0.571875 0.549219 0.065625 0.039062
21 0.673438 0.567187 0.090625 0.109375
22 0.269531 0.569531 0.029687 0.026562
22 0.571875 0.549219 0.065625 0.039062
22 0.673438 0.567187 0.090625 0.109375