0 0.971875 0.693750 0.031250 0.034375
0 0.745313 0.688281 0.068750 0.045312
0 0.092188 0.633594 0.025000 0.029687
0 0.570312 0.638281 0.018750 0.076563
0 0.623437 0.632812 0.090625 0.143750
0 0.689844 0.541406 0.032813 0.029687
10 0.533594 0.825000 0.051562 0.115625
10 0.205469 0.775000 0.042188 0.081250
10 0.964063 0.735156 0.018750 0.035937
10 0.934375 0.729688 0.034375 0.046875
14 0.558594 0.814063 0.023438 0.050000
14 0.950000 0.718750 0.018750 0.068750
14 0.210156 0.724219 0.045312 0.135937
14 0.529687 0.750000 0.071875 0.193750
21 0.990625 0.764062 0.018750 0.100000
21 0.972656 0.710938 0.029687 0.021875
21 0.047656 0.706250 0.079687 0.046875
21 0.508594 0.695312 0.026562 0.034375
21 0.189062 0.695312 0.025000 0.046875
21 0.370312 0.742969 0.221875 0.210938
22 0.990625 0.764062 0.018750 0.100000
22 0.972656 0.710938 0.029687 0.021875
22 0.047656 0.706250 0.079687 0.046875
22 0.508594 0.695312 0.026562 0.034375
22 0.189062 0.695312 0.025000 0.046875
22 0.370312 0.742969 0.221875 0.210938