0 0.453906 0.575781 0.017188 0.045312
0 0.484375 0.565625 0.025000 0.071875
0 0.428125 0.557031 0.015625 0.079687
0 0.405469 0.552344 0.029687 0.085938
0 0.504687 0.533594 0.043750 0.114062
0 0.761719 0.458594 0.164062 0.345313
0 0.935156 0.389844 0.129688 0.354687
0 0.171094 0.485156 0.342187 0.629687
1 0.946875 0.087500 0.025000 0.031250
2 0.861719 0.773438 0.276562 0.168750
2 0.647656 0.649219 0.142187 0.101562
3 0.071094 0.752344 0.142187 0.301563
3 0.332813 0.637500 0.053125 0.109375
4 0.378906 0.485156 0.007812 0.214062
4 0.632812 0.458594 0.015625 0.195312
4 0.853906 0.271094 0.048438 0.542188
12 0.492969 0.646094 0.223438 0.010937
13 0.619531 0.539062 0.017188 0.034375
21 0.012500 0.592969 0.025000 0.026562
21 0.058594 0.591406 0.054688 0.026562
21 0.118750 0.585156 0.046875 0.035937
21 0.535156 0.583594 0.067187 0.035937
21 0.617969 0.592187 0.064062 0.078125
21 0.856250 0.641406 0.287500 0.320312
22 0.012500 0.592969 0.025000 0.026562
22 0.058594 0.591406 0.054688 0.026562
22 0.118750 0.585156 0.046875 0.035937
22 0.535156 0.583594 0.067187 0.035937
22 0.617969 0.592187 0.064062 0.078125
22 0.856250 0.641406 0.287500 0.320312