0 0.502344 0.660156 0.032813 0.032813
0 0.082812 0.659375 0.031250 0.053125
0 0.626563 0.638281 0.025000 0.035937
0 0.917969 0.630469 0.123438 0.073438
0 0.992188 0.610156 0.015625 0.048438
0 0.701562 0.599219 0.015625 0.039062
0 0.712500 0.580469 0.040625 0.070312
0 0.550781 0.478906 0.010937 0.189062
0 0.471875 0.516406 0.021875 0.376563
0 0.503906 0.463281 0.057813 0.276562
0 0.529687 0.442969 0.046875 0.279687
0 0.713281 0.442969 0.310937 0.304688
2 0.834375 0.878125 0.331250 0.128125
2 0.519531 0.737500 0.107813 0.034375
4 0.250781 0.636719 0.007812 0.079687
4 0.131250 0.628906 0.018750 0.207813
16 0.840625 0.799219 0.081250 0.210938
21 0.342187 0.741406 0.250000 0.189062
21 0.740625 0.684375 0.518750 0.165625
21 0.065625 0.741406 0.131250 0.339062
22 0.342187 0.741406 0.250000 0.189062
22 0.740625 0.684375 0.518750 0.165625
22 0.065625 0.741406 0.131250 0.339062