0 0.439063 0.653906 0.015625 0.042188
0 0.579688 0.657813 0.034375 0.068750
0 0.549219 0.657031 0.023438 0.067187
0 0.275000 0.639844 0.018750 0.045312
0 0.313281 0.622656 0.098437 0.082812
0 0.931250 0.579688 0.043750 0.068750
0 0.918750 0.509375 0.028125 0.031250
0 0.832812 0.520312 0.118750 0.215625
0 0.867188 0.390625 0.025000 0.037500
0 0.911719 0.405469 0.035937 0.073438
0 0.046875 0.510156 0.093750 0.292187
0 0.950000 0.355469 0.053125 0.104688
2 0.782031 0.862500 0.435937 0.275000
2 0.613281 0.727344 0.117188 0.039062
2 0.505469 0.699219 0.064062 0.017188
3 0.651563 0.676562 0.037500 0.078125
3 0.957812 0.687500 0.084375 0.193750
3 0.832031 0.667969 0.154688 0.195312
4 0.667188 0.398438 0.056250 0.796875
4 0.158594 0.156250 0.317188 0.312500
5 0.007812 0.672656 0.015625 0.042188
6 0.244531 0.674219 0.042188 0.042188
21 0.159375 0.697656 0.040625 0.020313
21 0.125781 0.687500 0.023438 0.040625
21 0.352344 0.675781 0.039062 0.023438
21 0.206250 0.679688 0.046875 0.046875
21 0.050000 0.687500 0.100000 0.065625
21 0.296094 0.669531 0.048438 0.042188
22 0.159375 0.697656 0.040625 0.020313
22 0.125781 0.687500 0.023438 0.040625
22 0.352344 0.675781 0.039062 0.023438
22 0.206250 0.679688 0.046875 0.046875
22 0.050000 0.687500 0.100000 0.065625
22 0.296094 0.669531 0.048438 0.042188