0 0.826562 0.677344 0.040625 0.020313
0 0.600781 0.682031 0.029687 0.035937
0 0.318750 0.689844 0.046875 0.060937
0 0.773438 0.679688 0.059375 0.043750
0 0.555469 0.678125 0.051562 0.050000
0 0.207813 0.682813 0.168750 0.059375
0 0.467187 0.678125 0.075000 0.056250
0 0.372656 0.682031 0.029687 0.064062
0 0.724219 0.674219 0.035937 0.054688
0 0.025000 0.625781 0.050000 0.042188
0 0.982812 0.659375 0.034375 0.140625
3 0.145313 0.716406 0.040625 0.017188
3 0.955469 0.707031 0.029687 0.026562
3 0.926562 0.706250 0.018750 0.028125
4 0.947656 0.653125 0.014063 0.081250
4 0.903125 0.635156 0.093750 0.192188
4 0.861719 0.498437 0.057813 0.096875
4 0.142187 0.514844 0.100000 0.495312
21 0.114844 0.739844 0.023438 0.029687
21 0.017969 0.734375 0.029687 0.037500
21 0.075781 0.731250 0.039062 0.043750
21 0.251563 0.720313 0.096875 0.043750
21 0.641406 0.696875 0.035937 0.028125
21 0.825000 0.734375 0.134375 0.106250
22 0.114844 0.739844 0.023438 0.029687
22 0.017969 0.734375 0.029687 0.037500
22 0.075781 0.731250 0.039062 0.043750
22 0.251563 0.720313 0.096875 0.043750
22 0.641406 0.696875 0.035937 0.028125
22 0.825000 0.734375 0.134375 0.106250