0 0.760156 0.450781 0.032813 0.164062
0 0.797656 0.401562 0.048438 0.331250
0 0.910156 0.279687 0.179688 0.559375
0 0.342969 0.284375 0.685937 0.568750
2 0.875000 0.756250 0.250000 0.387500
21 0.747656 0.549219 0.064062 0.042188
21 0.525000 0.542188 0.062500 0.034375
21 0.593750 0.533594 0.025000 0.026562
21 0.437500 0.542188 0.093750 0.050000
21 0.253906 0.550781 0.204687 0.070312
21 0.070312 0.551562 0.140625 0.093750
21 0.904687 0.694531 0.190625 0.404687
22 0.747656 0.549219 0.064062 0.042188
22 0.525000 0.542188 0.062500 0.034375
22 0.593750 0.533594 0.025000 0.026562
22 0.437500 0.542188 0.093750 0.050000
22 0.253906 0.550781 0.204687 0.070312
22 0.070312 0.551562 0.140625 0.093750
22 0.904687 0.694531 0.190625 0.404687