0 0.935156 0.484375 0.089063 0.075000
0 0.888281 0.471875 0.020313 0.084375
0 0.989844 0.439844 0.020313 0.098437
0 0.869531 0.450000 0.020313 0.143750
0 0.828906 0.442188 0.067187 0.171875
0 0.837500 0.310156 0.071875 0.126562
0 0.400781 0.264062 0.801562 0.528125
2 0.396094 0.584375 0.792188 0.171875
21 0.743750 0.511719 0.018750 0.032813
21 0.929688 0.712500 0.140625 0.450000
21 0.703906 0.494531 0.039062 0.035937
22 0.743750 0.511719 0.018750 0.032813
22 0.929688 0.712500 0.140625 0.450000
22 0.703906 0.494531 0.039062 0.035937