0 0.745313 0.652344 0.018750 0.045312
0 0.722656 0.650000 0.020313 0.050000
0 0.906250 0.650781 0.068750 0.054688
0 0.813281 0.650781 0.067187 0.060937
2 0.082031 0.843750 0.160938 0.031250
2 0.896094 0.875781 0.207813 0.157812
2 0.835938 0.782031 0.090625 0.017188
2 0.700000 0.807031 0.162500 0.085938
2 0.554688 0.697656 0.068750 0.032813
3 0.825000 0.690625 0.034375 0.015625
3 0.681250 0.675781 0.056250 0.039062
3 0.954688 0.665625 0.081250 0.025000
4 0.709375 0.600781 0.015625 0.223438
4 0.843750 0.503125 0.115625 0.643750
21 0.421875 0.695312 0.043750 0.043750
21 0.495312 0.685156 0.028125 0.032813
22 0.421875 0.695312 0.043750 0.043750
22 0.495312 0.685156 0.028125 0.032813