0 0.477344 0.658594 0.017188 0.032813
0 0.269531 0.653906 0.104688 0.026562
0 0.191406 0.650781 0.045312 0.032813
0 0.648438 0.636719 0.031250 0.064062
0 0.785156 0.636719 0.048438 0.070312
0 0.937500 0.621094 0.025000 0.042188
0 0.835156 0.625000 0.035937 0.065625
0 0.544531 0.628906 0.070312 0.126562
0 0.139844 0.575000 0.017188 0.059375
2 0.985156 0.833594 0.029687 0.073438
2 0.711719 0.708594 0.576562 0.023438
21 0.025000 0.670312 0.037500 0.021875
21 0.157812 0.678125 0.175000 0.081250
22 0.025000 0.670312 0.037500 0.021875
22 0.157812 0.678125 0.175000 0.081250