0 0.021875 0.733594 0.043750 0.032813
0 0.321094 0.719531 0.023438 0.035937
0 0.358594 0.720313 0.048438 0.040625
0 0.553906 0.718750 0.082812 0.062500
0 0.477344 0.713281 0.064062 0.054688
0 0.630469 0.675000 0.026562 0.075000
0 0.657813 0.635156 0.025000 0.148438
0 0.682031 0.618750 0.017188 0.143750
0 0.847656 0.614062 0.304688 0.315625
2 0.921875 0.978906 0.156250 0.042188
2 0.500000 0.782813 0.200000 0.084375
21 0.040625 0.759375 0.081250 0.031250
21 0.170313 0.751563 0.053125 0.021875
21 0.118750 0.753906 0.028125 0.026562
21 0.321875 0.747656 0.153125 0.070312
21 0.931250 0.728125 0.137500 0.106250
22 0.040625 0.759375 0.081250 0.031250
22 0.170313 0.751563 0.053125 0.021875
22 0.118750 0.753906 0.028125 0.026562
22 0.321875 0.747656 0.153125 0.070312
22 0.931250 0.728125 0.137500 0.106250