0 0.663281 0.537500 0.023438 0.031250
0 0.626563 0.530469 0.046875 0.029687
0 0.573438 0.528906 0.053125 0.026562
0 0.802344 0.507812 0.023438 0.028125
0 0.534375 0.494531 0.018750 0.101562
0 0.509375 0.485156 0.028125 0.082812
0 0.475781 0.440625 0.023438 0.028125
0 0.224219 0.311719 0.207813 0.620313
0 0.092969 0.321875 0.185938 0.640625
2 0.871094 0.633594 0.073438 0.026562
2 0.272656 0.625000 0.029687 0.021875
2 0.127344 0.667969 0.254688 0.145313
2 0.960938 0.612500 0.078125 0.046875
2 0.889844 0.596094 0.035937 0.042188
2 0.781250 0.585156 0.068750 0.057813
3 0.309375 0.574219 0.125000 0.082812
3 0.477344 0.533594 0.089063 0.026562
3 0.416406 0.527344 0.029687 0.032813
3 0.366406 0.525000 0.067187 0.031250
7 0.307812 0.595313 0.012500 0.056250
7 0.322656 0.594531 0.017188 0.057813
11 0.794531 0.535156 0.039062 0.029687
18 0.962500 0.514844 0.050000 0.039062
18 0.960938 0.465625 0.050000 0.046875
21 0.889844 0.544531 0.039062 0.039062
22 0.889844 0.544531 0.039062 0.039062