0 0.632031 0.571094 0.014063 0.101562
0 0.800781 0.575000 0.126562 0.115625
0 0.891406 0.566406 0.042188 0.114062
0 0.965625 0.568750 0.068750 0.137500
0 0.223438 0.525000 0.040625 0.056250
0 0.368750 0.535937 0.043750 0.100000
0 0.963281 0.421875 0.073438 0.059375
0 0.178906 0.392188 0.048438 0.068750
0 0.505469 0.476562 0.235937 0.309375
0 0.663281 0.485938 0.126562 0.340625
0 0.293750 0.403906 0.059375 0.317188
0 0.992188 0.267969 0.015625 0.051562
0 0.094531 0.273438 0.189062 0.537500
0 0.957031 0.047656 0.085938 0.095312
0 0.743750 0.253125 0.343750 0.506250
2 0.967969 0.724219 0.064062 0.101562
2 0.656250 0.662500 0.121875 0.040625
2 0.569531 0.627344 0.098437 0.017188
4 0.258594 0.534375 0.014063 0.037500
4 0.344531 0.534375 0.014063 0.103125
4 0.645312 0.494531 0.021875 0.248438
4 0.348438 0.399219 0.031250 0.085938
4 0.589063 0.430469 0.296875 0.376563
4 0.285938 0.149219 0.081250 0.185938
9 0.878125 0.691406 0.068750 0.070312
21 0.891406 0.641406 0.042188 0.089063
21 0.967187 0.646875 0.065625 0.103125
21 0.441406 0.619531 0.160938 0.117188
21 0.174219 0.671875 0.348438 0.278125
22 0.891406 0.641406 0.042188 0.089063
22 0.967187 0.646875 0.065625 0.103125
22 0.441406 0.619531 0.160938 0.117188
22 0.174219 0.671875 0.348438 0.278125