0 0.753125 0.660156 0.037500 0.057813
0 0.321875 0.680469 0.053125 0.098437
0 0.819531 0.665625 0.057813 0.071875
0 0.235937 0.660156 0.090625 0.079687
0 0.866406 0.662500 0.014063 0.106250
0 0.936719 0.617188 0.126562 0.209375
2 0.892969 0.800000 0.214062 0.112500
3 0.706250 0.709375 0.031250 0.031250
3 0.608594 0.709375 0.026562 0.037500
3 0.751563 0.706250 0.043750 0.037500
4 0.782031 0.732812 0.020313 0.100000
4 0.365625 0.549219 0.031250 0.217188
4 0.713281 0.585938 0.032813 0.306250
4 0.182031 0.514062 0.042188 0.231250
4 0.864844 0.535937 0.039062 0.418750
4 0.295312 0.497656 0.037500 0.489063
4 0.699219 0.417187 0.185938 0.478125
4 0.974219 0.298438 0.051562 0.384375
13 0.250781 0.608594 0.064062 0.023438
13 0.824219 0.606250 0.070312 0.037500
13 0.752344 0.594531 0.035937 0.035937
13 0.330469 0.595313 0.060937 0.059375
13 0.466406 0.585156 0.201563 0.051562
21 0.585938 0.707031 0.037500 0.045312
21 0.440625 0.743750 0.243750 0.312500
21 0.139063 0.736719 0.278125 0.342187
22 0.585938 0.707031 0.037500 0.045312
22 0.440625 0.743750 0.243750 0.312500
22 0.139063 0.736719 0.278125 0.342187