0 0.953906 0.811719 0.092188 0.185938
0 0.023438 0.603125 0.046875 0.243750
0 0.524219 0.255469 0.017188 0.060937
0 0.535156 0.189062 0.039062 0.065625
0 0.083594 0.334375 0.045312 0.400000
0 0.024219 0.241406 0.048438 0.251563
0 0.784375 0.197656 0.071875 0.292187
0 0.930469 0.184375 0.123438 0.309375
0 0.301563 0.310937 0.390625 0.621875
1 0.508594 0.228125 0.032813 0.025000
3 0.259375 0.489844 0.065625 0.035937
4 0.394531 0.428125 0.004687 0.190625
4 0.570312 0.380469 0.018750 0.120313
4 0.511719 0.262500 0.010937 0.062500
4 0.499219 0.132812 0.048438 0.171875
4 0.551562 0.151562 0.053125 0.303125
20 0.417969 0.477344 0.023438 0.042188
21 0.028906 0.632031 0.039062 0.173437
21 0.145313 0.628125 0.071875 0.193750
21 0.083594 0.620313 0.035937 0.178125
21 0.374219 0.525781 0.020313 0.032813
21 0.660156 0.646094 0.385937 0.379688
22 0.028906 0.632031 0.039062 0.173437
22 0.145313 0.628125 0.071875 0.193750
22 0.083594 0.620313 0.035937 0.178125
22 0.374219 0.525781 0.020313 0.032813
22 0.660156 0.646094 0.385937 0.379688